13° run output:
{
    "Function": "kroA300.tsp",
    "Problem dimension": [
        149,
        163,
        287,
        169,
        289,
        202,
        263,
        247,
        72,
        274,
        124,
        226,
        49,
        293,
        93,
        239,
        76,
        140,
        177,
        97,
        224,
        66,
        81,
        125,
        61,
        53,
        255,
        237,
        56,
        143,
        69,
        219,
        104,
        215,
        23,
        109,
        44,
        159,
        136,
        17,
        39,
        249,
        261,
        130,
        241,
        161,
        146,
        191,
        269,
        253,
        201,
        154,
        192,
        209,
        107,
        43,
        75,
        20,
        189,
        120,
        106,
        5,
        197,
        26,
        155,
        18,
        42,
        290,
        74,
        234,
        73,
        283,
        217,
        29,
        19,
        89,
        298,
        206,
        205,
        246,
        196,
        168,
        67,
        248,
        123,
        25,
        86,
        10,
        98,
        185,
        54,
        170,
        297,
        24,
        279,
        144,
        6,
        273,
        164,
        172,
        111,
        251,
        165,
        9,
        94,
        265,
        16,
        7,
        221,
        229,
        244,
        190,
        268,
        57,
        235,
        264,
        64,
        147,
        1,
        182,
        127,
        105,
        52,
        171,
        282,
        227,
        299,
        218,
        187,
        141,
        85,
        267,
        142,
        199,
        90,
        260,
        15,
        95,
        281,
        208,
        34,
        285,
        126,
        88,
        254,
        238,
        181,
        211,
        225,
        22,
        184,
        108,
        148,
        193,
        119,
        70,
        256,
        210,
        223,
        270,
        266,
        296,
        14,
        8,
        13,
        245,
        50,
        258,
        280,
        212,
        68,
        36,
        174,
        156,
        288,
        112,
        216,
        188,
        0,
        3,
        102,
        286,
        259,
        128,
        139,
        41,
        132,
        71,
        294,
        278,
        12,
        78,
        186,
        129,
        284,
        59,
        292,
        60,
        48,
        133,
        138,
        242,
        262,
        178,
        121,
        115,
        31,
        180,
        79,
        51,
        92,
        214,
        27,
        113,
        277,
        46,
        233,
        153,
        84,
        243,
        252,
        131,
        63,
        110,
        183,
        222,
        200,
        220,
        65,
        207,
        58,
        99,
        62,
        145,
        236,
        33,
        232,
        160,
        228,
        4,
        195,
        37,
        21,
        87,
        276,
        151,
        55,
        114,
        40,
        213,
        179,
        230,
        96,
        91,
        11,
        152,
        157,
        271,
        82,
        134,
        38,
        150,
        116,
        162,
        272,
        167,
        45,
        166,
        203,
        158,
        204,
        101,
        250,
        231,
        30,
        35,
        117,
        173,
        103,
        77,
        295,
        175,
        198,
        275,
        291,
        2,
        100,
        176,
        122,
        194,
        257,
        28,
        32,
        118,
        83,
        47,
        135,
        137,
        80,
        240
    ],
    "Global Optimum": 0,
    "Algorithm": "Genetic algorithm",
    "Parameters": {
        "population": 30,
        "offspring": 30,
        "mutation probability": 0.0033333333333333335,
        "crossover probability": 0.9
    },
    "Fitness": 354971,
    "Solution": [
        149,
        163,
        287,
        169,
        289,
        202,
        263,
        247,
        72,
        274,
        124,
        226,
        49,
        293,
        93,
        239,
        76,
        140,
        177,
        97,
        224,
        66,
        81,
        125,
        61,
        53,
        255,
        237,
        56,
        143,
        69,
        219,
        104,
        215,
        23,
        109,
        44,
        159,
        136,
        17,
        39,
        249,
        261,
        130,
        241,
        161,
        146,
        191,
        269,
        253,
        201,
        154,
        192,
        209,
        107,
        43,
        75,
        20,
        189,
        120,
        106,
        5,
        197,
        26,
        155,
        18,
        42,
        290,
        74,
        234,
        73,
        283,
        217,
        29,
        19,
        89,
        298,
        206,
        205,
        246,
        196,
        168,
        67,
        248,
        123,
        25,
        86,
        10,
        98,
        185,
        54,
        170,
        297,
        24,
        279,
        144,
        6,
        273,
        164,
        172,
        111,
        251,
        165,
        9,
        94,
        265,
        16,
        7,
        221,
        229,
        244,
        190,
        268,
        57,
        235,
        264,
        64,
        147,
        1,
        182,
        127,
        105,
        52,
        171,
        282,
        227,
        299,
        218,
        187,
        141,
        85,
        267,
        142,
        199,
        90,
        260,
        15,
        95,
        281,
        208,
        34,
        285,
        126,
        88,
        254,
        238,
        181,
        211,
        225,
        22,
        184,
        108,
        148,
        193,
        119,
        70,
        256,
        210,
        223,
        270,
        266,
        296,
        14,
        8,
        13,
        245,
        50,
        258,
        280,
        212,
        68,
        36,
        174,
        156,
        288,
        112,
        216,
        188,
        0,
        3,
        102,
        286,
        259,
        128,
        139,
        41,
        132,
        71,
        294,
        278,
        12,
        78,
        186,
        129,
        284,
        59,
        292,
        60,
        48,
        133,
        138,
        242,
        262,
        178,
        121,
        115,
        31,
        180,
        79,
        51,
        92,
        214,
        27,
        113,
        277,
        46,
        233,
        153,
        84,
        243,
        252,
        131,
        63,
        110,
        183,
        222,
        200,
        220,
        65,
        207,
        58,
        99,
        62,
        145,
        236,
        33,
        232,
        160,
        228,
        4,
        195,
        37,
        21,
        87,
        276,
        151,
        55,
        114,
        40,
        213,
        179,
        230,
        96,
        91,
        11,
        152,
        157,
        271,
        82,
        134,
        38,
        150,
        116,
        162,
        272,
        167,
        45,
        166,
        203,
        158,
        204,
        101,
        250,
        231,
        30,
        35,
        117,
        173,
        103,
        77,
        295,
        175,
        198,
        275,
        291,
        2,
        100,
        176,
        122,
        194,
        257,
        28,
        32,
        118,
        83,
        47,
        135,
        137,
        80,
        240
    ],
    "Nb of functions evaluations": 50010,
    "Computational time in seconds": 142.52910351753235,
    "Stopping criterion in evaluations": 50000
}