26° run output:
{
    "Function": "kroB150.tsp",
    "Problem dimension": [
        1,
        130,
        93,
        94,
        122,
        80,
        86,
        67,
        106,
        26,
        17,
        11,
        45,
        140,
        13,
        83,
        62,
        126,
        145,
        15,
        95,
        91,
        143,
        75,
        29,
        129,
        12,
        39,
        65,
        102,
        43,
        89,
        57,
        108,
        97,
        53,
        2,
        76,
        20,
        120,
        101,
        110,
        16,
        24,
        5,
        59,
        142,
        18,
        104,
        47,
        98,
        42,
        71,
        84,
        28,
        136,
        7,
        111,
        87,
        55,
        70,
        115,
        48,
        35,
        73,
        44,
        56,
        3,
        114,
        146,
        109,
        54,
        103,
        34,
        135,
        9,
        149,
        96,
        68,
        92,
        77,
        8,
        81,
        117,
        40,
        22,
        69,
        132,
        21,
        125,
        72,
        51,
        10,
        127,
        32,
        99,
        36,
        141,
        23,
        31,
        64,
        105,
        133,
        82,
        137,
        112,
        119,
        50,
        6,
        25,
        138,
        85,
        118,
        61,
        41,
        66,
        14,
        46,
        30,
        52,
        124,
        63,
        121,
        148,
        74,
        19,
        79,
        58,
        139,
        88,
        90,
        49,
        147,
        144,
        113,
        33,
        107,
        38,
        100,
        37,
        78,
        116,
        60,
        134,
        131,
        0,
        123,
        4,
        27,
        128
    ],
    "Global Optimum": 0,
    "Algorithm": "Genetic algorithm",
    "Parameters": {
        "population": 30,
        "offspring": 30,
        "mutation probability": 0.006666666666666667,
        "crossover probability": 0.9
    },
    "Fitness": 117910,
    "Solution": [
        1,
        130,
        93,
        94,
        122,
        80,
        86,
        67,
        106,
        26,
        17,
        11,
        45,
        140,
        13,
        83,
        62,
        126,
        145,
        15,
        95,
        91,
        143,
        75,
        29,
        129,
        12,
        39,
        65,
        102,
        43,
        89,
        57,
        108,
        97,
        53,
        2,
        76,
        20,
        120,
        101,
        110,
        16,
        24,
        5,
        59,
        142,
        18,
        104,
        47,
        98,
        42,
        71,
        84,
        28,
        136,
        7,
        111,
        87,
        55,
        70,
        115,
        48,
        35,
        73,
        44,
        56,
        3,
        114,
        146,
        109,
        54,
        103,
        34,
        135,
        9,
        149,
        96,
        68,
        92,
        77,
        8,
        81,
        117,
        40,
        22,
        69,
        132,
        21,
        125,
        72,
        51,
        10,
        127,
        32,
        99,
        36,
        141,
        23,
        31,
        64,
        105,
        133,
        82,
        137,
        112,
        119,
        50,
        6,
        25,
        138,
        85,
        118,
        61,
        41,
        66,
        14,
        46,
        30,
        52,
        124,
        63,
        121,
        148,
        74,
        19,
        79,
        58,
        139,
        88,
        90,
        49,
        147,
        144,
        113,
        33,
        107,
        38,
        100,
        37,
        78,
        116,
        60,
        134,
        131,
        0,
        123,
        4,
        27,
        128
    ],
    "Nb of functions evaluations": 200010,
    "Computational time in seconds": 100.86237573623657,
    "Stopping criterion in evaluations": 200000
}