1° run output:
{
    "Function": "kroB150.tsp",
    "Problem dimension": [
        145,
        131,
        136,
        0,
        103,
        137,
        100,
        27,
        22,
        2,
        32,
        83,
        149,
        10,
        126,
        50,
        5,
        41,
        23,
        81,
        106,
        109,
        14,
        78,
        63,
        88,
        139,
        59,
        129,
        64,
        148,
        111,
        33,
        117,
        58,
        132,
        49,
        4,
        42,
        118,
        37,
        85,
        69,
        93,
        120,
        74,
        112,
        55,
        87,
        54,
        60,
        8,
        31,
        43,
        102,
        47,
        143,
        86,
        95,
        56,
        72,
        40,
        1,
        53,
        101,
        29,
        71,
        144,
        108,
        133,
        105,
        147,
        16,
        57,
        38,
        75,
        110,
        13,
        127,
        65,
        15,
        82,
        123,
        61,
        146,
        26,
        104,
        92,
        115,
        17,
        3,
        48,
        45,
        84,
        79,
        114,
        76,
        20,
        121,
        128,
        122,
        94,
        30,
        52,
        36,
        51,
        77,
        6,
        124,
        98,
        134,
        11,
        66,
        21,
        107,
        97,
        70,
        73,
        135,
        99,
        9,
        39,
        19,
        34,
        90,
        130,
        138,
        25,
        116,
        89,
        24,
        125,
        46,
        67,
        91,
        62,
        12,
        7,
        113,
        28,
        141,
        18,
        142,
        68,
        35,
        96,
        44,
        119,
        140,
        80
    ],
    "Global Optimum": 0,
    "Algorithm": "Genetic algorithm",
    "Parameters": {
        "population": 30,
        "offspring": 30,
        "mutation probability": 0.006666666666666667,
        "crossover probability": 0.9
    },
    "Fitness": 114395,
    "Solution": [
        145,
        131,
        136,
        0,
        103,
        137,
        100,
        27,
        22,
        2,
        32,
        83,
        149,
        10,
        126,
        50,
        5,
        41,
        23,
        81,
        106,
        109,
        14,
        78,
        63,
        88,
        139,
        59,
        129,
        64,
        148,
        111,
        33,
        117,
        58,
        132,
        49,
        4,
        42,
        118,
        37,
        85,
        69,
        93,
        120,
        74,
        112,
        55,
        87,
        54,
        60,
        8,
        31,
        43,
        102,
        47,
        143,
        86,
        95,
        56,
        72,
        40,
        1,
        53,
        101,
        29,
        71,
        144,
        108,
        133,
        105,
        147,
        16,
        57,
        38,
        75,
        110,
        13,
        127,
        65,
        15,
        82,
        123,
        61,
        146,
        26,
        104,
        92,
        115,
        17,
        3,
        48,
        45,
        84,
        79,
        114,
        76,
        20,
        121,
        128,
        122,
        94,
        30,
        52,
        36,
        51,
        77,
        6,
        124,
        98,
        134,
        11,
        66,
        21,
        107,
        97,
        70,
        73,
        135,
        99,
        9,
        39,
        19,
        34,
        90,
        130,
        138,
        25,
        116,
        89,
        24,
        125,
        46,
        67,
        91,
        62,
        12,
        7,
        113,
        28,
        141,
        18,
        142,
        68,
        35,
        96,
        44,
        119,
        140,
        80
    ],
    "Nb of functions evaluations": 200010,
    "Computational time in seconds": 101.32343649864197,
    "Stopping criterion in evaluations": 200000
}