8° run output:
{
    "Function": "kroB150.tsp",
    "Problem dimension": [
        58,
        122,
        90,
        34,
        64,
        142,
        67,
        118,
        55,
        128,
        110,
        53,
        19,
        52,
        45,
        136,
        92,
        59,
        30,
        103,
        148,
        133,
        111,
        16,
        82,
        112,
        74,
        21,
        105,
        107,
        24,
        57,
        89,
        33,
        116,
        145,
        81,
        6,
        39,
        106,
        72,
        2,
        86,
        126,
        79,
        7,
        42,
        147,
        100,
        27,
        85,
        22,
        135,
        99,
        140,
        124,
        0,
        84,
        69,
        130,
        120,
        71,
        144,
        108,
        113,
        66,
        46,
        68,
        121,
        138,
        93,
        94,
        101,
        104,
        60,
        8,
        134,
        11,
        18,
        141,
        15,
        28,
        36,
        50,
        17,
        114,
        29,
        129,
        115,
        91,
        13,
        48,
        146,
        3,
        78,
        132,
        37,
        75,
        47,
        149,
        32,
        44,
        26,
        14,
        109,
        54,
        63,
        41,
        49,
        4,
        87,
        97,
        139,
        35,
        83,
        51,
        127,
        77,
        119,
        96,
        73,
        88,
        40,
        143,
        102,
        62,
        43,
        31,
        23,
        25,
        131,
        12,
        5,
        61,
        123,
        38,
        70,
        125,
        80,
        56,
        9,
        65,
        98,
        76,
        1,
        137,
        117,
        20,
        95,
        10
    ],
    "Global Optimum": 0,
    "Algorithm": "Genetic algorithm",
    "Parameters": {
        "population": 30,
        "offspring": 30,
        "mutation probability": 0.006666666666666667,
        "crossover probability": 0.9
    },
    "Fitness": 112279,
    "Solution": [
        58,
        122,
        90,
        34,
        64,
        142,
        67,
        118,
        55,
        128,
        110,
        53,
        19,
        52,
        45,
        136,
        92,
        59,
        30,
        103,
        148,
        133,
        111,
        16,
        82,
        112,
        74,
        21,
        105,
        107,
        24,
        57,
        89,
        33,
        116,
        145,
        81,
        6,
        39,
        106,
        72,
        2,
        86,
        126,
        79,
        7,
        42,
        147,
        100,
        27,
        85,
        22,
        135,
        99,
        140,
        124,
        0,
        84,
        69,
        130,
        120,
        71,
        144,
        108,
        113,
        66,
        46,
        68,
        121,
        138,
        93,
        94,
        101,
        104,
        60,
        8,
        134,
        11,
        18,
        141,
        15,
        28,
        36,
        50,
        17,
        114,
        29,
        129,
        115,
        91,
        13,
        48,
        146,
        3,
        78,
        132,
        37,
        75,
        47,
        149,
        32,
        44,
        26,
        14,
        109,
        54,
        63,
        41,
        49,
        4,
        87,
        97,
        139,
        35,
        83,
        51,
        127,
        77,
        119,
        96,
        73,
        88,
        40,
        143,
        102,
        62,
        43,
        31,
        23,
        25,
        131,
        12,
        5,
        61,
        123,
        38,
        70,
        125,
        80,
        56,
        9,
        65,
        98,
        76,
        1,
        137,
        117,
        20,
        95,
        10
    ],
    "Nb of functions evaluations": 200010,
    "Computational time in seconds": 100.26733994483948,
    "Stopping criterion in evaluations": 200000
}