5° run output:
{
    "Function": "kroB150.tsp",
    "Problem dimension": [
        103,
        139,
        64,
        1,
        67,
        95,
        47,
        83,
        15,
        62,
        8,
        23,
        31,
        81,
        145,
        134,
        50,
        127,
        149,
        10,
        58,
        120,
        128,
        55,
        33,
        57,
        87,
        70,
        71,
        112,
        41,
        79,
        29,
        34,
        30,
        78,
        35,
        32,
        99,
        98,
        140,
        107,
        42,
        4,
        118,
        100,
        132,
        61,
        115,
        3,
        135,
        86,
        26,
        0,
        52,
        84,
        91,
        9,
        80,
        65,
        18,
        104,
        40,
        88,
        117,
        2,
        72,
        142,
        131,
        17,
        28,
        45,
        116,
        48,
        11,
        12,
        133,
        113,
        108,
        27,
        123,
        37,
        75,
        138,
        39,
        124,
        6,
        25,
        43,
        51,
        143,
        121,
        69,
        59,
        114,
        53,
        14,
        46,
        106,
        129,
        68,
        44,
        73,
        101,
        22,
        146,
        66,
        137,
        111,
        7,
        105,
        144,
        97,
        125,
        90,
        122,
        20,
        92,
        36,
        119,
        141,
        77,
        60,
        126,
        102,
        56,
        96,
        13,
        49,
        147,
        110,
        130,
        85,
        82,
        94,
        93,
        38,
        89,
        24,
        109,
        136,
        76,
        148,
        21,
        16,
        74,
        63,
        19,
        54,
        5
    ],
    "Global Optimum": 0,
    "Algorithm": "Genetic algorithm",
    "Parameters": {
        "population": 30,
        "offspring": 30,
        "mutation probability": 0.006666666666666667,
        "crossover probability": 0.9
    },
    "Fitness": 95365,
    "Solution": [
        103,
        139,
        64,
        1,
        67,
        95,
        47,
        83,
        15,
        62,
        8,
        23,
        31,
        81,
        145,
        134,
        50,
        127,
        149,
        10,
        58,
        120,
        128,
        55,
        33,
        57,
        87,
        70,
        71,
        112,
        41,
        79,
        29,
        34,
        30,
        78,
        35,
        32,
        99,
        98,
        140,
        107,
        42,
        4,
        118,
        100,
        132,
        61,
        115,
        3,
        135,
        86,
        26,
        0,
        52,
        84,
        91,
        9,
        80,
        65,
        18,
        104,
        40,
        88,
        117,
        2,
        72,
        142,
        131,
        17,
        28,
        45,
        116,
        48,
        11,
        12,
        133,
        113,
        108,
        27,
        123,
        37,
        75,
        138,
        39,
        124,
        6,
        25,
        43,
        51,
        143,
        121,
        69,
        59,
        114,
        53,
        14,
        46,
        106,
        129,
        68,
        44,
        73,
        101,
        22,
        146,
        66,
        137,
        111,
        7,
        105,
        144,
        97,
        125,
        90,
        122,
        20,
        92,
        36,
        119,
        141,
        77,
        60,
        126,
        102,
        56,
        96,
        13,
        49,
        147,
        110,
        130,
        85,
        82,
        94,
        93,
        38,
        89,
        24,
        109,
        136,
        76,
        148,
        21,
        16,
        74,
        63,
        19,
        54,
        5
    ],
    "Nb of functions evaluations": 400020,
    "Computational time in seconds": 200.66944575309753,
    "Stopping criterion in evaluations": 400000
}