21° run output:
{
    "Function": "kroB150.tsp",
    "Problem dimension": [
        40,
        130,
        132,
        93,
        120,
        69,
        139,
        76,
        103,
        12,
        129,
        14,
        109,
        148,
        123,
        49,
        122,
        94,
        118,
        85,
        110,
        75,
        1,
        11,
        59,
        114,
        146,
        63,
        41,
        46,
        92,
        98,
        13,
        39,
        84,
        78,
        54,
        66,
        64,
        36,
        81,
        145,
        77,
        26,
        24,
        16,
        33,
        37,
        128,
        138,
        101,
        22,
        19,
        112,
        71,
        135,
        143,
        96,
        95,
        102,
        65,
        127,
        50,
        126,
        43,
        119,
        25,
        60,
        31,
        6,
        8,
        141,
        99,
        121,
        20,
        72,
        2,
        117,
        29,
        137,
        133,
        48,
        17,
        45,
        142,
        91,
        9,
        47,
        51,
        10,
        56,
        58,
        147,
        97,
        107,
        7,
        52,
        0,
        116,
        124,
        106,
        115,
        28,
        131,
        23,
        136,
        74,
        34,
        67,
        53,
        111,
        144,
        57,
        87,
        125,
        82,
        68,
        86,
        149,
        104,
        18,
        83,
        134,
        15,
        62,
        73,
        80,
        140,
        32,
        44,
        35,
        3,
        79,
        30,
        5,
        21,
        108,
        89,
        105,
        113,
        100,
        27,
        38,
        42,
        4,
        55,
        70,
        61,
        90,
        88
    ],
    "Global Optimum": 0,
    "Algorithm": "Genetic algorithm",
    "Parameters": {
        "population": 30,
        "offspring": 30,
        "mutation probability": 0.006666666666666667,
        "crossover probability": 0.9
    },
    "Fitness": 86310,
    "Solution": [
        40,
        130,
        132,
        93,
        120,
        69,
        139,
        76,
        103,
        12,
        129,
        14,
        109,
        148,
        123,
        49,
        122,
        94,
        118,
        85,
        110,
        75,
        1,
        11,
        59,
        114,
        146,
        63,
        41,
        46,
        92,
        98,
        13,
        39,
        84,
        78,
        54,
        66,
        64,
        36,
        81,
        145,
        77,
        26,
        24,
        16,
        33,
        37,
        128,
        138,
        101,
        22,
        19,
        112,
        71,
        135,
        143,
        96,
        95,
        102,
        65,
        127,
        50,
        126,
        43,
        119,
        25,
        60,
        31,
        6,
        8,
        141,
        99,
        121,
        20,
        72,
        2,
        117,
        29,
        137,
        133,
        48,
        17,
        45,
        142,
        91,
        9,
        47,
        51,
        10,
        56,
        58,
        147,
        97,
        107,
        7,
        52,
        0,
        116,
        124,
        106,
        115,
        28,
        131,
        23,
        136,
        74,
        34,
        67,
        53,
        111,
        144,
        57,
        87,
        125,
        82,
        68,
        86,
        149,
        104,
        18,
        83,
        134,
        15,
        62,
        73,
        80,
        140,
        32,
        44,
        35,
        3,
        79,
        30,
        5,
        21,
        108,
        89,
        105,
        113,
        100,
        27,
        38,
        42,
        4,
        55,
        70,
        61,
        90,
        88
    ],
    "Nb of functions evaluations": 400020,
    "Computational time in seconds": 203.09006762504578,
    "Stopping criterion in evaluations": 400000
}