23° run output:
{
    "Function": "kroB150.tsp",
    "Problem dimension": [
        38,
        100,
        4,
        120,
        130,
        2,
        117,
        47,
        83,
        127,
        10,
        149,
        86,
        50,
        126,
        104,
        3,
        34,
        94,
        132,
        66,
        115,
        32,
        44,
        99,
        73,
        80,
        9,
        148,
        30,
        46,
        63,
        19,
        52,
        124,
        15,
        62,
        51,
        95,
        96,
        91,
        60,
        31,
        8,
        18,
        72,
        88,
        121,
        69,
        90,
        137,
        21,
        133,
        0,
        6,
        77,
        81,
        43,
        102,
        65,
        98,
        140,
        147,
        57,
        97,
        40,
        29,
        110,
        75,
        138,
        128,
        87,
        37,
        118,
        85,
        79,
        136,
        116,
        25,
        23,
        131,
        45,
        113,
        144,
        11,
        36,
        119,
        134,
        145,
        64,
        12,
        68,
        35,
        56,
        48,
        92,
        59,
        139,
        103,
        5,
        82,
        71,
        107,
        42,
        123,
        1,
        76,
        58,
        67,
        55,
        125,
        61,
        78,
        39,
        142,
        13,
        135,
        143,
        17,
        109,
        16,
        111,
        105,
        41,
        33,
        108,
        27,
        70,
        49,
        101,
        20,
        53,
        24,
        89,
        7,
        74,
        112,
        93,
        122,
        28,
        141,
        14,
        106,
        129,
        146,
        54,
        84,
        26,
        114,
        22
    ],
    "Global Optimum": 0,
    "Algorithm": "Genetic algorithm",
    "Parameters": {
        "population": 30,
        "offspring": 30,
        "mutation probability": 0.006666666666666667,
        "crossover probability": 0.9
    },
    "Fitness": 95417,
    "Solution": [
        38,
        100,
        4,
        120,
        130,
        2,
        117,
        47,
        83,
        127,
        10,
        149,
        86,
        50,
        126,
        104,
        3,
        34,
        94,
        132,
        66,
        115,
        32,
        44,
        99,
        73,
        80,
        9,
        148,
        30,
        46,
        63,
        19,
        52,
        124,
        15,
        62,
        51,
        95,
        96,
        91,
        60,
        31,
        8,
        18,
        72,
        88,
        121,
        69,
        90,
        137,
        21,
        133,
        0,
        6,
        77,
        81,
        43,
        102,
        65,
        98,
        140,
        147,
        57,
        97,
        40,
        29,
        110,
        75,
        138,
        128,
        87,
        37,
        118,
        85,
        79,
        136,
        116,
        25,
        23,
        131,
        45,
        113,
        144,
        11,
        36,
        119,
        134,
        145,
        64,
        12,
        68,
        35,
        56,
        48,
        92,
        59,
        139,
        103,
        5,
        82,
        71,
        107,
        42,
        123,
        1,
        76,
        58,
        67,
        55,
        125,
        61,
        78,
        39,
        142,
        13,
        135,
        143,
        17,
        109,
        16,
        111,
        105,
        41,
        33,
        108,
        27,
        70,
        49,
        101,
        20,
        53,
        24,
        89,
        7,
        74,
        112,
        93,
        122,
        28,
        141,
        14,
        106,
        129,
        146,
        54,
        84,
        26,
        114,
        22
    ],
    "Nb of functions evaluations": 400020,
    "Computational time in seconds": 201.87904953956604,
    "Stopping criterion in evaluations": 400000
}