17° run output:
{
    "Function": "kroB150.tsp",
    "Problem dimension": [
        127,
        43,
        91,
        74,
        137,
        118,
        4,
        42,
        123,
        66,
        17,
        8,
        25,
        63,
        19,
        138,
        130,
        90,
        110,
        22,
        20,
        121,
        96,
        95,
        56,
        85,
        147,
        33,
        125,
        112,
        21,
        5,
        146,
        3,
        11,
        92,
        32,
        80,
        102,
        145,
        134,
        149,
        86,
        44,
        13,
        104,
        140,
        98,
        35,
        45,
        142,
        64,
        12,
        14,
        136,
        116,
        6,
        81,
        31,
        23,
        141,
        60,
        36,
        50,
        15,
        18,
        29,
        67,
        99,
        2,
        72,
        88,
        128,
        75,
        94,
        16,
        105,
        54,
        26,
        115,
        39,
        84,
        0,
        52,
        109,
        53,
        69,
        120,
        38,
        37,
        100,
        70,
        87,
        55,
        107,
        111,
        7,
        71,
        61,
        79,
        34,
        40,
        58,
        135,
        68,
        117,
        47,
        126,
        83,
        51,
        10,
        143,
        73,
        9,
        48,
        131,
        124,
        97,
        144,
        89,
        24,
        132,
        49,
        122,
        93,
        101,
        129,
        106,
        76,
        1,
        148,
        133,
        46,
        30,
        103,
        114,
        139,
        59,
        78,
        41,
        113,
        108,
        57,
        27,
        82,
        62,
        119,
        77,
        28,
        65
    ],
    "Global Optimum": 0,
    "Algorithm": "Genetic algorithm",
    "Parameters": {
        "population": 30,
        "offspring": 30,
        "mutation probability": 0.006666666666666667,
        "crossover probability": 0.9
    },
    "Fitness": 88151,
    "Solution": [
        127,
        43,
        91,
        74,
        137,
        118,
        4,
        42,
        123,
        66,
        17,
        8,
        25,
        63,
        19,
        138,
        130,
        90,
        110,
        22,
        20,
        121,
        96,
        95,
        56,
        85,
        147,
        33,
        125,
        112,
        21,
        5,
        146,
        3,
        11,
        92,
        32,
        80,
        102,
        145,
        134,
        149,
        86,
        44,
        13,
        104,
        140,
        98,
        35,
        45,
        142,
        64,
        12,
        14,
        136,
        116,
        6,
        81,
        31,
        23,
        141,
        60,
        36,
        50,
        15,
        18,
        29,
        67,
        99,
        2,
        72,
        88,
        128,
        75,
        94,
        16,
        105,
        54,
        26,
        115,
        39,
        84,
        0,
        52,
        109,
        53,
        69,
        120,
        38,
        37,
        100,
        70,
        87,
        55,
        107,
        111,
        7,
        71,
        61,
        79,
        34,
        40,
        58,
        135,
        68,
        117,
        47,
        126,
        83,
        51,
        10,
        143,
        73,
        9,
        48,
        131,
        124,
        97,
        144,
        89,
        24,
        132,
        49,
        122,
        93,
        101,
        129,
        106,
        76,
        1,
        148,
        133,
        46,
        30,
        103,
        114,
        139,
        59,
        78,
        41,
        113,
        108,
        57,
        27,
        82,
        62,
        119,
        77,
        28,
        65
    ],
    "Nb of functions evaluations": 400020,
    "Computational time in seconds": 203.98403096199036,
    "Stopping criterion in evaluations": 400000
}