15° run output:
{
    "Function": "kroB300.tsp",
    "Problem dimension": [
        6,
        100,
        40,
        289,
        131,
        126,
        2,
        58,
        39,
        29,
        208,
        93,
        144,
        57,
        14,
        50,
        12,
        124,
        136,
        242,
        55,
        189,
        239,
        282,
        25,
        181,
        169,
        173,
        278,
        35,
        274,
        120,
        30,
        47,
        119,
        96,
        24,
        73,
        31,
        171,
        104,
        81,
        111,
        280,
        227,
        248,
        23,
        91,
        186,
        18,
        270,
        143,
        277,
        223,
        34,
        168,
        149,
        231,
        213,
        52,
        288,
        235,
        19,
        36,
        220,
        165,
        74,
        99,
        114,
        263,
        243,
        211,
        224,
        72,
        64,
        145,
        164,
        43,
        261,
        3,
        46,
        256,
        204,
        148,
        245,
        234,
        71,
        218,
        117,
        28,
        268,
        271,
        279,
        202,
        82,
        295,
        8,
        175,
        249,
        193,
        110,
        9,
        291,
        297,
        163,
        133,
        299,
        85,
        68,
        138,
        103,
        269,
        48,
        94,
        200,
        84,
        190,
        10,
        281,
        142,
        219,
        207,
        65,
        166,
        27,
        141,
        150,
        125,
        106,
        287,
        37,
        89,
        44,
        284,
        236,
        285,
        161,
        286,
        254,
        162,
        33,
        183,
        21,
        255,
        61,
        11,
        212,
        222,
        159,
        147,
        49,
        170,
        152,
        191,
        298,
        90,
        32,
        184,
        42,
        266,
        13,
        122,
        107,
        137,
        294,
        66,
        92,
        185,
        5,
        276,
        158,
        155,
        77,
        118,
        237,
        215,
        206,
        201,
        41,
        101,
        160,
        70,
        4,
        139,
        105,
        273,
        240,
        264,
        62,
        238,
        226,
        51,
        257,
        172,
        153,
        16,
        229,
        214,
        102,
        87,
        197,
        78,
        250,
        53,
        98,
        7,
        198,
        292,
        259,
        272,
        56,
        241,
        60,
        174,
        157,
        0,
        296,
        63,
        112,
        115,
        67,
        244,
        178,
        192,
        109,
        127,
        199,
        290,
        210,
        123,
        17,
        154,
        15,
        233,
        121,
        262,
        258,
        209,
        187,
        260,
        180,
        247,
        217,
        221,
        253,
        283,
        97,
        232,
        134,
        203,
        179,
        151,
        59,
        251,
        196,
        194,
        205,
        88,
        54,
        20,
        246,
        129,
        275,
        79,
        140,
        80,
        216,
        1,
        265,
        228,
        86,
        132,
        75,
        135,
        128,
        167,
        225,
        177,
        26,
        230,
        252,
        195,
        108,
        130,
        156,
        45,
        69,
        22,
        76,
        188,
        293,
        113,
        267,
        182,
        95,
        146,
        176,
        38,
        116,
        83
    ],
    "Global Optimum": 0,
    "Algorithm": "Genetic algorithm",
    "Parameters": {
        "population": 30,
        "offspring": 30,
        "mutation probability": 0.0033333333333333335,
        "crossover probability": 0.9
    },
    "Fitness": 355676,
    "Solution": [
        6,
        100,
        40,
        289,
        131,
        126,
        2,
        58,
        39,
        29,
        208,
        93,
        144,
        57,
        14,
        50,
        12,
        124,
        136,
        242,
        55,
        189,
        239,
        282,
        25,
        181,
        169,
        173,
        278,
        35,
        274,
        120,
        30,
        47,
        119,
        96,
        24,
        73,
        31,
        171,
        104,
        81,
        111,
        280,
        227,
        248,
        23,
        91,
        186,
        18,
        270,
        143,
        277,
        223,
        34,
        168,
        149,
        231,
        213,
        52,
        288,
        235,
        19,
        36,
        220,
        165,
        74,
        99,
        114,
        263,
        243,
        211,
        224,
        72,
        64,
        145,
        164,
        43,
        261,
        3,
        46,
        256,
        204,
        148,
        245,
        234,
        71,
        218,
        117,
        28,
        268,
        271,
        279,
        202,
        82,
        295,
        8,
        175,
        249,
        193,
        110,
        9,
        291,
        297,
        163,
        133,
        299,
        85,
        68,
        138,
        103,
        269,
        48,
        94,
        200,
        84,
        190,
        10,
        281,
        142,
        219,
        207,
        65,
        166,
        27,
        141,
        150,
        125,
        106,
        287,
        37,
        89,
        44,
        284,
        236,
        285,
        161,
        286,
        254,
        162,
        33,
        183,
        21,
        255,
        61,
        11,
        212,
        222,
        159,
        147,
        49,
        170,
        152,
        191,
        298,
        90,
        32,
        184,
        42,
        266,
        13,
        122,
        107,
        137,
        294,
        66,
        92,
        185,
        5,
        276,
        158,
        155,
        77,
        118,
        237,
        215,
        206,
        201,
        41,
        101,
        160,
        70,
        4,
        139,
        105,
        273,
        240,
        264,
        62,
        238,
        226,
        51,
        257,
        172,
        153,
        16,
        229,
        214,
        102,
        87,
        197,
        78,
        250,
        53,
        98,
        7,
        198,
        292,
        259,
        272,
        56,
        241,
        60,
        174,
        157,
        0,
        296,
        63,
        112,
        115,
        67,
        244,
        178,
        192,
        109,
        127,
        199,
        290,
        210,
        123,
        17,
        154,
        15,
        233,
        121,
        262,
        258,
        209,
        187,
        260,
        180,
        247,
        217,
        221,
        253,
        283,
        97,
        232,
        134,
        203,
        179,
        151,
        59,
        251,
        196,
        194,
        205,
        88,
        54,
        20,
        246,
        129,
        275,
        79,
        140,
        80,
        216,
        1,
        265,
        228,
        86,
        132,
        75,
        135,
        128,
        167,
        225,
        177,
        26,
        230,
        252,
        195,
        108,
        130,
        156,
        45,
        69,
        22,
        76,
        188,
        293,
        113,
        267,
        182,
        95,
        146,
        176,
        38,
        116,
        83
    ],
    "Nb of functions evaluations": 50010,
    "Computational time in seconds": 145.83114385604858,
    "Stopping criterion in evaluations": 50000
}