16° run output:
{
    "Function": "kroA300.tsp",
    "Problem dimension": [
        55,
        208,
        214,
        101,
        88,
        183,
        189,
        171,
        68,
        3,
        225,
        39,
        231,
        299,
        129,
        294,
        147,
        4,
        111,
        185,
        19,
        137,
        31,
        292,
        256,
        64,
        199,
        195,
        233,
        53,
        126,
        54,
        150,
        2,
        179,
        285,
        97,
        82,
        87,
        16,
        98,
        243,
        258,
        259,
        65,
        102,
        24,
        142,
        276,
        255,
        72,
        107,
        56,
        207,
        178,
        83,
        51,
        9,
        186,
        128,
        145,
        33,
        140,
        77,
        6,
        86,
        125,
        120,
        29,
        270,
        244,
        26,
        277,
        211,
        1,
        21,
        253,
        278,
        7,
        81,
        15,
        193,
        50,
        198,
        282,
        176,
        247,
        22,
        249,
        230,
        252,
        109,
        157,
        175,
        216,
        172,
        17,
        272,
        188,
        242,
        148,
        162,
        30,
        12,
        37,
        209,
        254,
        296,
        105,
        28,
        110,
        268,
        63,
        114,
        23,
        275,
        263,
        163,
        213,
        40,
        134,
        264,
        210,
        236,
        271,
        93,
        174,
        152,
        187,
        115,
        135,
        119,
        192,
        286,
        118,
        46,
        235,
        161,
        41,
        79,
        113,
        215,
        266,
        91,
        212,
        127,
        191,
        95,
        8,
        158,
        173,
        169,
        121,
        96,
        234,
        298,
        291,
        92,
        146,
        279,
        11,
        35,
        262,
        159,
        78,
        220,
        131,
        144,
        165,
        203,
        141,
        168,
        74,
        133,
        151,
        112,
        260,
        283,
        99,
        245,
        25,
        5,
        182,
        267,
        184,
        153,
        261,
        180,
        167,
        122,
        61,
        104,
        38,
        265,
        149,
        289,
        155,
        130,
        164,
        103,
        32,
        58,
        222,
        194,
        229,
        0,
        284,
        10,
        202,
        295,
        85,
        71,
        227,
        238,
        223,
        57,
        89,
        240,
        34,
        197,
        218,
        48,
        280,
        287,
        196,
        62,
        117,
        43,
        205,
        190,
        269,
        59,
        204,
        246,
        13,
        224,
        75,
        69,
        100,
        123,
        241,
        36,
        297,
        27,
        106,
        274,
        226,
        108,
        232,
        14,
        156,
        239,
        273,
        251,
        70,
        217,
        66,
        116,
        257,
        160,
        20,
        80,
        221,
        248,
        44,
        293,
        49,
        290,
        170,
        281,
        219,
        90,
        288,
        177,
        138,
        42,
        136,
        154,
        237,
        200,
        18,
        47,
        73,
        139,
        166,
        76,
        181,
        94,
        143,
        250,
        132,
        228,
        201,
        67,
        60,
        206,
        45,
        52,
        84,
        124
    ],
    "Global Optimum": 0,
    "Algorithm": "Genetic algorithm",
    "Parameters": {
        "population": 30,
        "offspring": 30,
        "mutation probability": 0.0033333333333333335,
        "crossover probability": 0.9
    },
    "Fitness": 269337,
    "Solution": [
        55,
        208,
        214,
        101,
        88,
        183,
        189,
        171,
        68,
        3,
        225,
        39,
        231,
        299,
        129,
        294,
        147,
        4,
        111,
        185,
        19,
        137,
        31,
        292,
        256,
        64,
        199,
        195,
        233,
        53,
        126,
        54,
        150,
        2,
        179,
        285,
        97,
        82,
        87,
        16,
        98,
        243,
        258,
        259,
        65,
        102,
        24,
        142,
        276,
        255,
        72,
        107,
        56,
        207,
        178,
        83,
        51,
        9,
        186,
        128,
        145,
        33,
        140,
        77,
        6,
        86,
        125,
        120,
        29,
        270,
        244,
        26,
        277,
        211,
        1,
        21,
        253,
        278,
        7,
        81,
        15,
        193,
        50,
        198,
        282,
        176,
        247,
        22,
        249,
        230,
        252,
        109,
        157,
        175,
        216,
        172,
        17,
        272,
        188,
        242,
        148,
        162,
        30,
        12,
        37,
        209,
        254,
        296,
        105,
        28,
        110,
        268,
        63,
        114,
        23,
        275,
        263,
        163,
        213,
        40,
        134,
        264,
        210,
        236,
        271,
        93,
        174,
        152,
        187,
        115,
        135,
        119,
        192,
        286,
        118,
        46,
        235,
        161,
        41,
        79,
        113,
        215,
        266,
        91,
        212,
        127,
        191,
        95,
        8,
        158,
        173,
        169,
        121,
        96,
        234,
        298,
        291,
        92,
        146,
        279,
        11,
        35,
        262,
        159,
        78,
        220,
        131,
        144,
        165,
        203,
        141,
        168,
        74,
        133,
        151,
        112,
        260,
        283,
        99,
        245,
        25,
        5,
        182,
        267,
        184,
        153,
        261,
        180,
        167,
        122,
        61,
        104,
        38,
        265,
        149,
        289,
        155,
        130,
        164,
        103,
        32,
        58,
        222,
        194,
        229,
        0,
        284,
        10,
        202,
        295,
        85,
        71,
        227,
        238,
        223,
        57,
        89,
        240,
        34,
        197,
        218,
        48,
        280,
        287,
        196,
        62,
        117,
        43,
        205,
        190,
        269,
        59,
        204,
        246,
        13,
        224,
        75,
        69,
        100,
        123,
        241,
        36,
        297,
        27,
        106,
        274,
        226,
        108,
        232,
        14,
        156,
        239,
        273,
        251,
        70,
        217,
        66,
        116,
        257,
        160,
        20,
        80,
        221,
        248,
        44,
        293,
        49,
        290,
        170,
        281,
        219,
        90,
        288,
        177,
        138,
        42,
        136,
        154,
        237,
        200,
        18,
        47,
        73,
        139,
        166,
        76,
        181,
        94,
        143,
        250,
        132,
        228,
        201,
        67,
        60,
        206,
        45,
        52,
        84,
        124
    ],
    "Nb of functions evaluations": 400020,
    "Computational time in seconds": 758.2697370052338,
    "Stopping criterion in evaluations": 400000
}