30° run output:
{
    "Function": "kroA300.tsp",
    "Problem dimension": [
        259,
        99,
        200,
        115,
        121,
        56,
        9,
        95,
        178,
        118,
        61,
        277,
        228,
        104,
        57,
        249,
        234,
        38,
        208,
        218,
        284,
        282,
        77,
        157,
        58,
        78,
        159,
        210,
        170,
        4,
        138,
        199,
        87,
        97,
        49,
        297,
        184,
        82,
        236,
        225,
        293,
        191,
        92,
        26,
        134,
        269,
        123,
        6,
        51,
        258,
        86,
        80,
        273,
        162,
        34,
        172,
        106,
        64,
        294,
        55,
        37,
        21,
        270,
        242,
        31,
        60,
        189,
        7,
        160,
        183,
        202,
        244,
        194,
        132,
        175,
        83,
        47,
        18,
        152,
        114,
        144,
        14,
        231,
        197,
        119,
        116,
        171,
        120,
        110,
        25,
        100,
        3,
        215,
        52,
        182,
        63,
        238,
        129,
        27,
        145,
        24,
        40,
        163,
        127,
        285,
        111,
        89,
        101,
        240,
        180,
        131,
        148,
        196,
        241,
        291,
        203,
        98,
        243,
        283,
        68,
        254,
        257,
        149,
        192,
        264,
        265,
        42,
        253,
        109,
        90,
        94,
        93,
        168,
        205,
        62,
        17,
        226,
        276,
        140,
        151,
        219,
        216,
        211,
        261,
        91,
        44,
        103,
        43,
        187,
        246,
        32,
        220,
        153,
        222,
        250,
        290,
        229,
        252,
        237,
        88,
        221,
        271,
        279,
        59,
        141,
        125,
        96,
        166,
        190,
        11,
        130,
        298,
        23,
        137,
        36,
        107,
        289,
        204,
        45,
        165,
        65,
        193,
        206,
        292,
        150,
        278,
        239,
        164,
        13,
        46,
        19,
        0,
        255,
        167,
        267,
        146,
        73,
        280,
        35,
        39,
        122,
        142,
        126,
        286,
        169,
        20,
        181,
        85,
        113,
        16,
        30,
        70,
        299,
        195,
        147,
        102,
        81,
        135,
        198,
        275,
        212,
        185,
        128,
        227,
        233,
        223,
        288,
        230,
        8,
        48,
        158,
        117,
        10,
        245,
        174,
        79,
        41,
        176,
        75,
        136,
        272,
        232,
        12,
        214,
        177,
        133,
        161,
        1,
        235,
        71,
        108,
        173,
        251,
        207,
        295,
        84,
        262,
        256,
        296,
        188,
        72,
        112,
        28,
        15,
        50,
        105,
        179,
        155,
        248,
        287,
        263,
        29,
        2,
        67,
        124,
        54,
        268,
        274,
        224,
        217,
        139,
        209,
        213,
        266,
        22,
        247,
        74,
        33,
        281,
        201,
        69,
        143,
        76,
        186,
        154,
        156,
        53,
        5,
        66,
        260
    ],
    "Global Optimum": 0,
    "Algorithm": "Genetic algorithm",
    "Parameters": {
        "population": 30,
        "offspring": 30,
        "mutation probability": 0.0033333333333333335,
        "crossover probability": 0.9
    },
    "Fitness": 265818,
    "Solution": [
        259,
        99,
        200,
        115,
        121,
        56,
        9,
        95,
        178,
        118,
        61,
        277,
        228,
        104,
        57,
        249,
        234,
        38,
        208,
        218,
        284,
        282,
        77,
        157,
        58,
        78,
        159,
        210,
        170,
        4,
        138,
        199,
        87,
        97,
        49,
        297,
        184,
        82,
        236,
        225,
        293,
        191,
        92,
        26,
        134,
        269,
        123,
        6,
        51,
        258,
        86,
        80,
        273,
        162,
        34,
        172,
        106,
        64,
        294,
        55,
        37,
        21,
        270,
        242,
        31,
        60,
        189,
        7,
        160,
        183,
        202,
        244,
        194,
        132,
        175,
        83,
        47,
        18,
        152,
        114,
        144,
        14,
        231,
        197,
        119,
        116,
        171,
        120,
        110,
        25,
        100,
        3,
        215,
        52,
        182,
        63,
        238,
        129,
        27,
        145,
        24,
        40,
        163,
        127,
        285,
        111,
        89,
        101,
        240,
        180,
        131,
        148,
        196,
        241,
        291,
        203,
        98,
        243,
        283,
        68,
        254,
        257,
        149,
        192,
        264,
        265,
        42,
        253,
        109,
        90,
        94,
        93,
        168,
        205,
        62,
        17,
        226,
        276,
        140,
        151,
        219,
        216,
        211,
        261,
        91,
        44,
        103,
        43,
        187,
        246,
        32,
        220,
        153,
        222,
        250,
        290,
        229,
        252,
        237,
        88,
        221,
        271,
        279,
        59,
        141,
        125,
        96,
        166,
        190,
        11,
        130,
        298,
        23,
        137,
        36,
        107,
        289,
        204,
        45,
        165,
        65,
        193,
        206,
        292,
        150,
        278,
        239,
        164,
        13,
        46,
        19,
        0,
        255,
        167,
        267,
        146,
        73,
        280,
        35,
        39,
        122,
        142,
        126,
        286,
        169,
        20,
        181,
        85,
        113,
        16,
        30,
        70,
        299,
        195,
        147,
        102,
        81,
        135,
        198,
        275,
        212,
        185,
        128,
        227,
        233,
        223,
        288,
        230,
        8,
        48,
        158,
        117,
        10,
        245,
        174,
        79,
        41,
        176,
        75,
        136,
        272,
        232,
        12,
        214,
        177,
        133,
        161,
        1,
        235,
        71,
        108,
        173,
        251,
        207,
        295,
        84,
        262,
        256,
        296,
        188,
        72,
        112,
        28,
        15,
        50,
        105,
        179,
        155,
        248,
        287,
        263,
        29,
        2,
        67,
        124,
        54,
        268,
        274,
        224,
        217,
        139,
        209,
        213,
        266,
        22,
        247,
        74,
        33,
        281,
        201,
        69,
        143,
        76,
        186,
        154,
        156,
        53,
        5,
        66,
        260
    ],
    "Nb of functions evaluations": 400020,
    "Computational time in seconds": 749.3621900081635,
    "Stopping criterion in evaluations": 400000
}