18° run output:
{
    "Function": "kroB400.tsp",
    "Problem dimension": [
        108,
        274,
        308,
        110,
        387,
        175,
        275,
        261,
        375,
        203,
        370,
        208,
        345,
        37,
        229,
        151,
        21,
        118,
        136,
        70,
        104,
        85,
        39,
        297,
        145,
        94,
        0,
        141,
        52,
        374,
        122,
        92,
        2,
        87,
        367,
        11,
        389,
        298,
        303,
        268,
        347,
        266,
        260,
        201,
        125,
        51,
        338,
        119,
        115,
        78,
        6,
        291,
        62,
        331,
        326,
        167,
        267,
        40,
        237,
        35,
        163,
        292,
        321,
        200,
        68,
        164,
        60,
        378,
        160,
        283,
        57,
        221,
        277,
        100,
        180,
        184,
        332,
        318,
        320,
        36,
        153,
        25,
        38,
        67,
        381,
        65,
        13,
        129,
        191,
        390,
        223,
        242,
        293,
        357,
        74,
        327,
        376,
        179,
        29,
        71,
        392,
        228,
        186,
        317,
        245,
        289,
        316,
        19,
        8,
        233,
        147,
        222,
        369,
        48,
        102,
        81,
        32,
        181,
        241,
        391,
        53,
        325,
        116,
        192,
        12,
        30,
        43,
        95,
        213,
        142,
        379,
        294,
        44,
        265,
        301,
        341,
        284,
        154,
        59,
        166,
        372,
        315,
        395,
        212,
        111,
        232,
        397,
        355,
        121,
        24,
        56,
        49,
        219,
        14,
        280,
        138,
        359,
        240,
        246,
        76,
        194,
        333,
        226,
        230,
        377,
        169,
        276,
        17,
        188,
        334,
        346,
        98,
        90,
        310,
        132,
        82,
        130,
        198,
        177,
        185,
        262,
        159,
        323,
        362,
        250,
        190,
        253,
        248,
        172,
        73,
        143,
        139,
        382,
        162,
        149,
        146,
        127,
        77,
        155,
        396,
        243,
        123,
        89,
        106,
        312,
        211,
        171,
        156,
        34,
        365,
        170,
        339,
        225,
        168,
        296,
        285,
        279,
        270,
        47,
        18,
        385,
        311,
        22,
        348,
        45,
        398,
        344,
        63,
        182,
        286,
        176,
        295,
        93,
        20,
        135,
        28,
        205,
        134,
        371,
        349,
        238,
        189,
        61,
        4,
        249,
        300,
        9,
        244,
        278,
        157,
        96,
        86,
        335,
        218,
        314,
        204,
        364,
        227,
        340,
        214,
        235,
        120,
        161,
        257,
        202,
        1,
        343,
        384,
        209,
        324,
        224,
        210,
        114,
        302,
        273,
        126,
        27,
        10,
        281,
        307,
        79,
        373,
        84,
        269,
        173,
        231,
        366,
        272,
        361,
        354,
        178,
        148,
        299,
        128,
        313,
        72,
        305,
        258,
        388,
        105,
        251,
        358,
        271,
        254,
        287,
        282,
        309,
        195,
        353,
        15,
        26,
        236,
        234,
        199,
        290,
        99,
        55,
        69,
        342,
        352,
        42,
        350,
        263,
        112,
        152,
        101,
        31,
        75,
        97,
        330,
        368,
        197,
        216,
        16,
        109,
        183,
        306,
        304,
        360,
        288,
        117,
        103,
        46,
        83,
        165,
        351,
        113,
        252,
        33,
        131,
        239,
        247,
        207,
        5,
        88,
        399,
        54,
        336,
        337,
        7,
        255,
        328,
        133,
        124,
        41,
        107,
        329,
        217,
        174,
        394,
        91,
        58,
        363,
        256,
        66,
        137,
        319,
        80,
        220,
        144,
        158,
        259,
        380,
        264,
        356,
        322,
        393,
        3,
        50,
        206,
        383,
        187,
        64,
        193,
        196,
        140,
        215,
        23,
        150,
        386
    ],
    "Global Optimum": 0,
    "Algorithm": "Genetic algorithm",
    "Parameters": {
        "population": 30,
        "offspring": 30,
        "mutation probability": 0.0025,
        "crossover probability": 0.9
    },
    "Fitness": 421570,
    "Solution": [
        108,
        274,
        308,
        110,
        387,
        175,
        275,
        261,
        375,
        203,
        370,
        208,
        345,
        37,
        229,
        151,
        21,
        118,
        136,
        70,
        104,
        85,
        39,
        297,
        145,
        94,
        0,
        141,
        52,
        374,
        122,
        92,
        2,
        87,
        367,
        11,
        389,
        298,
        303,
        268,
        347,
        266,
        260,
        201,
        125,
        51,
        338,
        119,
        115,
        78,
        6,
        291,
        62,
        331,
        326,
        167,
        267,
        40,
        237,
        35,
        163,
        292,
        321,
        200,
        68,
        164,
        60,
        378,
        160,
        283,
        57,
        221,
        277,
        100,
        180,
        184,
        332,
        318,
        320,
        36,
        153,
        25,
        38,
        67,
        381,
        65,
        13,
        129,
        191,
        390,
        223,
        242,
        293,
        357,
        74,
        327,
        376,
        179,
        29,
        71,
        392,
        228,
        186,
        317,
        245,
        289,
        316,
        19,
        8,
        233,
        147,
        222,
        369,
        48,
        102,
        81,
        32,
        181,
        241,
        391,
        53,
        325,
        116,
        192,
        12,
        30,
        43,
        95,
        213,
        142,
        379,
        294,
        44,
        265,
        301,
        341,
        284,
        154,
        59,
        166,
        372,
        315,
        395,
        212,
        111,
        232,
        397,
        355,
        121,
        24,
        56,
        49,
        219,
        14,
        280,
        138,
        359,
        240,
        246,
        76,
        194,
        333,
        226,
        230,
        377,
        169,
        276,
        17,
        188,
        334,
        346,
        98,
        90,
        310,
        132,
        82,
        130,
        198,
        177,
        185,
        262,
        159,
        323,
        362,
        250,
        190,
        253,
        248,
        172,
        73,
        143,
        139,
        382,
        162,
        149,
        146,
        127,
        77,
        155,
        396,
        243,
        123,
        89,
        106,
        312,
        211,
        171,
        156,
        34,
        365,
        170,
        339,
        225,
        168,
        296,
        285,
        279,
        270,
        47,
        18,
        385,
        311,
        22,
        348,
        45,
        398,
        344,
        63,
        182,
        286,
        176,
        295,
        93,
        20,
        135,
        28,
        205,
        134,
        371,
        349,
        238,
        189,
        61,
        4,
        249,
        300,
        9,
        244,
        278,
        157,
        96,
        86,
        335,
        218,
        314,
        204,
        364,
        227,
        340,
        214,
        235,
        120,
        161,
        257,
        202,
        1,
        343,
        384,
        209,
        324,
        224,
        210,
        114,
        302,
        273,
        126,
        27,
        10,
        281,
        307,
        79,
        373,
        84,
        269,
        173,
        231,
        366,
        272,
        361,
        354,
        178,
        148,
        299,
        128,
        313,
        72,
        305,
        258,
        388,
        105,
        251,
        358,
        271,
        254,
        287,
        282,
        309,
        195,
        353,
        15,
        26,
        236,
        234,
        199,
        290,
        99,
        55,
        69,
        342,
        352,
        42,
        350,
        263,
        112,
        152,
        101,
        31,
        75,
        97,
        330,
        368,
        197,
        216,
        16,
        109,
        183,
        306,
        304,
        360,
        288,
        117,
        103,
        46,
        83,
        165,
        351,
        113,
        252,
        33,
        131,
        239,
        247,
        207,
        5,
        88,
        399,
        54,
        336,
        337,
        7,
        255,
        328,
        133,
        124,
        41,
        107,
        329,
        217,
        174,
        394,
        91,
        58,
        363,
        256,
        66,
        137,
        319,
        80,
        220,
        144,
        158,
        259,
        380,
        264,
        356,
        322,
        393,
        3,
        50,
        206,
        383,
        187,
        64,
        193,
        196,
        140,
        215,
        23,
        150,
        386
    ],
    "Nb of functions evaluations": 200010,
    "Computational time in seconds": 571.0120463371277,
    "Stopping criterion in evaluations": 200000
}