13° run output:
{
    "Function": "kroB400.tsp",
    "Problem dimension": [
        266,
        307,
        105,
        320,
        268,
        225,
        214,
        235,
        26,
        330,
        88,
        377,
        65,
        323,
        135,
        314,
        6,
        351,
        162,
        114,
        373,
        83,
        217,
        283,
        223,
        300,
        239,
        178,
        167,
        336,
        124,
        59,
        23,
        22,
        143,
        54,
        80,
        16,
        202,
        146,
        354,
        357,
        376,
        149,
        313,
        165,
        329,
        312,
        281,
        70,
        63,
        302,
        98,
        319,
        185,
        291,
        212,
        380,
        191,
        32,
        333,
        201,
        234,
        158,
        315,
        250,
        227,
        273,
        397,
        175,
        391,
        200,
        58,
        260,
        199,
        228,
        5,
        393,
        179,
        287,
        68,
        321,
        231,
        337,
        31,
        365,
        272,
        230,
        44,
        62,
        56,
        335,
        61,
        196,
        27,
        269,
        100,
        303,
        102,
        91,
        108,
        242,
        71,
        145,
        107,
        92,
        293,
        141,
        347,
        151,
        244,
        363,
        97,
        345,
        209,
        55,
        25,
        34,
        236,
        47,
        356,
        18,
        35,
        374,
        176,
        311,
        46,
        340,
        256,
        152,
        150,
        385,
        87,
        348,
        364,
        184,
        125,
        86,
        339,
        181,
        375,
        94,
        90,
        45,
        341,
        136,
        395,
        359,
        40,
        206,
        264,
        104,
        309,
        197,
        2,
        10,
        96,
        39,
        310,
        53,
        109,
        15,
        332,
        170,
        261,
        294,
        304,
        215,
        370,
        19,
        174,
        9,
        180,
        29,
        156,
        76,
        216,
        226,
        140,
        308,
        204,
        279,
        317,
        338,
        343,
        396,
        192,
        120,
        113,
        301,
        186,
        392,
        127,
        295,
        344,
        275,
        252,
        42,
        137,
        229,
        79,
        398,
        190,
        350,
        213,
        3,
        14,
        188,
        189,
        394,
        0,
        324,
        132,
        399,
        64,
        11,
        251,
        112,
        211,
        159,
        386,
        187,
        122,
        387,
        362,
        138,
        93,
        8,
        123,
        183,
        318,
        172,
        111,
        41,
        17,
        4,
        131,
        7,
        247,
        160,
        75,
        144,
        163,
        257,
        147,
        155,
        267,
        349,
        246,
        253,
        210,
        353,
        95,
        77,
        219,
        254,
        289,
        265,
        205,
        388,
        43,
        12,
        222,
        360,
        129,
        134,
        173,
        37,
        157,
        389,
        325,
        259,
        369,
        262,
        280,
        73,
        119,
        30,
        284,
        276,
        316,
        292,
        24,
        177,
        241,
        327,
        220,
        358,
        20,
        346,
        367,
        195,
        233,
        243,
        224,
        116,
        258,
        118,
        379,
        126,
        208,
        85,
        115,
        153,
        49,
        371,
        169,
        99,
        133,
        378,
        271,
        255,
        366,
        182,
        232,
        193,
        381,
        84,
        51,
        298,
        38,
        297,
        240,
        67,
        72,
        352,
        221,
        52,
        168,
        36,
        368,
        148,
        69,
        383,
        384,
        1,
        296,
        33,
        249,
        60,
        278,
        290,
        390,
        331,
        78,
        277,
        238,
        57,
        282,
        66,
        171,
        161,
        101,
        288,
        130,
        305,
        89,
        128,
        121,
        110,
        154,
        237,
        13,
        21,
        248,
        82,
        382,
        164,
        198,
        263,
        361,
        106,
        207,
        334,
        322,
        103,
        142,
        117,
        139,
        203,
        286,
        326,
        355,
        306,
        372,
        328,
        270,
        285,
        274,
        194,
        50,
        81,
        245,
        48,
        299,
        218,
        342,
        28,
        166,
        74
    ],
    "Global Optimum": 0,
    "Algorithm": "Genetic algorithm",
    "Parameters": {
        "population": 30,
        "offspring": 30,
        "mutation probability": 0.0025,
        "crossover probability": 0.9
    },
    "Fitness": 422749,
    "Solution": [
        266,
        307,
        105,
        320,
        268,
        225,
        214,
        235,
        26,
        330,
        88,
        377,
        65,
        323,
        135,
        314,
        6,
        351,
        162,
        114,
        373,
        83,
        217,
        283,
        223,
        300,
        239,
        178,
        167,
        336,
        124,
        59,
        23,
        22,
        143,
        54,
        80,
        16,
        202,
        146,
        354,
        357,
        376,
        149,
        313,
        165,
        329,
        312,
        281,
        70,
        63,
        302,
        98,
        319,
        185,
        291,
        212,
        380,
        191,
        32,
        333,
        201,
        234,
        158,
        315,
        250,
        227,
        273,
        397,
        175,
        391,
        200,
        58,
        260,
        199,
        228,
        5,
        393,
        179,
        287,
        68,
        321,
        231,
        337,
        31,
        365,
        272,
        230,
        44,
        62,
        56,
        335,
        61,
        196,
        27,
        269,
        100,
        303,
        102,
        91,
        108,
        242,
        71,
        145,
        107,
        92,
        293,
        141,
        347,
        151,
        244,
        363,
        97,
        345,
        209,
        55,
        25,
        34,
        236,
        47,
        356,
        18,
        35,
        374,
        176,
        311,
        46,
        340,
        256,
        152,
        150,
        385,
        87,
        348,
        364,
        184,
        125,
        86,
        339,
        181,
        375,
        94,
        90,
        45,
        341,
        136,
        395,
        359,
        40,
        206,
        264,
        104,
        309,
        197,
        2,
        10,
        96,
        39,
        310,
        53,
        109,
        15,
        332,
        170,
        261,
        294,
        304,
        215,
        370,
        19,
        174,
        9,
        180,
        29,
        156,
        76,
        216,
        226,
        140,
        308,
        204,
        279,
        317,
        338,
        343,
        396,
        192,
        120,
        113,
        301,
        186,
        392,
        127,
        295,
        344,
        275,
        252,
        42,
        137,
        229,
        79,
        398,
        190,
        350,
        213,
        3,
        14,
        188,
        189,
        394,
        0,
        324,
        132,
        399,
        64,
        11,
        251,
        112,
        211,
        159,
        386,
        187,
        122,
        387,
        362,
        138,
        93,
        8,
        123,
        183,
        318,
        172,
        111,
        41,
        17,
        4,
        131,
        7,
        247,
        160,
        75,
        144,
        163,
        257,
        147,
        155,
        267,
        349,
        246,
        253,
        210,
        353,
        95,
        77,
        219,
        254,
        289,
        265,
        205,
        388,
        43,
        12,
        222,
        360,
        129,
        134,
        173,
        37,
        157,
        389,
        325,
        259,
        369,
        262,
        280,
        73,
        119,
        30,
        284,
        276,
        316,
        292,
        24,
        177,
        241,
        327,
        220,
        358,
        20,
        346,
        367,
        195,
        233,
        243,
        224,
        116,
        258,
        118,
        379,
        126,
        208,
        85,
        115,
        153,
        49,
        371,
        169,
        99,
        133,
        378,
        271,
        255,
        366,
        182,
        232,
        193,
        381,
        84,
        51,
        298,
        38,
        297,
        240,
        67,
        72,
        352,
        221,
        52,
        168,
        36,
        368,
        148,
        69,
        383,
        384,
        1,
        296,
        33,
        249,
        60,
        278,
        290,
        390,
        331,
        78,
        277,
        238,
        57,
        282,
        66,
        171,
        161,
        101,
        288,
        130,
        305,
        89,
        128,
        121,
        110,
        154,
        237,
        13,
        21,
        248,
        82,
        382,
        164,
        198,
        263,
        361,
        106,
        207,
        334,
        322,
        103,
        142,
        117,
        139,
        203,
        286,
        326,
        355,
        306,
        372,
        328,
        270,
        285,
        274,
        194,
        50,
        81,
        245,
        48,
        299,
        218,
        342,
        28,
        166,
        74
    ],
    "Nb of functions evaluations": 200010,
    "Computational time in seconds": 548.3369216918945,
    "Stopping criterion in evaluations": 200000
}