10° run output:
{
    "Function": "kroB400.tsp",
    "Problem dimension": [
        98,
        379,
        340,
        39,
        2,
        193,
        273,
        339,
        203,
        8,
        213,
        259,
        378,
        78,
        85,
        187,
        227,
        173,
        70,
        153,
        35,
        62,
        350,
        353,
        328,
        64,
        54,
        13,
        388,
        33,
        134,
        262,
        148,
        263,
        214,
        162,
        332,
        296,
        161,
        242,
        235,
        295,
        292,
        21,
        392,
        265,
        47,
        237,
        183,
        86,
        182,
        43,
        212,
        150,
        333,
        236,
        256,
        384,
        205,
        305,
        209,
        164,
        178,
        369,
        71,
        94,
        357,
        341,
        170,
        375,
        6,
        42,
        271,
        211,
        10,
        372,
        387,
        264,
        131,
        277,
        246,
        367,
        5,
        51,
        152,
        143,
        312,
        66,
        298,
        335,
        309,
        133,
        290,
        58,
        200,
        74,
        28,
        106,
        75,
        337,
        97,
        327,
        92,
        90,
        157,
        386,
        395,
        113,
        165,
        60,
        181,
        41,
        45,
        31,
        166,
        336,
        84,
        358,
        231,
        323,
        377,
        225,
        288,
        172,
        331,
        248,
        138,
        397,
        88,
        306,
        56,
        199,
        396,
        112,
        100,
        159,
        160,
        179,
        23,
        15,
        44,
        136,
        239,
        329,
        221,
        99,
        261,
        284,
        108,
        216,
        322,
        167,
        272,
        355,
        218,
        25,
        126,
        301,
        368,
        55,
        48,
        389,
        197,
        110,
        38,
        361,
        370,
        314,
        26,
        32,
        40,
        118,
        142,
        69,
        4,
        303,
        319,
        380,
        222,
        385,
        297,
        307,
        398,
        251,
        282,
        299,
        7,
        151,
        103,
        139,
        149,
        362,
        29,
        46,
        280,
        158,
        16,
        201,
        343,
        356,
        245,
        12,
        17,
        18,
        198,
        226,
        80,
        325,
        268,
        346,
        279,
        168,
        177,
        156,
        65,
        393,
        330,
        195,
        61,
        229,
        57,
        383,
        240,
        68,
        53,
        141,
        270,
        117,
        147,
        91,
        371,
        125,
        120,
        144,
        169,
        347,
        257,
        254,
        324,
        278,
        274,
        111,
        52,
        27,
        188,
        269,
        241,
        260,
        176,
        223,
        135,
        253,
        354,
        365,
        266,
        304,
        315,
        255,
        154,
        129,
        276,
        364,
        107,
        321,
        207,
        77,
        145,
        0,
        233,
        351,
        93,
        349,
        101,
        224,
        185,
        382,
        291,
        96,
        121,
        345,
        326,
        243,
        79,
        316,
        186,
        102,
        36,
        130,
        171,
        342,
        9,
        22,
        373,
        228,
        104,
        30,
        283,
        163,
        302,
        34,
        174,
        204,
        258,
        81,
        238,
        122,
        374,
        334,
        123,
        105,
        285,
        14,
        289,
        115,
        73,
        249,
        127,
        338,
        49,
        132,
        50,
        191,
        219,
        155,
        82,
        217,
        109,
        320,
        11,
        192,
        232,
        206,
        63,
        360,
        116,
        275,
        175,
        348,
        146,
        124,
        194,
        196,
        180,
        294,
        137,
        381,
        67,
        20,
        19,
        114,
        252,
        344,
        3,
        76,
        128,
        293,
        83,
        190,
        184,
        230,
        202,
        391,
        318,
        394,
        220,
        59,
        247,
        366,
        1,
        311,
        140,
        363,
        352,
        87,
        359,
        399,
        119,
        210,
        376,
        308,
        208,
        24,
        300,
        390,
        313,
        189,
        72,
        89,
        287,
        95,
        234,
        317,
        286,
        215,
        267,
        310,
        250,
        281,
        244,
        37
    ],
    "Global Optimum": 0,
    "Algorithm": "Genetic algorithm",
    "Parameters": {
        "population": 30,
        "offspring": 30,
        "mutation probability": 0.0025,
        "crossover probability": 0.9
    },
    "Fitness": 458900,
    "Solution": [
        98,
        379,
        340,
        39,
        2,
        193,
        273,
        339,
        203,
        8,
        213,
        259,
        378,
        78,
        85,
        187,
        227,
        173,
        70,
        153,
        35,
        62,
        350,
        353,
        328,
        64,
        54,
        13,
        388,
        33,
        134,
        262,
        148,
        263,
        214,
        162,
        332,
        296,
        161,
        242,
        235,
        295,
        292,
        21,
        392,
        265,
        47,
        237,
        183,
        86,
        182,
        43,
        212,
        150,
        333,
        236,
        256,
        384,
        205,
        305,
        209,
        164,
        178,
        369,
        71,
        94,
        357,
        341,
        170,
        375,
        6,
        42,
        271,
        211,
        10,
        372,
        387,
        264,
        131,
        277,
        246,
        367,
        5,
        51,
        152,
        143,
        312,
        66,
        298,
        335,
        309,
        133,
        290,
        58,
        200,
        74,
        28,
        106,
        75,
        337,
        97,
        327,
        92,
        90,
        157,
        386,
        395,
        113,
        165,
        60,
        181,
        41,
        45,
        31,
        166,
        336,
        84,
        358,
        231,
        323,
        377,
        225,
        288,
        172,
        331,
        248,
        138,
        397,
        88,
        306,
        56,
        199,
        396,
        112,
        100,
        159,
        160,
        179,
        23,
        15,
        44,
        136,
        239,
        329,
        221,
        99,
        261,
        284,
        108,
        216,
        322,
        167,
        272,
        355,
        218,
        25,
        126,
        301,
        368,
        55,
        48,
        389,
        197,
        110,
        38,
        361,
        370,
        314,
        26,
        32,
        40,
        118,
        142,
        69,
        4,
        303,
        319,
        380,
        222,
        385,
        297,
        307,
        398,
        251,
        282,
        299,
        7,
        151,
        103,
        139,
        149,
        362,
        29,
        46,
        280,
        158,
        16,
        201,
        343,
        356,
        245,
        12,
        17,
        18,
        198,
        226,
        80,
        325,
        268,
        346,
        279,
        168,
        177,
        156,
        65,
        393,
        330,
        195,
        61,
        229,
        57,
        383,
        240,
        68,
        53,
        141,
        270,
        117,
        147,
        91,
        371,
        125,
        120,
        144,
        169,
        347,
        257,
        254,
        324,
        278,
        274,
        111,
        52,
        27,
        188,
        269,
        241,
        260,
        176,
        223,
        135,
        253,
        354,
        365,
        266,
        304,
        315,
        255,
        154,
        129,
        276,
        364,
        107,
        321,
        207,
        77,
        145,
        0,
        233,
        351,
        93,
        349,
        101,
        224,
        185,
        382,
        291,
        96,
        121,
        345,
        326,
        243,
        79,
        316,
        186,
        102,
        36,
        130,
        171,
        342,
        9,
        22,
        373,
        228,
        104,
        30,
        283,
        163,
        302,
        34,
        174,
        204,
        258,
        81,
        238,
        122,
        374,
        334,
        123,
        105,
        285,
        14,
        289,
        115,
        73,
        249,
        127,
        338,
        49,
        132,
        50,
        191,
        219,
        155,
        82,
        217,
        109,
        320,
        11,
        192,
        232,
        206,
        63,
        360,
        116,
        275,
        175,
        348,
        146,
        124,
        194,
        196,
        180,
        294,
        137,
        381,
        67,
        20,
        19,
        114,
        252,
        344,
        3,
        76,
        128,
        293,
        83,
        190,
        184,
        230,
        202,
        391,
        318,
        394,
        220,
        59,
        247,
        366,
        1,
        311,
        140,
        363,
        352,
        87,
        359,
        399,
        119,
        210,
        376,
        308,
        208,
        24,
        300,
        390,
        313,
        189,
        72,
        89,
        287,
        95,
        234,
        317,
        286,
        215,
        267,
        310,
        250,
        281,
        244,
        37
    ],
    "Nb of functions evaluations": 200010,
    "Computational time in seconds": 549.6549985408783,
    "Stopping criterion in evaluations": 200000
}