1° run output:
{
    "Function": "kroB400.tsp",
    "Problem dimension": [
        296,
        369,
        372,
        344,
        32,
        63,
        203,
        191,
        314,
        31,
        133,
        284,
        185,
        104,
        214,
        130,
        359,
        316,
        96,
        122,
        39,
        342,
        358,
        300,
        180,
        295,
        171,
        156,
        355,
        21,
        201,
        266,
        159,
        140,
        343,
        136,
        385,
        102,
        165,
        273,
        227,
        193,
        308,
        29,
        5,
        216,
        13,
        275,
        335,
        306,
        51,
        250,
        225,
        86,
        120,
        117,
        115,
        244,
        294,
        143,
        73,
        367,
        241,
        141,
        281,
        197,
        10,
        381,
        19,
        207,
        65,
        98,
        361,
        163,
        260,
        325,
        352,
        124,
        291,
        177,
        168,
        221,
        282,
        366,
        108,
        18,
        22,
        49,
        235,
        213,
        8,
        326,
        280,
        28,
        94,
        253,
        87,
        53,
        23,
        57,
        17,
        222,
        150,
        297,
        238,
        217,
        113,
        82,
        348,
        389,
        145,
        11,
        116,
        392,
        142,
        138,
        390,
        305,
        97,
        164,
        365,
        152,
        317,
        333,
        50,
        14,
        226,
        127,
        212,
        12,
        204,
        105,
        307,
        123,
        331,
        118,
        339,
        95,
        161,
        219,
        76,
        182,
        2,
        132,
        351,
        360,
        155,
        262,
        106,
        274,
        206,
        228,
        16,
        322,
        230,
        399,
        340,
        190,
        234,
        55,
        323,
        56,
        210,
        277,
        345,
        27,
        245,
        375,
        223,
        286,
        279,
        347,
        200,
        1,
        119,
        383,
        220,
        313,
        334,
        373,
        386,
        395,
        109,
        356,
        371,
        35,
        215,
        100,
        211,
        202,
        181,
        391,
        174,
        46,
        126,
        255,
        52,
        157,
        363,
        231,
        137,
        178,
        103,
        271,
        196,
        189,
        20,
        378,
        135,
        252,
        302,
        167,
        350,
        394,
        379,
        162,
        64,
        175,
        173,
        208,
        259,
        62,
        236,
        246,
        4,
        42,
        91,
        77,
        114,
        298,
        48,
        254,
        25,
        128,
        7,
        327,
        256,
        67,
        309,
        33,
        30,
        125,
        192,
        263,
        330,
        301,
        397,
        396,
        139,
        36,
        66,
        374,
        337,
        54,
        232,
        158,
        258,
        78,
        110,
        68,
        121,
        41,
        270,
        47,
        131,
        324,
        92,
        264,
        285,
        304,
        289,
        247,
        6,
        83,
        233,
        79,
        240,
        195,
        243,
        89,
        80,
        290,
        364,
        261,
        353,
        276,
        388,
        107,
        320,
        88,
        393,
        166,
        151,
        85,
        382,
        248,
        198,
        332,
        199,
        237,
        311,
        257,
        134,
        368,
        38,
        9,
        268,
        60,
        34,
        283,
        205,
        146,
        81,
        336,
        170,
        40,
        338,
        349,
        0,
        354,
        112,
        209,
        229,
        149,
        188,
        310,
        265,
        111,
        3,
        129,
        44,
        43,
        59,
        384,
        154,
        153,
        176,
        341,
        101,
        147,
        267,
        287,
        93,
        303,
        24,
        45,
        186,
        362,
        380,
        272,
        15,
        377,
        376,
        160,
        71,
        99,
        184,
        292,
        144,
        242,
        58,
        148,
        169,
        218,
        370,
        249,
        172,
        37,
        318,
        69,
        329,
        224,
        61,
        72,
        312,
        288,
        315,
        321,
        269,
        346,
        75,
        357,
        84,
        398,
        328,
        26,
        70,
        278,
        293,
        179,
        251,
        74,
        183,
        187,
        239,
        387,
        90,
        299,
        319,
        194
    ],
    "Global Optimum": 0,
    "Algorithm": "Genetic algorithm",
    "Parameters": {
        "population": 30,
        "offspring": 30,
        "mutation probability": 0.0025,
        "crossover probability": 0.9
    },
    "Fitness": 427598,
    "Solution": [
        296,
        369,
        372,
        344,
        32,
        63,
        203,
        191,
        314,
        31,
        133,
        284,
        185,
        104,
        214,
        130,
        359,
        316,
        96,
        122,
        39,
        342,
        358,
        300,
        180,
        295,
        171,
        156,
        355,
        21,
        201,
        266,
        159,
        140,
        343,
        136,
        385,
        102,
        165,
        273,
        227,
        193,
        308,
        29,
        5,
        216,
        13,
        275,
        335,
        306,
        51,
        250,
        225,
        86,
        120,
        117,
        115,
        244,
        294,
        143,
        73,
        367,
        241,
        141,
        281,
        197,
        10,
        381,
        19,
        207,
        65,
        98,
        361,
        163,
        260,
        325,
        352,
        124,
        291,
        177,
        168,
        221,
        282,
        366,
        108,
        18,
        22,
        49,
        235,
        213,
        8,
        326,
        280,
        28,
        94,
        253,
        87,
        53,
        23,
        57,
        17,
        222,
        150,
        297,
        238,
        217,
        113,
        82,
        348,
        389,
        145,
        11,
        116,
        392,
        142,
        138,
        390,
        305,
        97,
        164,
        365,
        152,
        317,
        333,
        50,
        14,
        226,
        127,
        212,
        12,
        204,
        105,
        307,
        123,
        331,
        118,
        339,
        95,
        161,
        219,
        76,
        182,
        2,
        132,
        351,
        360,
        155,
        262,
        106,
        274,
        206,
        228,
        16,
        322,
        230,
        399,
        340,
        190,
        234,
        55,
        323,
        56,
        210,
        277,
        345,
        27,
        245,
        375,
        223,
        286,
        279,
        347,
        200,
        1,
        119,
        383,
        220,
        313,
        334,
        373,
        386,
        395,
        109,
        356,
        371,
        35,
        215,
        100,
        211,
        202,
        181,
        391,
        174,
        46,
        126,
        255,
        52,
        157,
        363,
        231,
        137,
        178,
        103,
        271,
        196,
        189,
        20,
        378,
        135,
        252,
        302,
        167,
        350,
        394,
        379,
        162,
        64,
        175,
        173,
        208,
        259,
        62,
        236,
        246,
        4,
        42,
        91,
        77,
        114,
        298,
        48,
        254,
        25,
        128,
        7,
        327,
        256,
        67,
        309,
        33,
        30,
        125,
        192,
        263,
        330,
        301,
        397,
        396,
        139,
        36,
        66,
        374,
        337,
        54,
        232,
        158,
        258,
        78,
        110,
        68,
        121,
        41,
        270,
        47,
        131,
        324,
        92,
        264,
        285,
        304,
        289,
        247,
        6,
        83,
        233,
        79,
        240,
        195,
        243,
        89,
        80,
        290,
        364,
        261,
        353,
        276,
        388,
        107,
        320,
        88,
        393,
        166,
        151,
        85,
        382,
        248,
        198,
        332,
        199,
        237,
        311,
        257,
        134,
        368,
        38,
        9,
        268,
        60,
        34,
        283,
        205,
        146,
        81,
        336,
        170,
        40,
        338,
        349,
        0,
        354,
        112,
        209,
        229,
        149,
        188,
        310,
        265,
        111,
        3,
        129,
        44,
        43,
        59,
        384,
        154,
        153,
        176,
        341,
        101,
        147,
        267,
        287,
        93,
        303,
        24,
        45,
        186,
        362,
        380,
        272,
        15,
        377,
        376,
        160,
        71,
        99,
        184,
        292,
        144,
        242,
        58,
        148,
        169,
        218,
        370,
        249,
        172,
        37,
        318,
        69,
        329,
        224,
        61,
        72,
        312,
        288,
        315,
        321,
        269,
        346,
        75,
        357,
        84,
        398,
        328,
        26,
        70,
        278,
        293,
        179,
        251,
        74,
        183,
        187,
        239,
        387,
        90,
        299,
        319,
        194
    ],
    "Nb of functions evaluations": 200010,
    "Computational time in seconds": 548.7307620048523,
    "Stopping criterion in evaluations": 200000
}