2° run output:
{
    "Function": "kroB400.tsp",
    "Problem dimension": [
        172,
        19,
        300,
        135,
        200,
        309,
        182,
        86,
        109,
        12,
        66,
        0,
        269,
        224,
        189,
        57,
        357,
        20,
        110,
        114,
        137,
        155,
        360,
        266,
        277,
        273,
        228,
        202,
        286,
        393,
        147,
        198,
        33,
        121,
        193,
        61,
        272,
        388,
        370,
        201,
        153,
        55,
        142,
        116,
        126,
        141,
        7,
        149,
        346,
        293,
        94,
        68,
        268,
        342,
        46,
        29,
        69,
        344,
        134,
        397,
        371,
        148,
        389,
        280,
        95,
        260,
        257,
        90,
        391,
        168,
        111,
        395,
        1,
        139,
        343,
        296,
        267,
        204,
        22,
        233,
        239,
        325,
        264,
        91,
        42,
        146,
        234,
        302,
        311,
        59,
        214,
        65,
        288,
        144,
        241,
        351,
        258,
        192,
        43,
        159,
        199,
        129,
        87,
        278,
        256,
        255,
        271,
        98,
        122,
        56,
        334,
        167,
        362,
        24,
        93,
        250,
        157,
        78,
        254,
        341,
        83,
        16,
        191,
        35,
        210,
        170,
        303,
        145,
        173,
        190,
        240,
        243,
        307,
        368,
        136,
        101,
        107,
        335,
        244,
        323,
        292,
        242,
        112,
        62,
        291,
        217,
        92,
        184,
        32,
        104,
        321,
        372,
        82,
        314,
        287,
        379,
        180,
        72,
        310,
        301,
        365,
        367,
        79,
        84,
        327,
        361,
        305,
        281,
        352,
        177,
        378,
        28,
        337,
        376,
        67,
        195,
        359,
        364,
        319,
        398,
        285,
        49,
        41,
        154,
        40,
        76,
        320,
        75,
        211,
        74,
        324,
        64,
        196,
        221,
        207,
        127,
        205,
        265,
        355,
        100,
        165,
        85,
        4,
        313,
        197,
        348,
        318,
        99,
        96,
        63,
        15,
        274,
        160,
        2,
        251,
        123,
        9,
        299,
        143,
        103,
        176,
        381,
        219,
        215,
        223,
        6,
        294,
        249,
        179,
        209,
        88,
        232,
        396,
        18,
        377,
        349,
        237,
        276,
        158,
        163,
        89,
        52,
        290,
        263,
        387,
        185,
        328,
        50,
        304,
        77,
        152,
        356,
        289,
        30,
        113,
        132,
        11,
        174,
        70,
        45,
        345,
        316,
        383,
        80,
        340,
        308,
        227,
        231,
        175,
        282,
        369,
        151,
        26,
        166,
        125,
        317,
        162,
        102,
        150,
        48,
        169,
        354,
        128,
        31,
        259,
        34,
        374,
        295,
        252,
        253,
        51,
        178,
        218,
        247,
        130,
        238,
        13,
        81,
        390,
        212,
        333,
        275,
        208,
        279,
        188,
        358,
        350,
        171,
        60,
        119,
        105,
        283,
        71,
        5,
        14,
        73,
        216,
        235,
        312,
        38,
        23,
        353,
        338,
        326,
        58,
        140,
        306,
        297,
        262,
        331,
        222,
        203,
        394,
        10,
        322,
        386,
        118,
        336,
        248,
        124,
        384,
        329,
        298,
        27,
        164,
        399,
        246,
        21,
        117,
        332,
        3,
        181,
        54,
        161,
        17,
        236,
        392,
        131,
        25,
        133,
        37,
        213,
        373,
        375,
        156,
        220,
        8,
        97,
        347,
        138,
        315,
        225,
        108,
        270,
        382,
        330,
        261,
        183,
        366,
        53,
        106,
        226,
        194,
        284,
        39,
        229,
        363,
        36,
        187,
        44,
        385,
        206,
        339,
        380,
        230,
        120,
        186,
        115,
        245,
        47
    ],
    "Global Optimum": 0,
    "Algorithm": "Genetic algorithm",
    "Parameters": {
        "population": 30,
        "offspring": 30,
        "mutation probability": 0.0025,
        "crossover probability": 0.9
    },
    "Fitness": 444002,
    "Solution": [
        172,
        19,
        300,
        135,
        200,
        309,
        182,
        86,
        109,
        12,
        66,
        0,
        269,
        224,
        189,
        57,
        357,
        20,
        110,
        114,
        137,
        155,
        360,
        266,
        277,
        273,
        228,
        202,
        286,
        393,
        147,
        198,
        33,
        121,
        193,
        61,
        272,
        388,
        370,
        201,
        153,
        55,
        142,
        116,
        126,
        141,
        7,
        149,
        346,
        293,
        94,
        68,
        268,
        342,
        46,
        29,
        69,
        344,
        134,
        397,
        371,
        148,
        389,
        280,
        95,
        260,
        257,
        90,
        391,
        168,
        111,
        395,
        1,
        139,
        343,
        296,
        267,
        204,
        22,
        233,
        239,
        325,
        264,
        91,
        42,
        146,
        234,
        302,
        311,
        59,
        214,
        65,
        288,
        144,
        241,
        351,
        258,
        192,
        43,
        159,
        199,
        129,
        87,
        278,
        256,
        255,
        271,
        98,
        122,
        56,
        334,
        167,
        362,
        24,
        93,
        250,
        157,
        78,
        254,
        341,
        83,
        16,
        191,
        35,
        210,
        170,
        303,
        145,
        173,
        190,
        240,
        243,
        307,
        368,
        136,
        101,
        107,
        335,
        244,
        323,
        292,
        242,
        112,
        62,
        291,
        217,
        92,
        184,
        32,
        104,
        321,
        372,
        82,
        314,
        287,
        379,
        180,
        72,
        310,
        301,
        365,
        367,
        79,
        84,
        327,
        361,
        305,
        281,
        352,
        177,
        378,
        28,
        337,
        376,
        67,
        195,
        359,
        364,
        319,
        398,
        285,
        49,
        41,
        154,
        40,
        76,
        320,
        75,
        211,
        74,
        324,
        64,
        196,
        221,
        207,
        127,
        205,
        265,
        355,
        100,
        165,
        85,
        4,
        313,
        197,
        348,
        318,
        99,
        96,
        63,
        15,
        274,
        160,
        2,
        251,
        123,
        9,
        299,
        143,
        103,
        176,
        381,
        219,
        215,
        223,
        6,
        294,
        249,
        179,
        209,
        88,
        232,
        396,
        18,
        377,
        349,
        237,
        276,
        158,
        163,
        89,
        52,
        290,
        263,
        387,
        185,
        328,
        50,
        304,
        77,
        152,
        356,
        289,
        30,
        113,
        132,
        11,
        174,
        70,
        45,
        345,
        316,
        383,
        80,
        340,
        308,
        227,
        231,
        175,
        282,
        369,
        151,
        26,
        166,
        125,
        317,
        162,
        102,
        150,
        48,
        169,
        354,
        128,
        31,
        259,
        34,
        374,
        295,
        252,
        253,
        51,
        178,
        218,
        247,
        130,
        238,
        13,
        81,
        390,
        212,
        333,
        275,
        208,
        279,
        188,
        358,
        350,
        171,
        60,
        119,
        105,
        283,
        71,
        5,
        14,
        73,
        216,
        235,
        312,
        38,
        23,
        353,
        338,
        326,
        58,
        140,
        306,
        297,
        262,
        331,
        222,
        203,
        394,
        10,
        322,
        386,
        118,
        336,
        248,
        124,
        384,
        329,
        298,
        27,
        164,
        399,
        246,
        21,
        117,
        332,
        3,
        181,
        54,
        161,
        17,
        236,
        392,
        131,
        25,
        133,
        37,
        213,
        373,
        375,
        156,
        220,
        8,
        97,
        347,
        138,
        315,
        225,
        108,
        270,
        382,
        330,
        261,
        183,
        366,
        53,
        106,
        226,
        194,
        284,
        39,
        229,
        363,
        36,
        187,
        44,
        385,
        206,
        339,
        380,
        230,
        120,
        186,
        115,
        245,
        47
    ],
    "Nb of functions evaluations": 200010,
    "Computational time in seconds": 548.5123245716095,
    "Stopping criterion in evaluations": 200000
}