1° run output:
{
    "Function": "ClusterA100.tsp",
    "Problem dimension": [
        31,
        37,
        14,
        0,
        49,
        5,
        15,
        81,
        20,
        62,
        36,
        85,
        9,
        56,
        98,
        79,
        90,
        25,
        55,
        11,
        2,
        6,
        94,
        17,
        24,
        72,
        78,
        96,
        47,
        21,
        89,
        1,
        54,
        71,
        32,
        76,
        91,
        23,
        82,
        19,
        44,
        67,
        64,
        58,
        8,
        77,
        22,
        53,
        75,
        10,
        66,
        13,
        33,
        7,
        59,
        65,
        12,
        84,
        86,
        88,
        39,
        60,
        61,
        48,
        57,
        87,
        34,
        16,
        74,
        26,
        4,
        38,
        95,
        68,
        45,
        99,
        92,
        42,
        50,
        27,
        63,
        40,
        83,
        29,
        43,
        73,
        3,
        51,
        97,
        18,
        46,
        70,
        52,
        30,
        28,
        35,
        80,
        41,
        69,
        93
    ],
    "Global Optimum": 0,
    "Algorithm": "Genetic algorithm",
    "Parameters": {
        "population": 30,
        "offspring": 30,
        "mutation probability": 0.01,
        "crossover probability": 0.9
    },
    "Fitness": 62613,
    "Solution": [
        31,
        37,
        14,
        0,
        49,
        5,
        15,
        81,
        20,
        62,
        36,
        85,
        9,
        56,
        98,
        79,
        90,
        25,
        55,
        11,
        2,
        6,
        94,
        17,
        24,
        72,
        78,
        96,
        47,
        21,
        89,
        1,
        54,
        71,
        32,
        76,
        91,
        23,
        82,
        19,
        44,
        67,
        64,
        58,
        8,
        77,
        22,
        53,
        75,
        10,
        66,
        13,
        33,
        7,
        59,
        65,
        12,
        84,
        86,
        88,
        39,
        60,
        61,
        48,
        57,
        87,
        34,
        16,
        74,
        26,
        4,
        38,
        95,
        68,
        45,
        99,
        92,
        42,
        50,
        27,
        63,
        40,
        83,
        29,
        43,
        73,
        3,
        51,
        97,
        18,
        46,
        70,
        52,
        30,
        28,
        35,
        80,
        41,
        69,
        93
    ],
    "Nb of functions evaluations": 200010,
    "Computational time in seconds": 62.43324851989746,
    "Stopping criterion in evaluations": 200000
}