24° run output:
{
    "Function": "ClusterA100.tsp",
    "Problem dimension": [
        19,
        65,
        45,
        9,
        85,
        2,
        25,
        16,
        79,
        21,
        39,
        80,
        14,
        49,
        18,
        60,
        78,
        44,
        12,
        91,
        82,
        70,
        52,
        86,
        88,
        33,
        55,
        34,
        53,
        37,
        10,
        22,
        77,
        26,
        17,
        20,
        41,
        23,
        81,
        57,
        48,
        97,
        15,
        96,
        74,
        67,
        4,
        71,
        93,
        32,
        94,
        54,
        89,
        90,
        6,
        64,
        47,
        76,
        24,
        72,
        69,
        59,
        7,
        1,
        31,
        3,
        43,
        40,
        68,
        56,
        95,
        42,
        66,
        50,
        35,
        28,
        5,
        27,
        8,
        92,
        13,
        98,
        38,
        61,
        73,
        0,
        29,
        83,
        63,
        51,
        62,
        84,
        46,
        30,
        11,
        87,
        36,
        58,
        75,
        99
    ],
    "Global Optimum": 0,
    "Algorithm": "Genetic algorithm",
    "Parameters": {
        "population": 30,
        "offspring": 30,
        "mutation probability": 0.01,
        "crossover probability": 0.9
    },
    "Fitness": 63601,
    "Solution": [
        19,
        65,
        45,
        9,
        85,
        2,
        25,
        16,
        79,
        21,
        39,
        80,
        14,
        49,
        18,
        60,
        78,
        44,
        12,
        91,
        82,
        70,
        52,
        86,
        88,
        33,
        55,
        34,
        53,
        37,
        10,
        22,
        77,
        26,
        17,
        20,
        41,
        23,
        81,
        57,
        48,
        97,
        15,
        96,
        74,
        67,
        4,
        71,
        93,
        32,
        94,
        54,
        89,
        90,
        6,
        64,
        47,
        76,
        24,
        72,
        69,
        59,
        7,
        1,
        31,
        3,
        43,
        40,
        68,
        56,
        95,
        42,
        66,
        50,
        35,
        28,
        5,
        27,
        8,
        92,
        13,
        98,
        38,
        61,
        73,
        0,
        29,
        83,
        63,
        51,
        62,
        84,
        46,
        30,
        11,
        87,
        36,
        58,
        75,
        99
    ],
    "Nb of functions evaluations": 200010,
    "Computational time in seconds": 59.236011266708374,
    "Stopping criterion in evaluations": 200000
}