18° run output:
{
    "Function": "ClusterA100.tsp",
    "Problem dimension": [
        59,
        31,
        71,
        4,
        44,
        84,
        46,
        51,
        83,
        29,
        63,
        40,
        43,
        21,
        47,
        54,
        55,
        34,
        37,
        8,
        75,
        12,
        76,
        65,
        93,
        7,
        17,
        33,
        56,
        99,
        9,
        13,
        53,
        2,
        79,
        74,
        1,
        67,
        81,
        62,
        82,
        52,
        45,
        68,
        95,
        39,
        80,
        86,
        20,
        64,
        6,
        98,
        38,
        50,
        88,
        19,
        24,
        72,
        16,
        25,
        36,
        58,
        85,
        30,
        69,
        70,
        23,
        41,
        91,
        73,
        14,
        49,
        97,
        28,
        66,
        92,
        60,
        5,
        27,
        10,
        22,
        77,
        42,
        18,
        0,
        3,
        48,
        57,
        32,
        94,
        26,
        11,
        87,
        90,
        89,
        96,
        35,
        15,
        61,
        78
    ],
    "Global Optimum": 0,
    "Algorithm": "Genetic algorithm",
    "Parameters": {
        "population": 30,
        "offspring": 30,
        "mutation probability": 0.01,
        "crossover probability": 0.9
    },
    "Fitness": 72220,
    "Solution": [
        59,
        31,
        71,
        4,
        44,
        84,
        46,
        51,
        83,
        29,
        63,
        40,
        43,
        21,
        47,
        54,
        55,
        34,
        37,
        8,
        75,
        12,
        76,
        65,
        93,
        7,
        17,
        33,
        56,
        99,
        9,
        13,
        53,
        2,
        79,
        74,
        1,
        67,
        81,
        62,
        82,
        52,
        45,
        68,
        95,
        39,
        80,
        86,
        20,
        64,
        6,
        98,
        38,
        50,
        88,
        19,
        24,
        72,
        16,
        25,
        36,
        58,
        85,
        30,
        69,
        70,
        23,
        41,
        91,
        73,
        14,
        49,
        97,
        28,
        66,
        92,
        60,
        5,
        27,
        10,
        22,
        77,
        42,
        18,
        0,
        3,
        48,
        57,
        32,
        94,
        26,
        11,
        87,
        90,
        89,
        96,
        35,
        15,
        61,
        78
    ],
    "Nb of functions evaluations": 200010,
    "Computational time in seconds": 59.60785269737244,
    "Stopping criterion in evaluations": 200000
}