14° run output:
{
    "Function": "ClusterA100.tsp",
    "Problem dimension": [
        52,
        19,
        77,
        11,
        33,
        68,
        35,
        32,
        4,
        67,
        71,
        30,
        76,
        69,
        81,
        65,
        12,
        84,
        44,
        10,
        13,
        58,
        87,
        42,
        22,
        36,
        8,
        27,
        5,
        18,
        97,
        60,
        80,
        28,
        62,
        86,
        29,
        43,
        83,
        95,
        45,
        98,
        1,
        16,
        2,
        75,
        9,
        24,
        82,
        78,
        88,
        57,
        48,
        49,
        0,
        61,
        20,
        93,
        31,
        59,
        85,
        38,
        37,
        92,
        53,
        99,
        56,
        23,
        91,
        39,
        15,
        50,
        66,
        25,
        89,
        74,
        54,
        94,
        17,
        6,
        79,
        21,
        26,
        47,
        96,
        7,
        90,
        72,
        70,
        41,
        3,
        40,
        73,
        64,
        34,
        55,
        14,
        63,
        51,
        46
    ],
    "Global Optimum": 0,
    "Algorithm": "Genetic algorithm",
    "Parameters": {
        "population": 30,
        "offspring": 30,
        "mutation probability": 0.01,
        "crossover probability": 0.9
    },
    "Fitness": 76036,
    "Solution": [
        52,
        19,
        77,
        11,
        33,
        68,
        35,
        32,
        4,
        67,
        71,
        30,
        76,
        69,
        81,
        65,
        12,
        84,
        44,
        10,
        13,
        58,
        87,
        42,
        22,
        36,
        8,
        27,
        5,
        18,
        97,
        60,
        80,
        28,
        62,
        86,
        29,
        43,
        83,
        95,
        45,
        98,
        1,
        16,
        2,
        75,
        9,
        24,
        82,
        78,
        88,
        57,
        48,
        49,
        0,
        61,
        20,
        93,
        31,
        59,
        85,
        38,
        37,
        92,
        53,
        99,
        56,
        23,
        91,
        39,
        15,
        50,
        66,
        25,
        89,
        74,
        54,
        94,
        17,
        6,
        79,
        21,
        26,
        47,
        96,
        7,
        90,
        72,
        70,
        41,
        3,
        40,
        73,
        64,
        34,
        55,
        14,
        63,
        51,
        46
    ],
    "Nb of functions evaluations": 200010,
    "Computational time in seconds": 59.573904037475586,
    "Stopping criterion in evaluations": 200000
}