19° run output:
{
    "Function": "ClusterA100.tsp",
    "Problem dimension": [
        62,
        70,
        12,
        76,
        32,
        56,
        27,
        92,
        66,
        8,
        22,
        9,
        74,
        96,
        1,
        64,
        59,
        28,
        0,
        14,
        35,
        99,
        50,
        18,
        97,
        54,
        89,
        44,
        69,
        19,
        46,
        82,
        23,
        24,
        72,
        3,
        73,
        61,
        16,
        79,
        5,
        80,
        83,
        51,
        40,
        43,
        87,
        2,
        11,
        75,
        36,
        58,
        13,
        53,
        45,
        68,
        95,
        26,
        21,
        94,
        88,
        39,
        60,
        15,
        81,
        20,
        86,
        84,
        30,
        85,
        98,
        47,
        4,
        25,
        55,
        34,
        17,
        31,
        33,
        6,
        7,
        67,
        71,
        90,
        77,
        42,
        37,
        78,
        93,
        65,
        91,
        52,
        41,
        57,
        48,
        38,
        10,
        49,
        29,
        63
    ],
    "Global Optimum": 0,
    "Algorithm": "Genetic algorithm",
    "Parameters": {
        "population": 30,
        "offspring": 30,
        "mutation probability": 0.01,
        "crossover probability": 0.9
    },
    "Fitness": 69492,
    "Solution": [
        62,
        70,
        12,
        76,
        32,
        56,
        27,
        92,
        66,
        8,
        22,
        9,
        74,
        96,
        1,
        64,
        59,
        28,
        0,
        14,
        35,
        99,
        50,
        18,
        97,
        54,
        89,
        44,
        69,
        19,
        46,
        82,
        23,
        24,
        72,
        3,
        73,
        61,
        16,
        79,
        5,
        80,
        83,
        51,
        40,
        43,
        87,
        2,
        11,
        75,
        36,
        58,
        13,
        53,
        45,
        68,
        95,
        26,
        21,
        94,
        88,
        39,
        60,
        15,
        81,
        20,
        86,
        84,
        30,
        85,
        98,
        47,
        4,
        25,
        55,
        34,
        17,
        31,
        33,
        6,
        7,
        67,
        71,
        90,
        77,
        42,
        37,
        78,
        93,
        65,
        91,
        52,
        41,
        57,
        48,
        38,
        10,
        49,
        29,
        63
    ],
    "Nb of functions evaluations": 200010,
    "Computational time in seconds": 59.740936279296875,
    "Stopping criterion in evaluations": 200000
}