10° run output:
{
    "Function": "ClusterA100.tsp",
    "Problem dimension": [
        46,
        93,
        33,
        64,
        7,
        4,
        67,
        98,
        87,
        75,
        10,
        60,
        28,
        50,
        99,
        32,
        71,
        25,
        74,
        89,
        96,
        1,
        54,
        88,
        78,
        81,
        52,
        70,
        91,
        24,
        82,
        23,
        44,
        84,
        9,
        13,
        11,
        34,
        79,
        21,
        6,
        57,
        3,
        83,
        61,
        39,
        76,
        65,
        19,
        35,
        49,
        18,
        38,
        77,
        42,
        92,
        56,
        47,
        59,
        14,
        80,
        51,
        63,
        29,
        66,
        53,
        85,
        2,
        17,
        86,
        20,
        30,
        31,
        94,
        90,
        16,
        26,
        55,
        36,
        58,
        8,
        22,
        27,
        5,
        97,
        69,
        72,
        41,
        62,
        95,
        45,
        68,
        37,
        15,
        40,
        0,
        43,
        73,
        48,
        12
    ],
    "Global Optimum": 0,
    "Algorithm": "Genetic algorithm",
    "Parameters": {
        "population": 30,
        "offspring": 30,
        "mutation probability": 0.01,
        "crossover probability": 0.9
    },
    "Fitness": 67906,
    "Solution": [
        46,
        93,
        33,
        64,
        7,
        4,
        67,
        98,
        87,
        75,
        10,
        60,
        28,
        50,
        99,
        32,
        71,
        25,
        74,
        89,
        96,
        1,
        54,
        88,
        78,
        81,
        52,
        70,
        91,
        24,
        82,
        23,
        44,
        84,
        9,
        13,
        11,
        34,
        79,
        21,
        6,
        57,
        3,
        83,
        61,
        39,
        76,
        65,
        19,
        35,
        49,
        18,
        38,
        77,
        42,
        92,
        56,
        47,
        59,
        14,
        80,
        51,
        63,
        29,
        66,
        53,
        85,
        2,
        17,
        86,
        20,
        30,
        31,
        94,
        90,
        16,
        26,
        55,
        36,
        58,
        8,
        22,
        27,
        5,
        97,
        69,
        72,
        41,
        62,
        95,
        45,
        68,
        37,
        15,
        40,
        0,
        43,
        73,
        48,
        12
    ],
    "Nb of functions evaluations": 200010,
    "Computational time in seconds": 59.45426368713379,
    "Stopping criterion in evaluations": 200000
}