10° run output:
{
    "Function": "kroC100.tsp",
    "Problem dimension": [
        86,
        95,
        63,
        46,
        7,
        85,
        37,
        57,
        87,
        4,
        55,
        42,
        56,
        18,
        50,
        81,
        60,
        3,
        92,
        9,
        32,
        44,
        68,
        72,
        94,
        76,
        54,
        52,
        23,
        31,
        78,
        66,
        21,
        71,
        70,
        20,
        2,
        99,
        98,
        35,
        25,
        28,
        11,
        34,
        93,
        90,
        22,
        67,
        13,
        40,
        88,
        29,
        58,
        39,
        6,
        45,
        36,
        8,
        77,
        14,
        0,
        5,
        33,
        24,
        89,
        1,
        96,
        80,
        51,
        17,
        43,
        84,
        53,
        74,
        75,
        47,
        10,
        83,
        91,
        79,
        48,
        12,
        64,
        59,
        26,
        38,
        61,
        69,
        49,
        82,
        30,
        16,
        41,
        19,
        97,
        27,
        73,
        65,
        15,
        62
    ],
    "Global Optimum": 0,
    "Algorithm": "Genetic algorithm",
    "Parameters": {
        "population": 30,
        "offspring": 30,
        "mutation probability": 0.01,
        "crossover probability": 0.9
    },
    "Fitness": 82348,
    "Solution": [
        86,
        95,
        63,
        46,
        7,
        85,
        37,
        57,
        87,
        4,
        55,
        42,
        56,
        18,
        50,
        81,
        60,
        3,
        92,
        9,
        32,
        44,
        68,
        72,
        94,
        76,
        54,
        52,
        23,
        31,
        78,
        66,
        21,
        71,
        70,
        20,
        2,
        99,
        98,
        35,
        25,
        28,
        11,
        34,
        93,
        90,
        22,
        67,
        13,
        40,
        88,
        29,
        58,
        39,
        6,
        45,
        36,
        8,
        77,
        14,
        0,
        5,
        33,
        24,
        89,
        1,
        96,
        80,
        51,
        17,
        43,
        84,
        53,
        74,
        75,
        47,
        10,
        83,
        91,
        79,
        48,
        12,
        64,
        59,
        26,
        38,
        61,
        69,
        49,
        82,
        30,
        16,
        41,
        19,
        97,
        27,
        73,
        65,
        15,
        62
    ],
    "Nb of functions evaluations": 50010,
    "Computational time in seconds": 23.448923587799072,
    "Stopping criterion in evaluations": 50000
}