15° run output:
{
    "Function": "kroC100.tsp",
    "Problem dimension": [
        48,
        91,
        36,
        92,
        95,
        43,
        10,
        47,
        35,
        9,
        96,
        73,
        27,
        38,
        97,
        74,
        7,
        24,
        89,
        33,
        4,
        37,
        70,
        2,
        58,
        72,
        20,
        88,
        44,
        3,
        77,
        0,
        59,
        23,
        8,
        15,
        84,
        39,
        64,
        46,
        87,
        71,
        16,
        82,
        29,
        52,
        30,
        55,
        49,
        93,
        1,
        56,
        68,
        22,
        69,
        80,
        26,
        53,
        57,
        94,
        42,
        21,
        78,
        40,
        54,
        63,
        41,
        45,
        83,
        51,
        86,
        65,
        75,
        90,
        85,
        61,
        67,
        17,
        60,
        62,
        50,
        31,
        81,
        25,
        6,
        28,
        98,
        34,
        13,
        18,
        32,
        99,
        76,
        79,
        12,
        66,
        5,
        19,
        14,
        11
    ],
    "Global Optimum": 0,
    "Algorithm": "Genetic algorithm",
    "Parameters": {
        "population": 30,
        "offspring": 30,
        "mutation probability": 0.01,
        "crossover probability": 0.9
    },
    "Fitness": 80836,
    "Solution": [
        48,
        91,
        36,
        92,
        95,
        43,
        10,
        47,
        35,
        9,
        96,
        73,
        27,
        38,
        97,
        74,
        7,
        24,
        89,
        33,
        4,
        37,
        70,
        2,
        58,
        72,
        20,
        88,
        44,
        3,
        77,
        0,
        59,
        23,
        8,
        15,
        84,
        39,
        64,
        46,
        87,
        71,
        16,
        82,
        29,
        52,
        30,
        55,
        49,
        93,
        1,
        56,
        68,
        22,
        69,
        80,
        26,
        53,
        57,
        94,
        42,
        21,
        78,
        40,
        54,
        63,
        41,
        45,
        83,
        51,
        86,
        65,
        75,
        90,
        85,
        61,
        67,
        17,
        60,
        62,
        50,
        31,
        81,
        25,
        6,
        28,
        98,
        34,
        13,
        18,
        32,
        99,
        76,
        79,
        12,
        66,
        5,
        19,
        14,
        11
    ],
    "Nb of functions evaluations": 50010,
    "Computational time in seconds": 23.648006916046143,
    "Stopping criterion in evaluations": 50000
}