25° run output:
{
    "Function": "kroC100.tsp",
    "Problem dimension": [
        75,
        71,
        70,
        27,
        57,
        82,
        26,
        11,
        17,
        8,
        77,
        39,
        52,
        14,
        78,
        53,
        84,
        96,
        58,
        22,
        20,
        69,
        37,
        88,
        93,
        34,
        12,
        92,
        7,
        16,
        74,
        21,
        64,
        40,
        2,
        86,
        13,
        1,
        97,
        87,
        42,
        79,
        45,
        36,
        18,
        83,
        65,
        10,
        44,
        91,
        98,
        60,
        6,
        31,
        23,
        35,
        80,
        9,
        72,
        49,
        85,
        67,
        59,
        68,
        99,
        73,
        56,
        32,
        5,
        0,
        48,
        28,
        95,
        51,
        47,
        43,
        62,
        3,
        30,
        66,
        46,
        41,
        54,
        90,
        76,
        63,
        19,
        61,
        94,
        4,
        55,
        38,
        33,
        89,
        24,
        25,
        50,
        81,
        15,
        29
    ],
    "Global Optimum": 0,
    "Algorithm": "Genetic algorithm",
    "Parameters": {
        "population": 30,
        "offspring": 30,
        "mutation probability": 0.01,
        "crossover probability": 0.9
    },
    "Fitness": 77464,
    "Solution": [
        75,
        71,
        70,
        27,
        57,
        82,
        26,
        11,
        17,
        8,
        77,
        39,
        52,
        14,
        78,
        53,
        84,
        96,
        58,
        22,
        20,
        69,
        37,
        88,
        93,
        34,
        12,
        92,
        7,
        16,
        74,
        21,
        64,
        40,
        2,
        86,
        13,
        1,
        97,
        87,
        42,
        79,
        45,
        36,
        18,
        83,
        65,
        10,
        44,
        91,
        98,
        60,
        6,
        31,
        23,
        35,
        80,
        9,
        72,
        49,
        85,
        67,
        59,
        68,
        99,
        73,
        56,
        32,
        5,
        0,
        48,
        28,
        95,
        51,
        47,
        43,
        62,
        3,
        30,
        66,
        46,
        41,
        54,
        90,
        76,
        63,
        19,
        61,
        94,
        4,
        55,
        38,
        33,
        89,
        24,
        25,
        50,
        81,
        15,
        29
    ],
    "Nb of functions evaluations": 50010,
    "Computational time in seconds": 23.611512184143066,
    "Stopping criterion in evaluations": 50000
}