26° run output:
{
    "Function": "kroC100.tsp",
    "Problem dimension": [
        10,
        95,
        51,
        47,
        43,
        53,
        5,
        40,
        68,
        35,
        13,
        72,
        69,
        71,
        82,
        42,
        22,
        93,
        94,
        20,
        62,
        15,
        63,
        89,
        87,
        75,
        80,
        99,
        32,
        56,
        91,
        86,
        58,
        49,
        24,
        57,
        97,
        16,
        29,
        2,
        85,
        4,
        21,
        7,
        41,
        81,
        65,
        18,
        50,
        83,
        77,
        84,
        9,
        44,
        98,
        25,
        60,
        19,
        67,
        88,
        73,
        96,
        48,
        17,
        31,
        8,
        36,
        1,
        90,
        61,
        70,
        34,
        52,
        0,
        54,
        74,
        66,
        30,
        76,
        11,
        26,
        14,
        79,
        3,
        59,
        78,
        39,
        45,
        92,
        6,
        23,
        55,
        27,
        37,
        38,
        33,
        46,
        28,
        12,
        64
    ],
    "Global Optimum": 0,
    "Algorithm": "Genetic algorithm",
    "Parameters": {
        "population": 30,
        "offspring": 30,
        "mutation probability": 0.01,
        "crossover probability": 0.9
    },
    "Fitness": 85627,
    "Solution": [
        10,
        95,
        51,
        47,
        43,
        53,
        5,
        40,
        68,
        35,
        13,
        72,
        69,
        71,
        82,
        42,
        22,
        93,
        94,
        20,
        62,
        15,
        63,
        89,
        87,
        75,
        80,
        99,
        32,
        56,
        91,
        86,
        58,
        49,
        24,
        57,
        97,
        16,
        29,
        2,
        85,
        4,
        21,
        7,
        41,
        81,
        65,
        18,
        50,
        83,
        77,
        84,
        9,
        44,
        98,
        25,
        60,
        19,
        67,
        88,
        73,
        96,
        48,
        17,
        31,
        8,
        36,
        1,
        90,
        61,
        70,
        34,
        52,
        0,
        54,
        74,
        66,
        30,
        76,
        11,
        26,
        14,
        79,
        3,
        59,
        78,
        39,
        45,
        92,
        6,
        23,
        55,
        27,
        37,
        38,
        33,
        46,
        28,
        12,
        64
    ],
    "Nb of functions evaluations": 50010,
    "Computational time in seconds": 23.025829315185547,
    "Stopping criterion in evaluations": 50000
}