9° run output:
{
    "Function": "kroB100.tsp",
    "Problem dimension": [
        24,
        26,
        70,
        89,
        7,
        27,
        75,
        67,
        55,
        78,
        80,
        36,
        71,
        8,
        25,
        68,
        99,
        64,
        74,
        48,
        29,
        4,
        38,
        79,
        19,
        37,
        31,
        58,
        6,
        73,
        1,
        63,
        59,
        18,
        66,
        39,
        52,
        9,
        45,
        0,
        98,
        10,
        84,
        2,
        92,
        20,
        94,
        49,
        91,
        87,
        83,
        47,
        50,
        82,
        85,
        97,
        96,
        28,
        86,
        3,
        32,
        33,
        11,
        65,
        23,
        51,
        57,
        93,
        56,
        60,
        44,
        16,
        35,
        13,
        30,
        5,
        88,
        34,
        41,
        12,
        77,
        62,
        40,
        22,
        21,
        61,
        69,
        72,
        90,
        14,
        81,
        15,
        95,
        43,
        17,
        76,
        53,
        46,
        54,
        42
    ],
    "Global Optimum": 0,
    "Algorithm": "Genetic algorithm",
    "Parameters": {
        "population": 30,
        "offspring": 30,
        "mutation probability": 0.01,
        "crossover probability": 0.9
    },
    "Fitness": 79402,
    "Solution": [
        24,
        26,
        70,
        89,
        7,
        27,
        75,
        67,
        55,
        78,
        80,
        36,
        71,
        8,
        25,
        68,
        99,
        64,
        74,
        48,
        29,
        4,
        38,
        79,
        19,
        37,
        31,
        58,
        6,
        73,
        1,
        63,
        59,
        18,
        66,
        39,
        52,
        9,
        45,
        0,
        98,
        10,
        84,
        2,
        92,
        20,
        94,
        49,
        91,
        87,
        83,
        47,
        50,
        82,
        85,
        97,
        96,
        28,
        86,
        3,
        32,
        33,
        11,
        65,
        23,
        51,
        57,
        93,
        56,
        60,
        44,
        16,
        35,
        13,
        30,
        5,
        88,
        34,
        41,
        12,
        77,
        62,
        40,
        22,
        21,
        61,
        69,
        72,
        90,
        14,
        81,
        15,
        95,
        43,
        17,
        76,
        53,
        46,
        54,
        42
    ],
    "Nb of functions evaluations": 50010,
    "Computational time in seconds": 23.333338499069214,
    "Stopping criterion in evaluations": 50000
}