24° run output:
{
    "Function": "kroB100.tsp",
    "Problem dimension": [
        13,
        95,
        91,
        34,
        26,
        8,
        33,
        16,
        44,
        35,
        36,
        37,
        6,
        56,
        42,
        53,
        67,
        69,
        19,
        24,
        89,
        61,
        68,
        74,
        27,
        28,
        54,
        85,
        96,
        98,
        86,
        81,
        32,
        12,
        1,
        76,
        49,
        63,
        82,
        88,
        25,
        4,
        52,
        90,
        7,
        2,
        58,
        94,
        10,
        84,
        46,
        71,
        21,
        62,
        50,
        30,
        15,
        77,
        43,
        40,
        18,
        23,
        17,
        87,
        22,
        64,
        55,
        29,
        20,
        70,
        31,
        97,
        0,
        72,
        38,
        92,
        60,
        93,
        73,
        48,
        79,
        51,
        59,
        41,
        65,
        9,
        39,
        66,
        99,
        47,
        3,
        5,
        83,
        57,
        75,
        11,
        45,
        80,
        78,
        14
    ],
    "Global Optimum": 0,
    "Algorithm": "Genetic algorithm",
    "Parameters": {
        "population": 30,
        "offspring": 30,
        "mutation probability": 0.01,
        "crossover probability": 0.9
    },
    "Fitness": 81469,
    "Solution": [
        13,
        95,
        91,
        34,
        26,
        8,
        33,
        16,
        44,
        35,
        36,
        37,
        6,
        56,
        42,
        53,
        67,
        69,
        19,
        24,
        89,
        61,
        68,
        74,
        27,
        28,
        54,
        85,
        96,
        98,
        86,
        81,
        32,
        12,
        1,
        76,
        49,
        63,
        82,
        88,
        25,
        4,
        52,
        90,
        7,
        2,
        58,
        94,
        10,
        84,
        46,
        71,
        21,
        62,
        50,
        30,
        15,
        77,
        43,
        40,
        18,
        23,
        17,
        87,
        22,
        64,
        55,
        29,
        20,
        70,
        31,
        97,
        0,
        72,
        38,
        92,
        60,
        93,
        73,
        48,
        79,
        51,
        59,
        41,
        65,
        9,
        39,
        66,
        99,
        47,
        3,
        5,
        83,
        57,
        75,
        11,
        45,
        80,
        78,
        14
    ],
    "Nb of functions evaluations": 50010,
    "Computational time in seconds": 22.90200424194336,
    "Stopping criterion in evaluations": 50000
}