26° run output:
{
    "Function": "kroB100.tsp",
    "Problem dimension": [
        15,
        49,
        1,
        47,
        77,
        82,
        51,
        53,
        97,
        28,
        96,
        11,
        7,
        2,
        31,
        73,
        81,
        32,
        14,
        30,
        50,
        44,
        35,
        91,
        12,
        65,
        26,
        56,
        42,
        3,
        5,
        98,
        21,
        87,
        64,
        23,
        43,
        18,
        75,
        58,
        74,
        66,
        39,
        37,
        20,
        0,
        83,
        6,
        59,
        33,
        89,
        29,
        80,
        46,
        68,
        36,
        54,
        88,
        79,
        85,
        19,
        99,
        61,
        10,
        90,
        27,
        38,
        72,
        78,
        17,
        13,
        69,
        52,
        4,
        25,
        67,
        84,
        62,
        16,
        93,
        48,
        9,
        92,
        55,
        22,
        40,
        95,
        76,
        71,
        8,
        94,
        45,
        24,
        63,
        41,
        86,
        60,
        34,
        70,
        57
    ],
    "Global Optimum": 0,
    "Algorithm": "Genetic algorithm",
    "Parameters": {
        "population": 30,
        "offspring": 30,
        "mutation probability": 0.01,
        "crossover probability": 0.9
    },
    "Fitness": 86847,
    "Solution": [
        15,
        49,
        1,
        47,
        77,
        82,
        51,
        53,
        97,
        28,
        96,
        11,
        7,
        2,
        31,
        73,
        81,
        32,
        14,
        30,
        50,
        44,
        35,
        91,
        12,
        65,
        26,
        56,
        42,
        3,
        5,
        98,
        21,
        87,
        64,
        23,
        43,
        18,
        75,
        58,
        74,
        66,
        39,
        37,
        20,
        0,
        83,
        6,
        59,
        33,
        89,
        29,
        80,
        46,
        68,
        36,
        54,
        88,
        79,
        85,
        19,
        99,
        61,
        10,
        90,
        27,
        38,
        72,
        78,
        17,
        13,
        69,
        52,
        4,
        25,
        67,
        84,
        62,
        16,
        93,
        48,
        9,
        92,
        55,
        22,
        40,
        95,
        76,
        71,
        8,
        94,
        45,
        24,
        63,
        41,
        86,
        60,
        34,
        70,
        57
    ],
    "Nb of functions evaluations": 50010,
    "Computational time in seconds": 23.257354497909546,
    "Stopping criterion in evaluations": 50000
}