15° run output:
{
    "Function": "kroB100.tsp",
    "Problem dimension": [
        89,
        79,
        49,
        54,
        22,
        63,
        30,
        1,
        53,
        33,
        65,
        31,
        27,
        96,
        78,
        46,
        87,
        21,
        51,
        5,
        86,
        59,
        76,
        15,
        41,
        17,
        57,
        60,
        34,
        36,
        19,
        94,
        37,
        55,
        25,
        61,
        20,
        98,
        8,
        56,
        0,
        2,
        58,
        7,
        70,
        24,
        42,
        32,
        82,
        88,
        6,
        71,
        64,
        18,
        16,
        40,
        75,
        92,
        69,
        68,
        23,
        44,
        77,
        47,
        12,
        43,
        39,
        9,
        67,
        11,
        90,
        10,
        38,
        4,
        66,
        99,
        80,
        26,
        93,
        73,
        81,
        62,
        35,
        95,
        91,
        28,
        52,
        72,
        84,
        48,
        85,
        45,
        97,
        3,
        14,
        50,
        13,
        83,
        29,
        74
    ],
    "Global Optimum": 0,
    "Algorithm": "Genetic algorithm",
    "Parameters": {
        "population": 30,
        "offspring": 30,
        "mutation probability": 0.01,
        "crossover probability": 0.9
    },
    "Fitness": 80319,
    "Solution": [
        89,
        79,
        49,
        54,
        22,
        63,
        30,
        1,
        53,
        33,
        65,
        31,
        27,
        96,
        78,
        46,
        87,
        21,
        51,
        5,
        86,
        59,
        76,
        15,
        41,
        17,
        57,
        60,
        34,
        36,
        19,
        94,
        37,
        55,
        25,
        61,
        20,
        98,
        8,
        56,
        0,
        2,
        58,
        7,
        70,
        24,
        42,
        32,
        82,
        88,
        6,
        71,
        64,
        18,
        16,
        40,
        75,
        92,
        69,
        68,
        23,
        44,
        77,
        47,
        12,
        43,
        39,
        9,
        67,
        11,
        90,
        10,
        38,
        4,
        66,
        99,
        80,
        26,
        93,
        73,
        81,
        62,
        35,
        95,
        91,
        28,
        52,
        72,
        84,
        48,
        85,
        45,
        97,
        3,
        14,
        50,
        13,
        83,
        29,
        74
    ],
    "Nb of functions evaluations": 50010,
    "Computational time in seconds": 23.269810676574707,
    "Stopping criterion in evaluations": 50000
}