8° run output:
{
    "Function": "kroB400.tsp",
    "Problem dimension": [
        223,
        310,
        268,
        339,
        82,
        380,
        67,
        85,
        146,
        286,
        47,
        351,
        152,
        254,
        53,
        178,
        83,
        282,
        244,
        293,
        121,
        123,
        332,
        322,
        224,
        337,
        366,
        292,
        236,
        18,
        151,
        126,
        313,
        90,
        312,
        98,
        314,
        278,
        9,
        97,
        389,
        376,
        305,
        181,
        109,
        283,
        338,
        249,
        168,
        76,
        51,
        65,
        398,
        25,
        61,
        193,
        93,
        32,
        119,
        161,
        219,
        208,
        320,
        21,
        301,
        245,
        14,
        30,
        70,
        72,
        325,
        11,
        241,
        355,
        68,
        378,
        3,
        29,
        343,
        290,
        55,
        133,
        77,
        136,
        124,
        142,
        317,
        234,
        360,
        267,
        1,
        377,
        13,
        153,
        269,
        92,
        326,
        369,
        221,
        272,
        213,
        110,
        195,
        73,
        373,
        395,
        156,
        84,
        251,
        197,
        188,
        43,
        134,
        232,
        117,
        157,
        128,
        228,
        95,
        194,
        330,
        103,
        172,
        348,
        149,
        180,
        10,
        289,
        240,
        6,
        159,
        229,
        342,
        120,
        190,
        217,
        384,
        341,
        112,
        257,
        199,
        4,
        346,
        130,
        28,
        218,
        253,
        307,
        215,
        220,
        64,
        89,
        358,
        352,
        231,
        175,
        364,
        372,
        36,
        311,
        17,
        273,
        250,
        209,
        255,
        96,
        237,
        275,
        12,
        271,
        141,
        139,
        52,
        239,
        186,
        243,
        88,
        16,
        143,
        144,
        108,
        361,
        281,
        277,
        374,
        303,
        302,
        242,
        200,
        116,
        79,
        363,
        59,
        393,
        148,
        319,
        99,
        264,
        46,
        189,
        198,
        265,
        176,
        309,
        87,
        131,
        174,
        391,
        383,
        266,
        370,
        260,
        169,
        211,
        252,
        248,
        304,
        38,
        39,
        340,
        288,
        183,
        127,
        8,
        160,
        94,
        20,
        335,
        122,
        385,
        202,
        316,
        331,
        205,
        328,
        222,
        192,
        206,
        105,
        177,
        56,
        35,
        48,
        19,
        66,
        390,
        258,
        357,
        0,
        323,
        261,
        107,
        75,
        399,
        34,
        2,
        397,
        5,
        111,
        333,
        138,
        276,
        115,
        350,
        113,
        318,
        216,
        104,
        291,
        387,
        324,
        167,
        298,
        166,
        371,
        297,
        63,
        225,
        37,
        50,
        155,
        7,
        336,
        118,
        62,
        204,
        129,
        137,
        31,
        57,
        33,
        227,
        386,
        163,
        158,
        69,
        74,
        280,
        230,
        334,
        179,
        114,
        365,
        246,
        125,
        15,
        27,
        327,
        187,
        379,
        356,
        279,
        182,
        394,
        91,
        353,
        235,
        185,
        262,
        191,
        362,
        147,
        295,
        296,
        154,
        81,
        345,
        54,
        299,
        165,
        171,
        306,
        259,
        45,
        368,
        256,
        173,
        106,
        60,
        270,
        285,
        349,
        170,
        329,
        196,
        145,
        86,
        274,
        184,
        100,
        263,
        284,
        23,
        162,
        22,
        78,
        140,
        71,
        300,
        49,
        201,
        226,
        233,
        354,
        381,
        24,
        367,
        392,
        26,
        102,
        359,
        135,
        388,
        382,
        347,
        164,
        44,
        80,
        321,
        294,
        238,
        132,
        58,
        247,
        344,
        212,
        41,
        375,
        42,
        214,
        207,
        287,
        308,
        150,
        40,
        203,
        396,
        210,
        315,
        101
    ],
    "Global Optimum": 0,
    "Algorithm": "Genetic algorithm",
    "Parameters": {
        "population": 30,
        "offspring": 30,
        "mutation probability": 0.0025,
        "crossover probability": 0.9
    },
    "Fitness": 536429,
    "Solution": [
        223,
        310,
        268,
        339,
        82,
        380,
        67,
        85,
        146,
        286,
        47,
        351,
        152,
        254,
        53,
        178,
        83,
        282,
        244,
        293,
        121,
        123,
        332,
        322,
        224,
        337,
        366,
        292,
        236,
        18,
        151,
        126,
        313,
        90,
        312,
        98,
        314,
        278,
        9,
        97,
        389,
        376,
        305,
        181,
        109,
        283,
        338,
        249,
        168,
        76,
        51,
        65,
        398,
        25,
        61,
        193,
        93,
        32,
        119,
        161,
        219,
        208,
        320,
        21,
        301,
        245,
        14,
        30,
        70,
        72,
        325,
        11,
        241,
        355,
        68,
        378,
        3,
        29,
        343,
        290,
        55,
        133,
        77,
        136,
        124,
        142,
        317,
        234,
        360,
        267,
        1,
        377,
        13,
        153,
        269,
        92,
        326,
        369,
        221,
        272,
        213,
        110,
        195,
        73,
        373,
        395,
        156,
        84,
        251,
        197,
        188,
        43,
        134,
        232,
        117,
        157,
        128,
        228,
        95,
        194,
        330,
        103,
        172,
        348,
        149,
        180,
        10,
        289,
        240,
        6,
        159,
        229,
        342,
        120,
        190,
        217,
        384,
        341,
        112,
        257,
        199,
        4,
        346,
        130,
        28,
        218,
        253,
        307,
        215,
        220,
        64,
        89,
        358,
        352,
        231,
        175,
        364,
        372,
        36,
        311,
        17,
        273,
        250,
        209,
        255,
        96,
        237,
        275,
        12,
        271,
        141,
        139,
        52,
        239,
        186,
        243,
        88,
        16,
        143,
        144,
        108,
        361,
        281,
        277,
        374,
        303,
        302,
        242,
        200,
        116,
        79,
        363,
        59,
        393,
        148,
        319,
        99,
        264,
        46,
        189,
        198,
        265,
        176,
        309,
        87,
        131,
        174,
        391,
        383,
        266,
        370,
        260,
        169,
        211,
        252,
        248,
        304,
        38,
        39,
        340,
        288,
        183,
        127,
        8,
        160,
        94,
        20,
        335,
        122,
        385,
        202,
        316,
        331,
        205,
        328,
        222,
        192,
        206,
        105,
        177,
        56,
        35,
        48,
        19,
        66,
        390,
        258,
        357,
        0,
        323,
        261,
        107,
        75,
        399,
        34,
        2,
        397,
        5,
        111,
        333,
        138,
        276,
        115,
        350,
        113,
        318,
        216,
        104,
        291,
        387,
        324,
        167,
        298,
        166,
        371,
        297,
        63,
        225,
        37,
        50,
        155,
        7,
        336,
        118,
        62,
        204,
        129,
        137,
        31,
        57,
        33,
        227,
        386,
        163,
        158,
        69,
        74,
        280,
        230,
        334,
        179,
        114,
        365,
        246,
        125,
        15,
        27,
        327,
        187,
        379,
        356,
        279,
        182,
        394,
        91,
        353,
        235,
        185,
        262,
        191,
        362,
        147,
        295,
        296,
        154,
        81,
        345,
        54,
        299,
        165,
        171,
        306,
        259,
        45,
        368,
        256,
        173,
        106,
        60,
        270,
        285,
        349,
        170,
        329,
        196,
        145,
        86,
        274,
        184,
        100,
        263,
        284,
        23,
        162,
        22,
        78,
        140,
        71,
        300,
        49,
        201,
        226,
        233,
        354,
        381,
        24,
        367,
        392,
        26,
        102,
        359,
        135,
        388,
        382,
        347,
        164,
        44,
        80,
        321,
        294,
        238,
        132,
        58,
        247,
        344,
        212,
        41,
        375,
        42,
        214,
        207,
        287,
        308,
        150,
        40,
        203,
        396,
        210,
        315,
        101
    ],
    "Nb of functions evaluations": 50010,
    "Computational time in seconds": 259.0901985168457,
    "Stopping criterion in evaluations": 50000
}