29° run output:
{
    "Function": "kroB400.tsp",
    "Problem dimension": [
        198,
        202,
        379,
        7,
        247,
        320,
        347,
        16,
        326,
        354,
        182,
        330,
        115,
        101,
        375,
        54,
        71,
        352,
        376,
        190,
        63,
        272,
        140,
        208,
        109,
        40,
        266,
        210,
        178,
        288,
        305,
        179,
        303,
        11,
        173,
        255,
        273,
        156,
        351,
        344,
        360,
        296,
        41,
        161,
        22,
        131,
        120,
        5,
        50,
        187,
        34,
        162,
        332,
        31,
        128,
        58,
        184,
        393,
        259,
        392,
        139,
        176,
        386,
        299,
        250,
        218,
        116,
        251,
        13,
        155,
        66,
        340,
        301,
        366,
        125,
        136,
        292,
        339,
        170,
        87,
        306,
        315,
        23,
        294,
        135,
        26,
        227,
        110,
        38,
        117,
        248,
        258,
        369,
        56,
        267,
        49,
        137,
        174,
        357,
        70,
        249,
        321,
        373,
        348,
        121,
        25,
        9,
        209,
        45,
        73,
        302,
        311,
        397,
        270,
        27,
        75,
        183,
        132,
        213,
        278,
        363,
        282,
        175,
        181,
        100,
        309,
        207,
        35,
        118,
        224,
        300,
        17,
        95,
        18,
        147,
        191,
        149,
        10,
        134,
        217,
        148,
        313,
        359,
        215,
        119,
        194,
        257,
        383,
        242,
        74,
        271,
        151,
        329,
        279,
        252,
        164,
        262,
        297,
        261,
        380,
        160,
        295,
        201,
        138,
        353,
        322,
        389,
        172,
        99,
        85,
        90,
        122,
        192,
        195,
        355,
        253,
        334,
        226,
        239,
        231,
        80,
        107,
        37,
        20,
        220,
        98,
        196,
        377,
        42,
        78,
        298,
        69,
        92,
        12,
        291,
        399,
        89,
        153,
        51,
        245,
        365,
        235,
        52,
        2,
        358,
        312,
        57,
        236,
        264,
        228,
        364,
        367,
        324,
        361,
        88,
        111,
        316,
        323,
        114,
        276,
        372,
        265,
        166,
        106,
        6,
        62,
        145,
        290,
        157,
        346,
        223,
        76,
        108,
        246,
        67,
        325,
        94,
        55,
        285,
        30,
        388,
        225,
        83,
        240,
        48,
        200,
        275,
        286,
        335,
        84,
        287,
        232,
        385,
        123,
        24,
        345,
        211,
        337,
        141,
        171,
        163,
        81,
        307,
        238,
        387,
        185,
        124,
        230,
        343,
        219,
        19,
        113,
        144,
        395,
        126,
        60,
        177,
        390,
        212,
        3,
        146,
        142,
        15,
        152,
        104,
        338,
        368,
        4,
        277,
        342,
        269,
        86,
        33,
        0,
        260,
        102,
        59,
        36,
        374,
        318,
        289,
        370,
        43,
        154,
        91,
        356,
        263,
        79,
        341,
        188,
        327,
        293,
        112,
        336,
        350,
        1,
        254,
        93,
        384,
        203,
        398,
        221,
        169,
        229,
        133,
        180,
        72,
        283,
        280,
        159,
        391,
        244,
        319,
        21,
        308,
        82,
        53,
        64,
        14,
        167,
        222,
        204,
        193,
        68,
        158,
        396,
        150,
        317,
        382,
        214,
        44,
        199,
        371,
        32,
        127,
        186,
        47,
        77,
        39,
        378,
        281,
        314,
        96,
        143,
        46,
        241,
        243,
        237,
        328,
        274,
        205,
        65,
        233,
        284,
        129,
        304,
        97,
        61,
        256,
        394,
        8,
        381,
        189,
        197,
        234,
        216,
        105,
        349,
        331,
        28,
        310,
        165,
        362,
        268,
        168,
        103,
        29,
        130,
        333,
        206
    ],
    "Global Optimum": 0,
    "Algorithm": "Genetic algorithm",
    "Parameters": {
        "population": 30,
        "offspring": 30,
        "mutation probability": 0.0025,
        "crossover probability": 0.9
    },
    "Fitness": 500644,
    "Solution": [
        198,
        202,
        379,
        7,
        247,
        320,
        347,
        16,
        326,
        354,
        182,
        330,
        115,
        101,
        375,
        54,
        71,
        352,
        376,
        190,
        63,
        272,
        140,
        208,
        109,
        40,
        266,
        210,
        178,
        288,
        305,
        179,
        303,
        11,
        173,
        255,
        273,
        156,
        351,
        344,
        360,
        296,
        41,
        161,
        22,
        131,
        120,
        5,
        50,
        187,
        34,
        162,
        332,
        31,
        128,
        58,
        184,
        393,
        259,
        392,
        139,
        176,
        386,
        299,
        250,
        218,
        116,
        251,
        13,
        155,
        66,
        340,
        301,
        366,
        125,
        136,
        292,
        339,
        170,
        87,
        306,
        315,
        23,
        294,
        135,
        26,
        227,
        110,
        38,
        117,
        248,
        258,
        369,
        56,
        267,
        49,
        137,
        174,
        357,
        70,
        249,
        321,
        373,
        348,
        121,
        25,
        9,
        209,
        45,
        73,
        302,
        311,
        397,
        270,
        27,
        75,
        183,
        132,
        213,
        278,
        363,
        282,
        175,
        181,
        100,
        309,
        207,
        35,
        118,
        224,
        300,
        17,
        95,
        18,
        147,
        191,
        149,
        10,
        134,
        217,
        148,
        313,
        359,
        215,
        119,
        194,
        257,
        383,
        242,
        74,
        271,
        151,
        329,
        279,
        252,
        164,
        262,
        297,
        261,
        380,
        160,
        295,
        201,
        138,
        353,
        322,
        389,
        172,
        99,
        85,
        90,
        122,
        192,
        195,
        355,
        253,
        334,
        226,
        239,
        231,
        80,
        107,
        37,
        20,
        220,
        98,
        196,
        377,
        42,
        78,
        298,
        69,
        92,
        12,
        291,
        399,
        89,
        153,
        51,
        245,
        365,
        235,
        52,
        2,
        358,
        312,
        57,
        236,
        264,
        228,
        364,
        367,
        324,
        361,
        88,
        111,
        316,
        323,
        114,
        276,
        372,
        265,
        166,
        106,
        6,
        62,
        145,
        290,
        157,
        346,
        223,
        76,
        108,
        246,
        67,
        325,
        94,
        55,
        285,
        30,
        388,
        225,
        83,
        240,
        48,
        200,
        275,
        286,
        335,
        84,
        287,
        232,
        385,
        123,
        24,
        345,
        211,
        337,
        141,
        171,
        163,
        81,
        307,
        238,
        387,
        185,
        124,
        230,
        343,
        219,
        19,
        113,
        144,
        395,
        126,
        60,
        177,
        390,
        212,
        3,
        146,
        142,
        15,
        152,
        104,
        338,
        368,
        4,
        277,
        342,
        269,
        86,
        33,
        0,
        260,
        102,
        59,
        36,
        374,
        318,
        289,
        370,
        43,
        154,
        91,
        356,
        263,
        79,
        341,
        188,
        327,
        293,
        112,
        336,
        350,
        1,
        254,
        93,
        384,
        203,
        398,
        221,
        169,
        229,
        133,
        180,
        72,
        283,
        280,
        159,
        391,
        244,
        319,
        21,
        308,
        82,
        53,
        64,
        14,
        167,
        222,
        204,
        193,
        68,
        158,
        396,
        150,
        317,
        382,
        214,
        44,
        199,
        371,
        32,
        127,
        186,
        47,
        77,
        39,
        378,
        281,
        314,
        96,
        143,
        46,
        241,
        243,
        237,
        328,
        274,
        205,
        65,
        233,
        284,
        129,
        304,
        97,
        61,
        256,
        394,
        8,
        381,
        189,
        197,
        234,
        216,
        105,
        349,
        331,
        28,
        310,
        165,
        362,
        268,
        168,
        103,
        29,
        130,
        333,
        206
    ],
    "Nb of functions evaluations": 50010,
    "Computational time in seconds": 244.99147248268127,
    "Stopping criterion in evaluations": 50000
}