20° run output:
{
    "Function": "kroB400.tsp",
    "Problem dimension": [
        197,
        265,
        194,
        215,
        219,
        114,
        106,
        173,
        10,
        299,
        75,
        207,
        8,
        369,
        79,
        26,
        283,
        17,
        95,
        279,
        379,
        187,
        360,
        146,
        48,
        229,
        256,
        324,
        258,
        287,
        188,
        244,
        305,
        31,
        24,
        110,
        376,
        347,
        203,
        9,
        336,
        170,
        385,
        104,
        263,
        68,
        202,
        270,
        250,
        74,
        239,
        312,
        155,
        214,
        124,
        120,
        62,
        125,
        343,
        328,
        22,
        83,
        112,
        116,
        269,
        157,
        135,
        70,
        294,
        222,
        247,
        179,
        28,
        274,
        44,
        192,
        51,
        166,
        231,
        41,
        230,
        220,
        6,
        115,
        352,
        128,
        346,
        154,
        249,
        151,
        82,
        370,
        223,
        27,
        183,
        49,
        195,
        382,
        91,
        142,
        271,
        374,
        182,
        315,
        119,
        351,
        268,
        98,
        394,
        132,
        266,
        277,
        273,
        319,
        89,
        97,
        107,
        54,
        296,
        108,
        314,
        113,
        272,
        284,
        288,
        65,
        101,
        103,
        368,
        387,
        193,
        165,
        180,
        353,
        50,
        292,
        96,
        199,
        94,
        236,
        111,
        63,
        280,
        388,
        42,
        349,
        307,
        122,
        323,
        218,
        71,
        332,
        186,
        372,
        7,
        390,
        92,
        378,
        295,
        252,
        64,
        18,
        102,
        14,
        13,
        23,
        29,
        345,
        160,
        318,
        358,
        293,
        389,
        61,
        55,
        313,
        246,
        356,
        254,
        243,
        80,
        144,
        73,
        257,
        0,
        11,
        47,
        35,
        184,
        86,
        167,
        366,
        322,
        130,
        281,
        397,
        238,
        59,
        198,
        395,
        276,
        225,
        213,
        259,
        5,
        40,
        333,
        12,
        56,
        67,
        174,
        3,
        371,
        200,
        357,
        105,
        386,
        21,
        162,
        100,
        224,
        251,
        148,
        66,
        190,
        348,
        131,
        241,
        232,
        377,
        164,
        185,
        176,
        36,
        4,
        72,
        99,
        133,
        20,
        384,
        77,
        289,
        331,
        76,
        153,
        129,
        233,
        373,
        52,
        84,
        316,
        178,
        362,
        85,
        78,
        290,
        46,
        33,
        141,
        209,
        330,
        127,
        291,
        189,
        145,
        58,
        350,
        354,
        123,
        381,
        149,
        60,
        342,
        245,
        361,
        298,
        117,
        253,
        57,
        297,
        201,
        367,
        158,
        109,
        93,
        181,
        285,
        150,
        139,
        140,
        138,
        398,
        391,
        340,
        380,
        206,
        212,
        300,
        344,
        16,
        304,
        211,
        359,
        32,
        264,
        147,
        126,
        1,
        260,
        311,
        43,
        15,
        177,
        329,
        255,
        159,
        325,
        217,
        320,
        365,
        2,
        208,
        392,
        396,
        161,
        163,
        341,
        242,
        355,
        338,
        301,
        87,
        286,
        191,
        306,
        321,
        45,
        383,
        334,
        69,
        302,
        228,
        317,
        53,
        143,
        169,
        196,
        303,
        327,
        337,
        37,
        205,
        278,
        275,
        262,
        237,
        88,
        152,
        118,
        375,
        136,
        234,
        38,
        175,
        221,
        326,
        393,
        25,
        19,
        308,
        34,
        204,
        216,
        267,
        90,
        39,
        364,
        261,
        227,
        310,
        363,
        226,
        339,
        235,
        156,
        399,
        335,
        137,
        309,
        210,
        134,
        172,
        240,
        282,
        171,
        81,
        168,
        30,
        248,
        121
    ],
    "Global Optimum": 0,
    "Algorithm": "Genetic algorithm",
    "Parameters": {
        "population": 30,
        "offspring": 30,
        "mutation probability": 0.0025,
        "crossover probability": 0.9
    },
    "Fitness": 483225,
    "Solution": [
        197,
        265,
        194,
        215,
        219,
        114,
        106,
        173,
        10,
        299,
        75,
        207,
        8,
        369,
        79,
        26,
        283,
        17,
        95,
        279,
        379,
        187,
        360,
        146,
        48,
        229,
        256,
        324,
        258,
        287,
        188,
        244,
        305,
        31,
        24,
        110,
        376,
        347,
        203,
        9,
        336,
        170,
        385,
        104,
        263,
        68,
        202,
        270,
        250,
        74,
        239,
        312,
        155,
        214,
        124,
        120,
        62,
        125,
        343,
        328,
        22,
        83,
        112,
        116,
        269,
        157,
        135,
        70,
        294,
        222,
        247,
        179,
        28,
        274,
        44,
        192,
        51,
        166,
        231,
        41,
        230,
        220,
        6,
        115,
        352,
        128,
        346,
        154,
        249,
        151,
        82,
        370,
        223,
        27,
        183,
        49,
        195,
        382,
        91,
        142,
        271,
        374,
        182,
        315,
        119,
        351,
        268,
        98,
        394,
        132,
        266,
        277,
        273,
        319,
        89,
        97,
        107,
        54,
        296,
        108,
        314,
        113,
        272,
        284,
        288,
        65,
        101,
        103,
        368,
        387,
        193,
        165,
        180,
        353,
        50,
        292,
        96,
        199,
        94,
        236,
        111,
        63,
        280,
        388,
        42,
        349,
        307,
        122,
        323,
        218,
        71,
        332,
        186,
        372,
        7,
        390,
        92,
        378,
        295,
        252,
        64,
        18,
        102,
        14,
        13,
        23,
        29,
        345,
        160,
        318,
        358,
        293,
        389,
        61,
        55,
        313,
        246,
        356,
        254,
        243,
        80,
        144,
        73,
        257,
        0,
        11,
        47,
        35,
        184,
        86,
        167,
        366,
        322,
        130,
        281,
        397,
        238,
        59,
        198,
        395,
        276,
        225,
        213,
        259,
        5,
        40,
        333,
        12,
        56,
        67,
        174,
        3,
        371,
        200,
        357,
        105,
        386,
        21,
        162,
        100,
        224,
        251,
        148,
        66,
        190,
        348,
        131,
        241,
        232,
        377,
        164,
        185,
        176,
        36,
        4,
        72,
        99,
        133,
        20,
        384,
        77,
        289,
        331,
        76,
        153,
        129,
        233,
        373,
        52,
        84,
        316,
        178,
        362,
        85,
        78,
        290,
        46,
        33,
        141,
        209,
        330,
        127,
        291,
        189,
        145,
        58,
        350,
        354,
        123,
        381,
        149,
        60,
        342,
        245,
        361,
        298,
        117,
        253,
        57,
        297,
        201,
        367,
        158,
        109,
        93,
        181,
        285,
        150,
        139,
        140,
        138,
        398,
        391,
        340,
        380,
        206,
        212,
        300,
        344,
        16,
        304,
        211,
        359,
        32,
        264,
        147,
        126,
        1,
        260,
        311,
        43,
        15,
        177,
        329,
        255,
        159,
        325,
        217,
        320,
        365,
        2,
        208,
        392,
        396,
        161,
        163,
        341,
        242,
        355,
        338,
        301,
        87,
        286,
        191,
        306,
        321,
        45,
        383,
        334,
        69,
        302,
        228,
        317,
        53,
        143,
        169,
        196,
        303,
        327,
        337,
        37,
        205,
        278,
        275,
        262,
        237,
        88,
        152,
        118,
        375,
        136,
        234,
        38,
        175,
        221,
        326,
        393,
        25,
        19,
        308,
        34,
        204,
        216,
        267,
        90,
        39,
        364,
        261,
        227,
        310,
        363,
        226,
        339,
        235,
        156,
        399,
        335,
        137,
        309,
        210,
        134,
        172,
        240,
        282,
        171,
        81,
        168,
        30,
        248,
        121
    ],
    "Nb of functions evaluations": 50010,
    "Computational time in seconds": 244.68945932388306,
    "Stopping criterion in evaluations": 50000
}