22° run output:
{
    "Function": "kroB400.tsp",
    "Problem dimension": [
        232,
        42,
        324,
        378,
        83,
        45,
        332,
        47,
        266,
        104,
        141,
        334,
        174,
        278,
        392,
        291,
        114,
        6,
        242,
        159,
        95,
        91,
        251,
        357,
        168,
        61,
        25,
        56,
        71,
        78,
        129,
        125,
        209,
        305,
        173,
        89,
        268,
        258,
        204,
        64,
        347,
        195,
        90,
        252,
        313,
        224,
        82,
        109,
        283,
        345,
        390,
        341,
        70,
        145,
        380,
        12,
        44,
        68,
        376,
        292,
        288,
        387,
        22,
        307,
        280,
        43,
        351,
        32,
        319,
        269,
        157,
        362,
        367,
        124,
        233,
        128,
        314,
        77,
        136,
        30,
        226,
        289,
        395,
        14,
        94,
        247,
        210,
        261,
        330,
        172,
        253,
        299,
        298,
        337,
        7,
        178,
        275,
        393,
        274,
        325,
        356,
        215,
        57,
        306,
        50,
        146,
        301,
        98,
        96,
        48,
        15,
        34,
        26,
        69,
        189,
        148,
        336,
        36,
        365,
        177,
        377,
        185,
        105,
        117,
        382,
        265,
        249,
        248,
        201,
        16,
        187,
        219,
        92,
        277,
        62,
        285,
        119,
        103,
        149,
        389,
        169,
        110,
        75,
        338,
        333,
        385,
        267,
        108,
        55,
        279,
        225,
        162,
        303,
        52,
        2,
        358,
        309,
        84,
        208,
        11,
        198,
        9,
        255,
        294,
        63,
        28,
        176,
        276,
        302,
        179,
        220,
        343,
        321,
        320,
        184,
        139,
        180,
        263,
        140,
        243,
        13,
        130,
        156,
        349,
        384,
        165,
        342,
        327,
        238,
        282,
        354,
        118,
        153,
        331,
        394,
        399,
        311,
        144,
        191,
        161,
        106,
        97,
        231,
        60,
        3,
        216,
        53,
        8,
        66,
        196,
        218,
        234,
        65,
        58,
        107,
        93,
        235,
        375,
        132,
        101,
        264,
        59,
        1,
        244,
        171,
        310,
        223,
        348,
        379,
        86,
        361,
        21,
        4,
        19,
        346,
        154,
        181,
        73,
        202,
        257,
        237,
        207,
        355,
        127,
        312,
        166,
        27,
        155,
        212,
        120,
        190,
        87,
        230,
        217,
        318,
        323,
        259,
        18,
        40,
        135,
        295,
        316,
        199,
        272,
        138,
        24,
        236,
        228,
        113,
        326,
        51,
        286,
        194,
        134,
        254,
        163,
        227,
        72,
        133,
        20,
        41,
        391,
        121,
        368,
        222,
        214,
        398,
        328,
        246,
        31,
        221,
        386,
        186,
        164,
        366,
        158,
        397,
        35,
        296,
        38,
        39,
        381,
        373,
        54,
        183,
        353,
        290,
        79,
        211,
        175,
        350,
        241,
        256,
        193,
        370,
        147,
        167,
        322,
        205,
        111,
        188,
        23,
        239,
        229,
        126,
        5,
        102,
        297,
        364,
        300,
        329,
        10,
        200,
        352,
        281,
        374,
        363,
        112,
        359,
        29,
        262,
        80,
        123,
        46,
        344,
        293,
        335,
        396,
        152,
        284,
        240,
        245,
        49,
        203,
        74,
        137,
        0,
        143,
        339,
        360,
        170,
        67,
        213,
        192,
        315,
        17,
        317,
        88,
        270,
        142,
        76,
        182,
        81,
        372,
        100,
        273,
        383,
        131,
        197,
        33,
        115,
        371,
        206,
        287,
        37,
        116,
        369,
        250,
        340,
        85,
        271,
        308,
        99,
        150,
        260,
        122,
        388,
        151,
        160,
        304
    ],
    "Global Optimum": 0,
    "Algorithm": "Genetic algorithm",
    "Parameters": {
        "population": 30,
        "offspring": 30,
        "mutation probability": 0.0025,
        "crossover probability": 0.9
    },
    "Fitness": 496636,
    "Solution": [
        232,
        42,
        324,
        378,
        83,
        45,
        332,
        47,
        266,
        104,
        141,
        334,
        174,
        278,
        392,
        291,
        114,
        6,
        242,
        159,
        95,
        91,
        251,
        357,
        168,
        61,
        25,
        56,
        71,
        78,
        129,
        125,
        209,
        305,
        173,
        89,
        268,
        258,
        204,
        64,
        347,
        195,
        90,
        252,
        313,
        224,
        82,
        109,
        283,
        345,
        390,
        341,
        70,
        145,
        380,
        12,
        44,
        68,
        376,
        292,
        288,
        387,
        22,
        307,
        280,
        43,
        351,
        32,
        319,
        269,
        157,
        362,
        367,
        124,
        233,
        128,
        314,
        77,
        136,
        30,
        226,
        289,
        395,
        14,
        94,
        247,
        210,
        261,
        330,
        172,
        253,
        299,
        298,
        337,
        7,
        178,
        275,
        393,
        274,
        325,
        356,
        215,
        57,
        306,
        50,
        146,
        301,
        98,
        96,
        48,
        15,
        34,
        26,
        69,
        189,
        148,
        336,
        36,
        365,
        177,
        377,
        185,
        105,
        117,
        382,
        265,
        249,
        248,
        201,
        16,
        187,
        219,
        92,
        277,
        62,
        285,
        119,
        103,
        149,
        389,
        169,
        110,
        75,
        338,
        333,
        385,
        267,
        108,
        55,
        279,
        225,
        162,
        303,
        52,
        2,
        358,
        309,
        84,
        208,
        11,
        198,
        9,
        255,
        294,
        63,
        28,
        176,
        276,
        302,
        179,
        220,
        343,
        321,
        320,
        184,
        139,
        180,
        263,
        140,
        243,
        13,
        130,
        156,
        349,
        384,
        165,
        342,
        327,
        238,
        282,
        354,
        118,
        153,
        331,
        394,
        399,
        311,
        144,
        191,
        161,
        106,
        97,
        231,
        60,
        3,
        216,
        53,
        8,
        66,
        196,
        218,
        234,
        65,
        58,
        107,
        93,
        235,
        375,
        132,
        101,
        264,
        59,
        1,
        244,
        171,
        310,
        223,
        348,
        379,
        86,
        361,
        21,
        4,
        19,
        346,
        154,
        181,
        73,
        202,
        257,
        237,
        207,
        355,
        127,
        312,
        166,
        27,
        155,
        212,
        120,
        190,
        87,
        230,
        217,
        318,
        323,
        259,
        18,
        40,
        135,
        295,
        316,
        199,
        272,
        138,
        24,
        236,
        228,
        113,
        326,
        51,
        286,
        194,
        134,
        254,
        163,
        227,
        72,
        133,
        20,
        41,
        391,
        121,
        368,
        222,
        214,
        398,
        328,
        246,
        31,
        221,
        386,
        186,
        164,
        366,
        158,
        397,
        35,
        296,
        38,
        39,
        381,
        373,
        54,
        183,
        353,
        290,
        79,
        211,
        175,
        350,
        241,
        256,
        193,
        370,
        147,
        167,
        322,
        205,
        111,
        188,
        23,
        239,
        229,
        126,
        5,
        102,
        297,
        364,
        300,
        329,
        10,
        200,
        352,
        281,
        374,
        363,
        112,
        359,
        29,
        262,
        80,
        123,
        46,
        344,
        293,
        335,
        396,
        152,
        284,
        240,
        245,
        49,
        203,
        74,
        137,
        0,
        143,
        339,
        360,
        170,
        67,
        213,
        192,
        315,
        17,
        317,
        88,
        270,
        142,
        76,
        182,
        81,
        372,
        100,
        273,
        383,
        131,
        197,
        33,
        115,
        371,
        206,
        287,
        37,
        116,
        369,
        250,
        340,
        85,
        271,
        308,
        99,
        150,
        260,
        122,
        388,
        151,
        160,
        304
    ],
    "Nb of functions evaluations": 50010,
    "Computational time in seconds": 242.77732372283936,
    "Stopping criterion in evaluations": 50000
}