11° run output:
{
    "Function": "kroA100.tsp",
    "Problem dimension": [
        87,
        39,
        57,
        56,
        26,
        54,
        29,
        36,
        51,
        4,
        2,
        42,
        40,
        70,
        97,
        0,
        5,
        62,
        91,
        9,
        17,
        96,
        15,
        23,
        89,
        61,
        11,
        24,
        60,
        31,
        34,
        85,
        14,
        44,
        71,
        20,
        21,
        25,
        69,
        46,
        6,
        12,
        81,
        1,
        48,
        37,
        98,
        35,
        83,
        80,
        50,
        84,
        95,
        47,
        67,
        49,
        7,
        52,
        74,
        3,
        30,
        53,
        72,
        38,
        77,
        75,
        33,
        76,
        65,
        64,
        18,
        78,
        58,
        73,
        88,
        32,
        94,
        99,
        28,
        59,
        90,
        82,
        8,
        86,
        19,
        45,
        13,
        43,
        63,
        55,
        41,
        66,
        27,
        79,
        92,
        68,
        22,
        10,
        16,
        93
    ],
    "Global Optimum": 0,
    "Algorithm": "Genetic algorithm",
    "Parameters": {
        "population": 30,
        "offspring": 30,
        "mutation probability": 0.01,
        "crossover probability": 0.9
    },
    "Fitness": 81178,
    "Solution": [
        87,
        39,
        57,
        56,
        26,
        54,
        29,
        36,
        51,
        4,
        2,
        42,
        40,
        70,
        97,
        0,
        5,
        62,
        91,
        9,
        17,
        96,
        15,
        23,
        89,
        61,
        11,
        24,
        60,
        31,
        34,
        85,
        14,
        44,
        71,
        20,
        21,
        25,
        69,
        46,
        6,
        12,
        81,
        1,
        48,
        37,
        98,
        35,
        83,
        80,
        50,
        84,
        95,
        47,
        67,
        49,
        7,
        52,
        74,
        3,
        30,
        53,
        72,
        38,
        77,
        75,
        33,
        76,
        65,
        64,
        18,
        78,
        58,
        73,
        88,
        32,
        94,
        99,
        28,
        59,
        90,
        82,
        8,
        86,
        19,
        45,
        13,
        43,
        63,
        55,
        41,
        66,
        27,
        79,
        92,
        68,
        22,
        10,
        16,
        93
    ],
    "Nb of functions evaluations": 50010,
    "Computational time in seconds": 23.524635076522827,
    "Stopping criterion in evaluations": 50000
}