17° run output:
{
    "Function": "euclidA100.tsp",
    "Problem dimension": [
        92,
        34,
        32,
        12,
        88,
        63,
        16,
        55,
        83,
        60,
        84,
        47,
        27,
        13,
        42,
        99,
        7,
        85,
        64,
        79,
        87,
        24,
        25,
        33,
        45,
        29,
        66,
        28,
        8,
        56,
        58,
        22,
        67,
        4,
        57,
        11,
        1,
        53,
        96,
        23,
        72,
        38,
        43,
        78,
        26,
        82,
        98,
        35,
        39,
        89,
        5,
        15,
        69,
        97,
        59,
        95,
        52,
        3,
        71,
        48,
        62,
        90,
        73,
        14,
        36,
        65,
        61,
        2,
        20,
        49,
        21,
        94,
        10,
        70,
        44,
        91,
        51,
        19,
        17,
        81,
        0,
        76,
        30,
        77,
        46,
        41,
        9,
        74,
        86,
        18,
        50,
        37,
        31,
        93,
        54,
        6,
        75,
        80,
        40,
        68
    ],
    "Global Optimum": 0,
    "Algorithm": "Genetic algorithm",
    "Parameters": {
        "population": 30,
        "offspring": 30,
        "mutation probability": 0.01,
        "crossover probability": 0.9
    },
    "Fitness": 85671,
    "Solution": [
        92,
        34,
        32,
        12,
        88,
        63,
        16,
        55,
        83,
        60,
        84,
        47,
        27,
        13,
        42,
        99,
        7,
        85,
        64,
        79,
        87,
        24,
        25,
        33,
        45,
        29,
        66,
        28,
        8,
        56,
        58,
        22,
        67,
        4,
        57,
        11,
        1,
        53,
        96,
        23,
        72,
        38,
        43,
        78,
        26,
        82,
        98,
        35,
        39,
        89,
        5,
        15,
        69,
        97,
        59,
        95,
        52,
        3,
        71,
        48,
        62,
        90,
        73,
        14,
        36,
        65,
        61,
        2,
        20,
        49,
        21,
        94,
        10,
        70,
        44,
        91,
        51,
        19,
        17,
        81,
        0,
        76,
        30,
        77,
        46,
        41,
        9,
        74,
        86,
        18,
        50,
        37,
        31,
        93,
        54,
        6,
        75,
        80,
        40,
        68
    ],
    "Nb of functions evaluations": 50010,
    "Computational time in seconds": 22.949825286865234,
    "Stopping criterion in evaluations": 50000
}