10° run output:
{
    "Function": "ClusterB300.tsp",
    "Problem dimension": [
        206,
        217,
        4,
        168,
        263,
        70,
        177,
        173,
        3,
        229,
        188,
        278,
        269,
        260,
        7,
        1,
        279,
        296,
        115,
        276,
        228,
        38,
        204,
        272,
        12,
        8,
        266,
        167,
        116,
        187,
        9,
        2,
        274,
        5,
        143,
        67,
        166,
        31,
        237,
        133,
        23,
        114,
        68,
        119,
        134,
        135,
        35,
        161,
        248,
        145,
        138,
        232,
        62,
        178,
        30,
        96,
        150,
        49,
        57,
        86,
        283,
        186,
        277,
        169,
        36,
        25,
        230,
        202,
        80,
        78,
        201,
        60,
        106,
        191,
        208,
        280,
        172,
        253,
        28,
        164,
        170,
        203,
        125,
        39,
        44,
        56,
        159,
        257,
        42,
        102,
        174,
        151,
        286,
        26,
        160,
        45,
        55,
        198,
        291,
        37,
        32,
        81,
        235,
        268,
        126,
        18,
        293,
        289,
        77,
        176,
        112,
        131,
        21,
        61,
        121,
        139,
        219,
        124,
        226,
        41,
        140,
        299,
        152,
        11,
        103,
        249,
        122,
        240,
        225,
        75,
        72,
        247,
        27,
        14,
        71,
        147,
        130,
        175,
        99,
        59,
        98,
        110,
        100,
        287,
        107,
        148,
        54,
        6,
        243,
        195,
        165,
        265,
        89,
        123,
        264,
        155,
        245,
        251,
        65,
        137,
        183,
        194,
        298,
        47,
        189,
        216,
        242,
        128,
        63,
        261,
        118,
        180,
        292,
        273,
        83,
        82,
        238,
        284,
        66,
        184,
        53,
        64,
        149,
        10,
        215,
        97,
        95,
        88,
        192,
        207,
        90,
        236,
        181,
        239,
        87,
        209,
        297,
        74,
        211,
        113,
        205,
        288,
        158,
        295,
        79,
        267,
        40,
        157,
        193,
        258,
        46,
        58,
        231,
        22,
        29,
        220,
        84,
        142,
        153,
        214,
        224,
        92,
        16,
        197,
        17,
        141,
        213,
        210,
        13,
        111,
        199,
        252,
        250,
        262,
        20,
        200,
        48,
        182,
        33,
        290,
        185,
        254,
        233,
        120,
        271,
        51,
        259,
        256,
        223,
        117,
        212,
        19,
        76,
        101,
        108,
        156,
        105,
        34,
        69,
        281,
        218,
        154,
        190,
        163,
        146,
        246,
        282,
        24,
        241,
        104,
        132,
        136,
        0,
        285,
        109,
        15,
        234,
        50,
        162,
        129,
        73,
        144,
        294,
        275,
        244,
        43,
        196,
        222,
        255,
        221,
        52,
        179,
        227,
        85,
        93,
        127,
        171,
        91,
        94,
        270
    ],
    "Global Optimum": 0,
    "Algorithm": "Genetic algorithm",
    "Parameters": {
        "population": 30,
        "offspring": 30,
        "mutation probability": 0.0033333333333333335,
        "crossover probability": 0.9
    },
    "Fitness": 289121,
    "Solution": [
        206,
        217,
        4,
        168,
        263,
        70,
        177,
        173,
        3,
        229,
        188,
        278,
        269,
        260,
        7,
        1,
        279,
        296,
        115,
        276,
        228,
        38,
        204,
        272,
        12,
        8,
        266,
        167,
        116,
        187,
        9,
        2,
        274,
        5,
        143,
        67,
        166,
        31,
        237,
        133,
        23,
        114,
        68,
        119,
        134,
        135,
        35,
        161,
        248,
        145,
        138,
        232,
        62,
        178,
        30,
        96,
        150,
        49,
        57,
        86,
        283,
        186,
        277,
        169,
        36,
        25,
        230,
        202,
        80,
        78,
        201,
        60,
        106,
        191,
        208,
        280,
        172,
        253,
        28,
        164,
        170,
        203,
        125,
        39,
        44,
        56,
        159,
        257,
        42,
        102,
        174,
        151,
        286,
        26,
        160,
        45,
        55,
        198,
        291,
        37,
        32,
        81,
        235,
        268,
        126,
        18,
        293,
        289,
        77,
        176,
        112,
        131,
        21,
        61,
        121,
        139,
        219,
        124,
        226,
        41,
        140,
        299,
        152,
        11,
        103,
        249,
        122,
        240,
        225,
        75,
        72,
        247,
        27,
        14,
        71,
        147,
        130,
        175,
        99,
        59,
        98,
        110,
        100,
        287,
        107,
        148,
        54,
        6,
        243,
        195,
        165,
        265,
        89,
        123,
        264,
        155,
        245,
        251,
        65,
        137,
        183,
        194,
        298,
        47,
        189,
        216,
        242,
        128,
        63,
        261,
        118,
        180,
        292,
        273,
        83,
        82,
        238,
        284,
        66,
        184,
        53,
        64,
        149,
        10,
        215,
        97,
        95,
        88,
        192,
        207,
        90,
        236,
        181,
        239,
        87,
        209,
        297,
        74,
        211,
        113,
        205,
        288,
        158,
        295,
        79,
        267,
        40,
        157,
        193,
        258,
        46,
        58,
        231,
        22,
        29,
        220,
        84,
        142,
        153,
        214,
        224,
        92,
        16,
        197,
        17,
        141,
        213,
        210,
        13,
        111,
        199,
        252,
        250,
        262,
        20,
        200,
        48,
        182,
        33,
        290,
        185,
        254,
        233,
        120,
        271,
        51,
        259,
        256,
        223,
        117,
        212,
        19,
        76,
        101,
        108,
        156,
        105,
        34,
        69,
        281,
        218,
        154,
        190,
        163,
        146,
        246,
        282,
        24,
        241,
        104,
        132,
        136,
        0,
        285,
        109,
        15,
        234,
        50,
        162,
        129,
        73,
        144,
        294,
        275,
        244,
        43,
        196,
        222,
        255,
        221,
        52,
        179,
        227,
        85,
        93,
        127,
        171,
        91,
        94,
        270
    ],
    "Nb of functions evaluations": 200010,
    "Computational time in seconds": 370.71308302879333,
    "Stopping criterion in evaluations": 200000
}