29° run output:
{
    "Function": "ClusterB300.tsp",
    "Problem dimension": [
        178,
        105,
        175,
        133,
        234,
        102,
        245,
        67,
        30,
        108,
        203,
        129,
        3,
        61,
        89,
        177,
        278,
        49,
        92,
        224,
        110,
        10,
        218,
        32,
        222,
        121,
        83,
        114,
        270,
        165,
        242,
        73,
        39,
        248,
        157,
        220,
        120,
        127,
        46,
        20,
        259,
        216,
        6,
        190,
        192,
        138,
        101,
        226,
        280,
        174,
        122,
        88,
        206,
        14,
        244,
        5,
        19,
        111,
        188,
        291,
        17,
        281,
        275,
        31,
        168,
        36,
        135,
        11,
        144,
        154,
        42,
        41,
        251,
        60,
        241,
        63,
        76,
        140,
        269,
        96,
        205,
        51,
        84,
        172,
        211,
        183,
        82,
        229,
        44,
        274,
        57,
        81,
        246,
        272,
        23,
        191,
        247,
        0,
        109,
        195,
        54,
        116,
        35,
        22,
        193,
        299,
        28,
        128,
        158,
        185,
        53,
        167,
        91,
        113,
        125,
        199,
        194,
        38,
        106,
        179,
        47,
        201,
        207,
        79,
        287,
        55,
        90,
        293,
        273,
        148,
        68,
        153,
        276,
        131,
        186,
        255,
        103,
        257,
        189,
        117,
        145,
        250,
        249,
        171,
        65,
        260,
        18,
        147,
        33,
        181,
        261,
        176,
        169,
        141,
        142,
        239,
        292,
        7,
        288,
        213,
        228,
        99,
        262,
        196,
        230,
        198,
        240,
        159,
        50,
        215,
        283,
        180,
        43,
        13,
        143,
        74,
        265,
        210,
        173,
        187,
        134,
        284,
        298,
        286,
        231,
        289,
        52,
        160,
        86,
        59,
        238,
        152,
        130,
        233,
        212,
        66,
        264,
        227,
        258,
        94,
        221,
        232,
        45,
        296,
        48,
        136,
        137,
        236,
        285,
        252,
        256,
        279,
        9,
        107,
        200,
        263,
        225,
        15,
        85,
        290,
        26,
        151,
        202,
        163,
        146,
        297,
        219,
        119,
        98,
        40,
        204,
        16,
        1,
        58,
        217,
        12,
        100,
        254,
        8,
        161,
        34,
        266,
        118,
        243,
        72,
        77,
        21,
        184,
        209,
        70,
        95,
        295,
        277,
        97,
        149,
        294,
        4,
        139,
        267,
        80,
        104,
        155,
        268,
        237,
        2,
        271,
        37,
        64,
        69,
        126,
        282,
        24,
        123,
        156,
        71,
        27,
        164,
        170,
        29,
        93,
        162,
        124,
        132,
        223,
        197,
        214,
        115,
        75,
        182,
        208,
        235,
        87,
        253,
        25,
        112,
        62,
        150,
        166,
        56,
        78
    ],
    "Global Optimum": 0,
    "Algorithm": "Genetic algorithm",
    "Parameters": {
        "population": 30,
        "offspring": 30,
        "mutation probability": 0.0033333333333333335,
        "crossover probability": 0.9
    },
    "Fitness": 291760,
    "Solution": [
        178,
        105,
        175,
        133,
        234,
        102,
        245,
        67,
        30,
        108,
        203,
        129,
        3,
        61,
        89,
        177,
        278,
        49,
        92,
        224,
        110,
        10,
        218,
        32,
        222,
        121,
        83,
        114,
        270,
        165,
        242,
        73,
        39,
        248,
        157,
        220,
        120,
        127,
        46,
        20,
        259,
        216,
        6,
        190,
        192,
        138,
        101,
        226,
        280,
        174,
        122,
        88,
        206,
        14,
        244,
        5,
        19,
        111,
        188,
        291,
        17,
        281,
        275,
        31,
        168,
        36,
        135,
        11,
        144,
        154,
        42,
        41,
        251,
        60,
        241,
        63,
        76,
        140,
        269,
        96,
        205,
        51,
        84,
        172,
        211,
        183,
        82,
        229,
        44,
        274,
        57,
        81,
        246,
        272,
        23,
        191,
        247,
        0,
        109,
        195,
        54,
        116,
        35,
        22,
        193,
        299,
        28,
        128,
        158,
        185,
        53,
        167,
        91,
        113,
        125,
        199,
        194,
        38,
        106,
        179,
        47,
        201,
        207,
        79,
        287,
        55,
        90,
        293,
        273,
        148,
        68,
        153,
        276,
        131,
        186,
        255,
        103,
        257,
        189,
        117,
        145,
        250,
        249,
        171,
        65,
        260,
        18,
        147,
        33,
        181,
        261,
        176,
        169,
        141,
        142,
        239,
        292,
        7,
        288,
        213,
        228,
        99,
        262,
        196,
        230,
        198,
        240,
        159,
        50,
        215,
        283,
        180,
        43,
        13,
        143,
        74,
        265,
        210,
        173,
        187,
        134,
        284,
        298,
        286,
        231,
        289,
        52,
        160,
        86,
        59,
        238,
        152,
        130,
        233,
        212,
        66,
        264,
        227,
        258,
        94,
        221,
        232,
        45,
        296,
        48,
        136,
        137,
        236,
        285,
        252,
        256,
        279,
        9,
        107,
        200,
        263,
        225,
        15,
        85,
        290,
        26,
        151,
        202,
        163,
        146,
        297,
        219,
        119,
        98,
        40,
        204,
        16,
        1,
        58,
        217,
        12,
        100,
        254,
        8,
        161,
        34,
        266,
        118,
        243,
        72,
        77,
        21,
        184,
        209,
        70,
        95,
        295,
        277,
        97,
        149,
        294,
        4,
        139,
        267,
        80,
        104,
        155,
        268,
        237,
        2,
        271,
        37,
        64,
        69,
        126,
        282,
        24,
        123,
        156,
        71,
        27,
        164,
        170,
        29,
        93,
        162,
        124,
        132,
        223,
        197,
        214,
        115,
        75,
        182,
        208,
        235,
        87,
        253,
        25,
        112,
        62,
        150,
        166,
        56,
        78
    ],
    "Nb of functions evaluations": 200010,
    "Computational time in seconds": 370.1183125972748,
    "Stopping criterion in evaluations": 200000
}