5° run output:
{
    "Function": "ClusterB300.tsp",
    "Problem dimension": [
        293,
        196,
        110,
        274,
        44,
        216,
        108,
        223,
        226,
        211,
        138,
        83,
        294,
        218,
        215,
        171,
        259,
        170,
        137,
        145,
        5,
        22,
        212,
        29,
        297,
        50,
        15,
        276,
        71,
        221,
        287,
        167,
        222,
        102,
        283,
        142,
        86,
        234,
        257,
        154,
        48,
        166,
        219,
        139,
        63,
        45,
        88,
        38,
        84,
        60,
        220,
        232,
        281,
        58,
        129,
        18,
        19,
        248,
        125,
        203,
        279,
        256,
        32,
        116,
        190,
        115,
        16,
        34,
        79,
        35,
        205,
        244,
        296,
        187,
        56,
        159,
        179,
        160,
        37,
        99,
        23,
        55,
        67,
        250,
        280,
        119,
        104,
        77,
        169,
        41,
        74,
        124,
        172,
        96,
        235,
        59,
        217,
        290,
        241,
        10,
        225,
        95,
        202,
        260,
        43,
        150,
        121,
        4,
        249,
        155,
        147,
        251,
        197,
        208,
        51,
        295,
        1,
        26,
        36,
        229,
        272,
        146,
        53,
        127,
        254,
        118,
        200,
        6,
        273,
        20,
        268,
        126,
        277,
        186,
        39,
        136,
        269,
        49,
        57,
        185,
        253,
        47,
        298,
        201,
        180,
        27,
        193,
        189,
        284,
        94,
        184,
        123,
        265,
        87,
        261,
        0,
        177,
        286,
        31,
        69,
        156,
        64,
        132,
        242,
        101,
        231,
        270,
        78,
        181,
        207,
        291,
        161,
        25,
        210,
        182,
        106,
        198,
        233,
        113,
        153,
        174,
        12,
        33,
        9,
        28,
        105,
        8,
        62,
        176,
        285,
        11,
        109,
        228,
        262,
        224,
        114,
        173,
        151,
        263,
        209,
        85,
        42,
        68,
        183,
        80,
        134,
        255,
        46,
        3,
        92,
        258,
        82,
        239,
        122,
        97,
        238,
        165,
        76,
        91,
        175,
        93,
        243,
        143,
        54,
        75,
        163,
        148,
        192,
        14,
        246,
        90,
        141,
        158,
        195,
        199,
        149,
        98,
        204,
        107,
        81,
        130,
        17,
        21,
        227,
        144,
        289,
        66,
        230,
        237,
        2,
        213,
        247,
        240,
        188,
        100,
        157,
        140,
        128,
        264,
        24,
        65,
        30,
        278,
        288,
        117,
        7,
        299,
        72,
        40,
        267,
        61,
        52,
        206,
        70,
        271,
        89,
        168,
        275,
        133,
        135,
        292,
        194,
        164,
        73,
        120,
        13,
        111,
        103,
        162,
        178,
        112,
        282,
        236,
        152,
        131,
        266,
        252,
        245,
        214,
        191
    ],
    "Global Optimum": 0,
    "Algorithm": "Genetic algorithm",
    "Parameters": {
        "population": 30,
        "offspring": 30,
        "mutation probability": 0.0033333333333333335,
        "crossover probability": 0.9
    },
    "Fitness": 294808,
    "Solution": [
        293,
        196,
        110,
        274,
        44,
        216,
        108,
        223,
        226,
        211,
        138,
        83,
        294,
        218,
        215,
        171,
        259,
        170,
        137,
        145,
        5,
        22,
        212,
        29,
        297,
        50,
        15,
        276,
        71,
        221,
        287,
        167,
        222,
        102,
        283,
        142,
        86,
        234,
        257,
        154,
        48,
        166,
        219,
        139,
        63,
        45,
        88,
        38,
        84,
        60,
        220,
        232,
        281,
        58,
        129,
        18,
        19,
        248,
        125,
        203,
        279,
        256,
        32,
        116,
        190,
        115,
        16,
        34,
        79,
        35,
        205,
        244,
        296,
        187,
        56,
        159,
        179,
        160,
        37,
        99,
        23,
        55,
        67,
        250,
        280,
        119,
        104,
        77,
        169,
        41,
        74,
        124,
        172,
        96,
        235,
        59,
        217,
        290,
        241,
        10,
        225,
        95,
        202,
        260,
        43,
        150,
        121,
        4,
        249,
        155,
        147,
        251,
        197,
        208,
        51,
        295,
        1,
        26,
        36,
        229,
        272,
        146,
        53,
        127,
        254,
        118,
        200,
        6,
        273,
        20,
        268,
        126,
        277,
        186,
        39,
        136,
        269,
        49,
        57,
        185,
        253,
        47,
        298,
        201,
        180,
        27,
        193,
        189,
        284,
        94,
        184,
        123,
        265,
        87,
        261,
        0,
        177,
        286,
        31,
        69,
        156,
        64,
        132,
        242,
        101,
        231,
        270,
        78,
        181,
        207,
        291,
        161,
        25,
        210,
        182,
        106,
        198,
        233,
        113,
        153,
        174,
        12,
        33,
        9,
        28,
        105,
        8,
        62,
        176,
        285,
        11,
        109,
        228,
        262,
        224,
        114,
        173,
        151,
        263,
        209,
        85,
        42,
        68,
        183,
        80,
        134,
        255,
        46,
        3,
        92,
        258,
        82,
        239,
        122,
        97,
        238,
        165,
        76,
        91,
        175,
        93,
        243,
        143,
        54,
        75,
        163,
        148,
        192,
        14,
        246,
        90,
        141,
        158,
        195,
        199,
        149,
        98,
        204,
        107,
        81,
        130,
        17,
        21,
        227,
        144,
        289,
        66,
        230,
        237,
        2,
        213,
        247,
        240,
        188,
        100,
        157,
        140,
        128,
        264,
        24,
        65,
        30,
        278,
        288,
        117,
        7,
        299,
        72,
        40,
        267,
        61,
        52,
        206,
        70,
        271,
        89,
        168,
        275,
        133,
        135,
        292,
        194,
        164,
        73,
        120,
        13,
        111,
        103,
        162,
        178,
        112,
        282,
        236,
        152,
        131,
        266,
        252,
        245,
        214,
        191
    ],
    "Nb of functions evaluations": 200010,
    "Computational time in seconds": 369.5798394680023,
    "Stopping criterion in evaluations": 200000
}