24° run output:
{
    "Function": "ClusterB300.tsp",
    "Problem dimension": [
        194,
        5,
        120,
        210,
        274,
        48,
        280,
        228,
        13,
        283,
        263,
        204,
        23,
        26,
        1,
        65,
        205,
        171,
        241,
        188,
        249,
        83,
        229,
        295,
        208,
        206,
        250,
        182,
        170,
        165,
        58,
        51,
        153,
        244,
        32,
        34,
        53,
        233,
        60,
        67,
        209,
        108,
        125,
        78,
        261,
        246,
        31,
        202,
        173,
        54,
        95,
        35,
        198,
        161,
        86,
        128,
        214,
        0,
        192,
        49,
        110,
        174,
        20,
        176,
        291,
        281,
        21,
        256,
        71,
        38,
        222,
        141,
        133,
        230,
        121,
        147,
        47,
        178,
        216,
        39,
        158,
        236,
        89,
        288,
        242,
        18,
        113,
        195,
        40,
        154,
        136,
        269,
        183,
        92,
        237,
        207,
        8,
        62,
        145,
        114,
        292,
        36,
        262,
        238,
        56,
        122,
        279,
        72,
        260,
        251,
        252,
        29,
        217,
        88,
        240,
        81,
        234,
        28,
        201,
        168,
        142,
        239,
        167,
        184,
        211,
        203,
        7,
        284,
        100,
        224,
        98,
        2,
        63,
        130,
        285,
        190,
        197,
        9,
        116,
        4,
        175,
        55,
        68,
        273,
        15,
        247,
        79,
        266,
        164,
        101,
        94,
        255,
        52,
        225,
        163,
        6,
        151,
        50,
        30,
        117,
        140,
        99,
        271,
        144,
        59,
        265,
        253,
        129,
        93,
        226,
        189,
        45,
        235,
        64,
        220,
        297,
        138,
        157,
        43,
        27,
        74,
        76,
        290,
        85,
        191,
        70,
        215,
        10,
        82,
        102,
        104,
        123,
        87,
        17,
        131,
        282,
        166,
        107,
        218,
        33,
        268,
        200,
        134,
        212,
        257,
        169,
        90,
        61,
        258,
        135,
        139,
        219,
        103,
        296,
        75,
        148,
        127,
        155,
        80,
        14,
        193,
        177,
        213,
        187,
        243,
        41,
        84,
        73,
        223,
        124,
        137,
        96,
        11,
        180,
        196,
        46,
        57,
        37,
        22,
        69,
        199,
        19,
        259,
        143,
        115,
        294,
        231,
        146,
        12,
        3,
        162,
        44,
        254,
        270,
        232,
        298,
        25,
        272,
        227,
        152,
        287,
        66,
        221,
        186,
        160,
        150,
        185,
        245,
        109,
        248,
        132,
        172,
        278,
        42,
        118,
        77,
        149,
        97,
        286,
        264,
        299,
        276,
        106,
        111,
        181,
        16,
        159,
        179,
        277,
        156,
        91,
        105,
        112,
        24,
        126,
        275,
        289,
        119,
        293,
        267
    ],
    "Global Optimum": 0,
    "Algorithm": "Genetic algorithm",
    "Parameters": {
        "population": 30,
        "offspring": 30,
        "mutation probability": 0.0033333333333333335,
        "crossover probability": 0.9
    },
    "Fitness": 295049,
    "Solution": [
        194,
        5,
        120,
        210,
        274,
        48,
        280,
        228,
        13,
        283,
        263,
        204,
        23,
        26,
        1,
        65,
        205,
        171,
        241,
        188,
        249,
        83,
        229,
        295,
        208,
        206,
        250,
        182,
        170,
        165,
        58,
        51,
        153,
        244,
        32,
        34,
        53,
        233,
        60,
        67,
        209,
        108,
        125,
        78,
        261,
        246,
        31,
        202,
        173,
        54,
        95,
        35,
        198,
        161,
        86,
        128,
        214,
        0,
        192,
        49,
        110,
        174,
        20,
        176,
        291,
        281,
        21,
        256,
        71,
        38,
        222,
        141,
        133,
        230,
        121,
        147,
        47,
        178,
        216,
        39,
        158,
        236,
        89,
        288,
        242,
        18,
        113,
        195,
        40,
        154,
        136,
        269,
        183,
        92,
        237,
        207,
        8,
        62,
        145,
        114,
        292,
        36,
        262,
        238,
        56,
        122,
        279,
        72,
        260,
        251,
        252,
        29,
        217,
        88,
        240,
        81,
        234,
        28,
        201,
        168,
        142,
        239,
        167,
        184,
        211,
        203,
        7,
        284,
        100,
        224,
        98,
        2,
        63,
        130,
        285,
        190,
        197,
        9,
        116,
        4,
        175,
        55,
        68,
        273,
        15,
        247,
        79,
        266,
        164,
        101,
        94,
        255,
        52,
        225,
        163,
        6,
        151,
        50,
        30,
        117,
        140,
        99,
        271,
        144,
        59,
        265,
        253,
        129,
        93,
        226,
        189,
        45,
        235,
        64,
        220,
        297,
        138,
        157,
        43,
        27,
        74,
        76,
        290,
        85,
        191,
        70,
        215,
        10,
        82,
        102,
        104,
        123,
        87,
        17,
        131,
        282,
        166,
        107,
        218,
        33,
        268,
        200,
        134,
        212,
        257,
        169,
        90,
        61,
        258,
        135,
        139,
        219,
        103,
        296,
        75,
        148,
        127,
        155,
        80,
        14,
        193,
        177,
        213,
        187,
        243,
        41,
        84,
        73,
        223,
        124,
        137,
        96,
        11,
        180,
        196,
        46,
        57,
        37,
        22,
        69,
        199,
        19,
        259,
        143,
        115,
        294,
        231,
        146,
        12,
        3,
        162,
        44,
        254,
        270,
        232,
        298,
        25,
        272,
        227,
        152,
        287,
        66,
        221,
        186,
        160,
        150,
        185,
        245,
        109,
        248,
        132,
        172,
        278,
        42,
        118,
        77,
        149,
        97,
        286,
        264,
        299,
        276,
        106,
        111,
        181,
        16,
        159,
        179,
        277,
        156,
        91,
        105,
        112,
        24,
        126,
        275,
        289,
        119,
        293,
        267
    ],
    "Nb of functions evaluations": 200010,
    "Computational time in seconds": 368.57196521759033,
    "Stopping criterion in evaluations": 200000
}