18° run output:
{
    "Function": "ClusterB300.tsp",
    "Problem dimension": [
        246,
        32,
        56,
        23,
        42,
        265,
        58,
        41,
        138,
        72,
        203,
        74,
        250,
        20,
        247,
        195,
        151,
        37,
        119,
        9,
        291,
        207,
        59,
        275,
        64,
        235,
        268,
        6,
        228,
        114,
        89,
        81,
        12,
        103,
        13,
        245,
        43,
        255,
        94,
        39,
        113,
        27,
        122,
        194,
        11,
        46,
        95,
        210,
        15,
        70,
        256,
        172,
        112,
        123,
        77,
        96,
        38,
        62,
        264,
        270,
        129,
        67,
        227,
        130,
        212,
        181,
        26,
        230,
        80,
        106,
        102,
        217,
        146,
        4,
        152,
        290,
        150,
        136,
        30,
        257,
        213,
        31,
        36,
        262,
        61,
        79,
        147,
        216,
        1,
        86,
        25,
        192,
        132,
        19,
        178,
        167,
        24,
        78,
        131,
        233,
        221,
        179,
        287,
        160,
        237,
        121,
        53,
        17,
        201,
        184,
        91,
        87,
        285,
        177,
        190,
        273,
        18,
        85,
        284,
        175,
        281,
        295,
        222,
        54,
        143,
        225,
        276,
        117,
        165,
        188,
        272,
        66,
        69,
        187,
        144,
        109,
        224,
        292,
        296,
        155,
        84,
        220,
        260,
        108,
        234,
        215,
        185,
        141,
        33,
        107,
        83,
        148,
        240,
        90,
        21,
        75,
        110,
        197,
        278,
        49,
        154,
        142,
        263,
        288,
        266,
        7,
        242,
        223,
        140,
        145,
        286,
        98,
        35,
        164,
        76,
        47,
        218,
        52,
        293,
        202,
        10,
        219,
        100,
        51,
        173,
        3,
        283,
        231,
        82,
        200,
        204,
        258,
        97,
        209,
        137,
        157,
        65,
        211,
        251,
        274,
        166,
        139,
        236,
        2,
        183,
        279,
        124,
        189,
        120,
        182,
        88,
        73,
        205,
        128,
        261,
        28,
        214,
        180,
        99,
        229,
        176,
        8,
        191,
        252,
        60,
        118,
        158,
        153,
        271,
        174,
        249,
        269,
        199,
        50,
        149,
        171,
        248,
        193,
        186,
        161,
        169,
        45,
        253,
        63,
        105,
        44,
        241,
        156,
        104,
        267,
        196,
        254,
        238,
        57,
        198,
        126,
        5,
        163,
        280,
        16,
        133,
        277,
        297,
        168,
        298,
        162,
        93,
        0,
        115,
        259,
        101,
        71,
        68,
        92,
        40,
        127,
        22,
        55,
        239,
        48,
        14,
        111,
        116,
        244,
        208,
        135,
        294,
        134,
        159,
        289,
        282,
        232,
        226,
        125,
        29,
        299,
        170,
        243,
        206,
        34
    ],
    "Global Optimum": 0,
    "Algorithm": "Genetic algorithm",
    "Parameters": {
        "population": 30,
        "offspring": 30,
        "mutation probability": 0.0033333333333333335,
        "crossover probability": 0.9
    },
    "Fitness": 302752,
    "Solution": [
        246,
        32,
        56,
        23,
        42,
        265,
        58,
        41,
        138,
        72,
        203,
        74,
        250,
        20,
        247,
        195,
        151,
        37,
        119,
        9,
        291,
        207,
        59,
        275,
        64,
        235,
        268,
        6,
        228,
        114,
        89,
        81,
        12,
        103,
        13,
        245,
        43,
        255,
        94,
        39,
        113,
        27,
        122,
        194,
        11,
        46,
        95,
        210,
        15,
        70,
        256,
        172,
        112,
        123,
        77,
        96,
        38,
        62,
        264,
        270,
        129,
        67,
        227,
        130,
        212,
        181,
        26,
        230,
        80,
        106,
        102,
        217,
        146,
        4,
        152,
        290,
        150,
        136,
        30,
        257,
        213,
        31,
        36,
        262,
        61,
        79,
        147,
        216,
        1,
        86,
        25,
        192,
        132,
        19,
        178,
        167,
        24,
        78,
        131,
        233,
        221,
        179,
        287,
        160,
        237,
        121,
        53,
        17,
        201,
        184,
        91,
        87,
        285,
        177,
        190,
        273,
        18,
        85,
        284,
        175,
        281,
        295,
        222,
        54,
        143,
        225,
        276,
        117,
        165,
        188,
        272,
        66,
        69,
        187,
        144,
        109,
        224,
        292,
        296,
        155,
        84,
        220,
        260,
        108,
        234,
        215,
        185,
        141,
        33,
        107,
        83,
        148,
        240,
        90,
        21,
        75,
        110,
        197,
        278,
        49,
        154,
        142,
        263,
        288,
        266,
        7,
        242,
        223,
        140,
        145,
        286,
        98,
        35,
        164,
        76,
        47,
        218,
        52,
        293,
        202,
        10,
        219,
        100,
        51,
        173,
        3,
        283,
        231,
        82,
        200,
        204,
        258,
        97,
        209,
        137,
        157,
        65,
        211,
        251,
        274,
        166,
        139,
        236,
        2,
        183,
        279,
        124,
        189,
        120,
        182,
        88,
        73,
        205,
        128,
        261,
        28,
        214,
        180,
        99,
        229,
        176,
        8,
        191,
        252,
        60,
        118,
        158,
        153,
        271,
        174,
        249,
        269,
        199,
        50,
        149,
        171,
        248,
        193,
        186,
        161,
        169,
        45,
        253,
        63,
        105,
        44,
        241,
        156,
        104,
        267,
        196,
        254,
        238,
        57,
        198,
        126,
        5,
        163,
        280,
        16,
        133,
        277,
        297,
        168,
        298,
        162,
        93,
        0,
        115,
        259,
        101,
        71,
        68,
        92,
        40,
        127,
        22,
        55,
        239,
        48,
        14,
        111,
        116,
        244,
        208,
        135,
        294,
        134,
        159,
        289,
        282,
        232,
        226,
        125,
        29,
        299,
        170,
        243,
        206,
        34
    ],
    "Nb of functions evaluations": 200010,
    "Computational time in seconds": 371.19735884666443,
    "Stopping criterion in evaluations": 200000
}