23° run output:
{
    "Function": "ClusterB300.tsp",
    "Problem dimension": [
        280,
        15,
        88,
        132,
        148,
        145,
        238,
        290,
        258,
        213,
        66,
        76,
        74,
        65,
        38,
        162,
        282,
        100,
        117,
        137,
        173,
        122,
        26,
        272,
        22,
        237,
        141,
        297,
        91,
        281,
        123,
        189,
        41,
        87,
        17,
        284,
        254,
        298,
        261,
        56,
        104,
        204,
        83,
        249,
        94,
        294,
        229,
        107,
        152,
        119,
        82,
        154,
        5,
        247,
        251,
        30,
        124,
        96,
        73,
        147,
        207,
        291,
        25,
        43,
        157,
        214,
        92,
        33,
        89,
        2,
        11,
        53,
        222,
        171,
        69,
        293,
        184,
        230,
        271,
        49,
        16,
        274,
        46,
        202,
        58,
        164,
        165,
        260,
        299,
        211,
        259,
        241,
        114,
        200,
        84,
        252,
        37,
        79,
        106,
        29,
        163,
        54,
        197,
        205,
        223,
        102,
        149,
        81,
        130,
        156,
        64,
        140,
        253,
        62,
        289,
        61,
        236,
        285,
        177,
        240,
        40,
        235,
        287,
        221,
        85,
        0,
        206,
        108,
        39,
        248,
        288,
        231,
        139,
        217,
        161,
        80,
        267,
        239,
        47,
        176,
        21,
        1,
        158,
        242,
        72,
        295,
        167,
        255,
        225,
        13,
        111,
        31,
        186,
        195,
        52,
        57,
        3,
        283,
        292,
        42,
        262,
        256,
        143,
        210,
        199,
        151,
        98,
        215,
        133,
        257,
        14,
        120,
        263,
        194,
        180,
        95,
        153,
        48,
        146,
        45,
        187,
        275,
        9,
        168,
        224,
        36,
        27,
        136,
        279,
        234,
        23,
        212,
        24,
        270,
        232,
        246,
        121,
        86,
        192,
        228,
        70,
        118,
        93,
        128,
        220,
        116,
        135,
        78,
        8,
        268,
        198,
        90,
        129,
        178,
        99,
        188,
        243,
        18,
        226,
        142,
        10,
        273,
        276,
        138,
        125,
        7,
        101,
        183,
        244,
        51,
        32,
        35,
        50,
        266,
        131,
        77,
        4,
        169,
        55,
        12,
        20,
        245,
        209,
        181,
        277,
        175,
        233,
        179,
        34,
        196,
        103,
        265,
        159,
        127,
        28,
        63,
        201,
        203,
        278,
        166,
        190,
        115,
        6,
        250,
        191,
        174,
        110,
        218,
        68,
        105,
        185,
        44,
        60,
        219,
        97,
        208,
        144,
        286,
        59,
        134,
        160,
        216,
        193,
        19,
        113,
        264,
        126,
        112,
        75,
        71,
        227,
        155,
        182,
        67,
        269,
        170,
        150,
        109,
        172,
        296
    ],
    "Global Optimum": 0,
    "Algorithm": "Genetic algorithm",
    "Parameters": {
        "population": 30,
        "offspring": 30,
        "mutation probability": 0.0033333333333333335,
        "crossover probability": 0.9
    },
    "Fitness": 296142,
    "Solution": [
        280,
        15,
        88,
        132,
        148,
        145,
        238,
        290,
        258,
        213,
        66,
        76,
        74,
        65,
        38,
        162,
        282,
        100,
        117,
        137,
        173,
        122,
        26,
        272,
        22,
        237,
        141,
        297,
        91,
        281,
        123,
        189,
        41,
        87,
        17,
        284,
        254,
        298,
        261,
        56,
        104,
        204,
        83,
        249,
        94,
        294,
        229,
        107,
        152,
        119,
        82,
        154,
        5,
        247,
        251,
        30,
        124,
        96,
        73,
        147,
        207,
        291,
        25,
        43,
        157,
        214,
        92,
        33,
        89,
        2,
        11,
        53,
        222,
        171,
        69,
        293,
        184,
        230,
        271,
        49,
        16,
        274,
        46,
        202,
        58,
        164,
        165,
        260,
        299,
        211,
        259,
        241,
        114,
        200,
        84,
        252,
        37,
        79,
        106,
        29,
        163,
        54,
        197,
        205,
        223,
        102,
        149,
        81,
        130,
        156,
        64,
        140,
        253,
        62,
        289,
        61,
        236,
        285,
        177,
        240,
        40,
        235,
        287,
        221,
        85,
        0,
        206,
        108,
        39,
        248,
        288,
        231,
        139,
        217,
        161,
        80,
        267,
        239,
        47,
        176,
        21,
        1,
        158,
        242,
        72,
        295,
        167,
        255,
        225,
        13,
        111,
        31,
        186,
        195,
        52,
        57,
        3,
        283,
        292,
        42,
        262,
        256,
        143,
        210,
        199,
        151,
        98,
        215,
        133,
        257,
        14,
        120,
        263,
        194,
        180,
        95,
        153,
        48,
        146,
        45,
        187,
        275,
        9,
        168,
        224,
        36,
        27,
        136,
        279,
        234,
        23,
        212,
        24,
        270,
        232,
        246,
        121,
        86,
        192,
        228,
        70,
        118,
        93,
        128,
        220,
        116,
        135,
        78,
        8,
        268,
        198,
        90,
        129,
        178,
        99,
        188,
        243,
        18,
        226,
        142,
        10,
        273,
        276,
        138,
        125,
        7,
        101,
        183,
        244,
        51,
        32,
        35,
        50,
        266,
        131,
        77,
        4,
        169,
        55,
        12,
        20,
        245,
        209,
        181,
        277,
        175,
        233,
        179,
        34,
        196,
        103,
        265,
        159,
        127,
        28,
        63,
        201,
        203,
        278,
        166,
        190,
        115,
        6,
        250,
        191,
        174,
        110,
        218,
        68,
        105,
        185,
        44,
        60,
        219,
        97,
        208,
        144,
        286,
        59,
        134,
        160,
        216,
        193,
        19,
        113,
        264,
        126,
        112,
        75,
        71,
        227,
        155,
        182,
        67,
        269,
        170,
        150,
        109,
        172,
        296
    ],
    "Nb of functions evaluations": 200010,
    "Computational time in seconds": 371.61901450157166,
    "Stopping criterion in evaluations": 200000
}