15° run output:
{
    "Function": "ClusterB300.tsp",
    "Problem dimension": [
        261,
        44,
        118,
        226,
        42,
        15,
        151,
        279,
        280,
        251,
        238,
        4,
        22,
        37,
        69,
        3,
        267,
        218,
        202,
        286,
        196,
        230,
        187,
        119,
        82,
        229,
        98,
        294,
        86,
        242,
        74,
        193,
        73,
        288,
        33,
        61,
        204,
        200,
        241,
        264,
        112,
        58,
        137,
        89,
        52,
        121,
        59,
        8,
        128,
        110,
        227,
        68,
        67,
        256,
        211,
        153,
        127,
        149,
        237,
        179,
        28,
        126,
        201,
        282,
        210,
        51,
        122,
        285,
        297,
        49,
        6,
        76,
        183,
        240,
        190,
        84,
        158,
        259,
        96,
        157,
        19,
        254,
        63,
        123,
        195,
        38,
        182,
        70,
        83,
        192,
        115,
        35,
        198,
        293,
        91,
        34,
        168,
        46,
        7,
        21,
        255,
        150,
        244,
        220,
        109,
        224,
        64,
        207,
        146,
        5,
        208,
        13,
        12,
        250,
        87,
        17,
        129,
        36,
        154,
        102,
        185,
        56,
        145,
        197,
        191,
        180,
        243,
        171,
        236,
        131,
        24,
        245,
        143,
        88,
        225,
        206,
        172,
        140,
        113,
        212,
        114,
        1,
        71,
        136,
        53,
        289,
        275,
        130,
        219,
        144,
        57,
        234,
        2,
        161,
        175,
        277,
        246,
        274,
        99,
        214,
        283,
        80,
        26,
        166,
        298,
        291,
        281,
        287,
        9,
        263,
        54,
        124,
        199,
        272,
        100,
        72,
        93,
        85,
        66,
        290,
        284,
        176,
        178,
        186,
        45,
        79,
        232,
        270,
        223,
        125,
        231,
        222,
        169,
        235,
        104,
        139,
        155,
        27,
        14,
        77,
        233,
        103,
        296,
        247,
        203,
        205,
        269,
        189,
        39,
        101,
        111,
        265,
        47,
        184,
        292,
        92,
        107,
        142,
        239,
        133,
        116,
        181,
        262,
        249,
        81,
        268,
        141,
        134,
        159,
        32,
        217,
        108,
        164,
        173,
        31,
        41,
        299,
        160,
        209,
        50,
        75,
        276,
        148,
        120,
        177,
        48,
        97,
        43,
        228,
        30,
        221,
        25,
        135,
        162,
        257,
        295,
        260,
        132,
        170,
        65,
        105,
        253,
        62,
        258,
        194,
        188,
        60,
        252,
        16,
        20,
        11,
        23,
        10,
        174,
        0,
        248,
        18,
        147,
        165,
        215,
        152,
        156,
        55,
        167,
        94,
        266,
        213,
        40,
        95,
        117,
        78,
        273,
        163,
        271,
        278,
        90,
        216,
        138,
        106,
        29
    ],
    "Global Optimum": 0,
    "Algorithm": "Genetic algorithm",
    "Parameters": {
        "population": 30,
        "offspring": 30,
        "mutation probability": 0.0033333333333333335,
        "crossover probability": 0.9
    },
    "Fitness": 296346,
    "Solution": [
        261,
        44,
        118,
        226,
        42,
        15,
        151,
        279,
        280,
        251,
        238,
        4,
        22,
        37,
        69,
        3,
        267,
        218,
        202,
        286,
        196,
        230,
        187,
        119,
        82,
        229,
        98,
        294,
        86,
        242,
        74,
        193,
        73,
        288,
        33,
        61,
        204,
        200,
        241,
        264,
        112,
        58,
        137,
        89,
        52,
        121,
        59,
        8,
        128,
        110,
        227,
        68,
        67,
        256,
        211,
        153,
        127,
        149,
        237,
        179,
        28,
        126,
        201,
        282,
        210,
        51,
        122,
        285,
        297,
        49,
        6,
        76,
        183,
        240,
        190,
        84,
        158,
        259,
        96,
        157,
        19,
        254,
        63,
        123,
        195,
        38,
        182,
        70,
        83,
        192,
        115,
        35,
        198,
        293,
        91,
        34,
        168,
        46,
        7,
        21,
        255,
        150,
        244,
        220,
        109,
        224,
        64,
        207,
        146,
        5,
        208,
        13,
        12,
        250,
        87,
        17,
        129,
        36,
        154,
        102,
        185,
        56,
        145,
        197,
        191,
        180,
        243,
        171,
        236,
        131,
        24,
        245,
        143,
        88,
        225,
        206,
        172,
        140,
        113,
        212,
        114,
        1,
        71,
        136,
        53,
        289,
        275,
        130,
        219,
        144,
        57,
        234,
        2,
        161,
        175,
        277,
        246,
        274,
        99,
        214,
        283,
        80,
        26,
        166,
        298,
        291,
        281,
        287,
        9,
        263,
        54,
        124,
        199,
        272,
        100,
        72,
        93,
        85,
        66,
        290,
        284,
        176,
        178,
        186,
        45,
        79,
        232,
        270,
        223,
        125,
        231,
        222,
        169,
        235,
        104,
        139,
        155,
        27,
        14,
        77,
        233,
        103,
        296,
        247,
        203,
        205,
        269,
        189,
        39,
        101,
        111,
        265,
        47,
        184,
        292,
        92,
        107,
        142,
        239,
        133,
        116,
        181,
        262,
        249,
        81,
        268,
        141,
        134,
        159,
        32,
        217,
        108,
        164,
        173,
        31,
        41,
        299,
        160,
        209,
        50,
        75,
        276,
        148,
        120,
        177,
        48,
        97,
        43,
        228,
        30,
        221,
        25,
        135,
        162,
        257,
        295,
        260,
        132,
        170,
        65,
        105,
        253,
        62,
        258,
        194,
        188,
        60,
        252,
        16,
        20,
        11,
        23,
        10,
        174,
        0,
        248,
        18,
        147,
        165,
        215,
        152,
        156,
        55,
        167,
        94,
        266,
        213,
        40,
        95,
        117,
        78,
        273,
        163,
        271,
        278,
        90,
        216,
        138,
        106,
        29
    ],
    "Nb of functions evaluations": 200010,
    "Computational time in seconds": 370.81621074676514,
    "Stopping criterion in evaluations": 200000
}