28° run output:
{
    "Function": "ClusterA300.tsp",
    "Problem dimension": [
        56,
        273,
        14,
        211,
        192,
        176,
        195,
        202,
        260,
        265,
        199,
        271,
        198,
        200,
        53,
        122,
        87,
        67,
        295,
        74,
        68,
        241,
        242,
        100,
        8,
        290,
        44,
        105,
        123,
        116,
        170,
        221,
        249,
        158,
        187,
        245,
        234,
        243,
        178,
        117,
        30,
        59,
        299,
        47,
        146,
        26,
        168,
        267,
        66,
        251,
        38,
        128,
        34,
        201,
        206,
        109,
        134,
        77,
        1,
        144,
        172,
        136,
        101,
        82,
        264,
        93,
        129,
        209,
        180,
        229,
        232,
        78,
        270,
        88,
        274,
        151,
        287,
        75,
        81,
        131,
        89,
        288,
        51,
        9,
        147,
        296,
        70,
        95,
        175,
        281,
        297,
        155,
        133,
        125,
        22,
        84,
        197,
        40,
        111,
        12,
        212,
        227,
        112,
        190,
        50,
        31,
        179,
        166,
        196,
        163,
        139,
        143,
        64,
        4,
        35,
        266,
        284,
        228,
        98,
        76,
        62,
        11,
        5,
        102,
        107,
        110,
        20,
        72,
        289,
        2,
        213,
        37,
        61,
        253,
        120,
        235,
        17,
        184,
        164,
        222,
        10,
        29,
        207,
        39,
        177,
        205,
        108,
        58,
        217,
        167,
        79,
        259,
        0,
        282,
        130,
        186,
        153,
        45,
        157,
        292,
        27,
        194,
        46,
        127,
        182,
        268,
        256,
        52,
        278,
        231,
        135,
        269,
        154,
        214,
        215,
        3,
        99,
        255,
        169,
        276,
        291,
        118,
        210,
        114,
        250,
        223,
        13,
        224,
        150,
        43,
        280,
        239,
        140,
        283,
        277,
        233,
        174,
        193,
        171,
        293,
        97,
        156,
        41,
        25,
        119,
        115,
        21,
        86,
        203,
        191,
        69,
        24,
        165,
        298,
        106,
        42,
        6,
        183,
        149,
        159,
        48,
        19,
        124,
        15,
        181,
        152,
        173,
        162,
        160,
        32,
        248,
        218,
        54,
        246,
        237,
        204,
        208,
        261,
        238,
        73,
        262,
        145,
        91,
        65,
        185,
        141,
        103,
        188,
        148,
        55,
        257,
        216,
        219,
        57,
        272,
        121,
        279,
        258,
        132,
        49,
        18,
        60,
        225,
        7,
        226,
        126,
        142,
        80,
        16,
        294,
        285,
        71,
        28,
        83,
        240,
        244,
        90,
        252,
        104,
        85,
        236,
        247,
        230,
        263,
        96,
        36,
        23,
        254,
        94,
        275,
        137,
        286,
        161,
        138,
        33,
        63,
        92,
        220,
        189,
        113
    ],
    "Global Optimum": 0,
    "Algorithm": "Genetic algorithm",
    "Parameters": {
        "population": 30,
        "offspring": 30,
        "mutation probability": 0.0033333333333333335,
        "crossover probability": 0.9
    },
    "Fitness": 374716,
    "Solution": [
        56,
        273,
        14,
        211,
        192,
        176,
        195,
        202,
        260,
        265,
        199,
        271,
        198,
        200,
        53,
        122,
        87,
        67,
        295,
        74,
        68,
        241,
        242,
        100,
        8,
        290,
        44,
        105,
        123,
        116,
        170,
        221,
        249,
        158,
        187,
        245,
        234,
        243,
        178,
        117,
        30,
        59,
        299,
        47,
        146,
        26,
        168,
        267,
        66,
        251,
        38,
        128,
        34,
        201,
        206,
        109,
        134,
        77,
        1,
        144,
        172,
        136,
        101,
        82,
        264,
        93,
        129,
        209,
        180,
        229,
        232,
        78,
        270,
        88,
        274,
        151,
        287,
        75,
        81,
        131,
        89,
        288,
        51,
        9,
        147,
        296,
        70,
        95,
        175,
        281,
        297,
        155,
        133,
        125,
        22,
        84,
        197,
        40,
        111,
        12,
        212,
        227,
        112,
        190,
        50,
        31,
        179,
        166,
        196,
        163,
        139,
        143,
        64,
        4,
        35,
        266,
        284,
        228,
        98,
        76,
        62,
        11,
        5,
        102,
        107,
        110,
        20,
        72,
        289,
        2,
        213,
        37,
        61,
        253,
        120,
        235,
        17,
        184,
        164,
        222,
        10,
        29,
        207,
        39,
        177,
        205,
        108,
        58,
        217,
        167,
        79,
        259,
        0,
        282,
        130,
        186,
        153,
        45,
        157,
        292,
        27,
        194,
        46,
        127,
        182,
        268,
        256,
        52,
        278,
        231,
        135,
        269,
        154,
        214,
        215,
        3,
        99,
        255,
        169,
        276,
        291,
        118,
        210,
        114,
        250,
        223,
        13,
        224,
        150,
        43,
        280,
        239,
        140,
        283,
        277,
        233,
        174,
        193,
        171,
        293,
        97,
        156,
        41,
        25,
        119,
        115,
        21,
        86,
        203,
        191,
        69,
        24,
        165,
        298,
        106,
        42,
        6,
        183,
        149,
        159,
        48,
        19,
        124,
        15,
        181,
        152,
        173,
        162,
        160,
        32,
        248,
        218,
        54,
        246,
        237,
        204,
        208,
        261,
        238,
        73,
        262,
        145,
        91,
        65,
        185,
        141,
        103,
        188,
        148,
        55,
        257,
        216,
        219,
        57,
        272,
        121,
        279,
        258,
        132,
        49,
        18,
        60,
        225,
        7,
        226,
        126,
        142,
        80,
        16,
        294,
        285,
        71,
        28,
        83,
        240,
        244,
        90,
        252,
        104,
        85,
        236,
        247,
        230,
        263,
        96,
        36,
        23,
        254,
        94,
        275,
        137,
        286,
        161,
        138,
        33,
        63,
        92,
        220,
        189,
        113
    ],
    "Nb of functions evaluations": 50010,
    "Computational time in seconds": 153.66634726524353,
    "Stopping criterion in evaluations": 50000
}