29° run output:
{
    "Function": "kroA150.tsp",
    "Problem dimension": [
        128,
        12,
        115,
        43,
        27,
        78,
        133,
        129,
        57,
        80,
        84,
        108,
        20,
        71,
        90,
        45,
        111,
        106,
        100,
        81,
        51,
        125,
        29,
        13,
        26,
        131,
        114,
        119,
        11,
        82,
        77,
        36,
        75,
        91,
        5,
        92,
        7,
        88,
        53,
        66,
        46,
        16,
        10,
        89,
        63,
        32,
        120,
        95,
        41,
        55,
        35,
        140,
        73,
        86,
        122,
        42,
        33,
        148,
        17,
        105,
        124,
        139,
        28,
        38,
        137,
        138,
        141,
        147,
        68,
        116,
        34,
        149,
        59,
        22,
        56,
        97,
        14,
        31,
        62,
        96,
        142,
        87,
        83,
        136,
        15,
        74,
        107,
        54,
        40,
        47,
        102,
        145,
        4,
        67,
        113,
        146,
        132,
        118,
        69,
        93,
        37,
        110,
        9,
        48,
        58,
        98,
        23,
        0,
        112,
        101,
        103,
        121,
        104,
        39,
        1,
        49,
        24,
        50,
        72,
        99,
        135,
        70,
        94,
        143,
        144,
        76,
        61,
        19,
        6,
        8,
        134,
        2,
        127,
        126,
        21,
        65,
        123,
        25,
        130,
        85,
        44,
        18,
        52,
        64,
        3,
        109,
        60,
        79,
        30,
        117
    ],
    "Global Optimum": 0,
    "Algorithm": "Genetic algorithm",
    "Parameters": {
        "population": 30,
        "offspring": 30,
        "mutation probability": 0.006666666666666667,
        "crossover probability": 0.9
    },
    "Fitness": 118501,
    "Solution": [
        128,
        12,
        115,
        43,
        27,
        78,
        133,
        129,
        57,
        80,
        84,
        108,
        20,
        71,
        90,
        45,
        111,
        106,
        100,
        81,
        51,
        125,
        29,
        13,
        26,
        131,
        114,
        119,
        11,
        82,
        77,
        36,
        75,
        91,
        5,
        92,
        7,
        88,
        53,
        66,
        46,
        16,
        10,
        89,
        63,
        32,
        120,
        95,
        41,
        55,
        35,
        140,
        73,
        86,
        122,
        42,
        33,
        148,
        17,
        105,
        124,
        139,
        28,
        38,
        137,
        138,
        141,
        147,
        68,
        116,
        34,
        149,
        59,
        22,
        56,
        97,
        14,
        31,
        62,
        96,
        142,
        87,
        83,
        136,
        15,
        74,
        107,
        54,
        40,
        47,
        102,
        145,
        4,
        67,
        113,
        146,
        132,
        118,
        69,
        93,
        37,
        110,
        9,
        48,
        58,
        98,
        23,
        0,
        112,
        101,
        103,
        121,
        104,
        39,
        1,
        49,
        24,
        50,
        72,
        99,
        135,
        70,
        94,
        143,
        144,
        76,
        61,
        19,
        6,
        8,
        134,
        2,
        127,
        126,
        21,
        65,
        123,
        25,
        130,
        85,
        44,
        18,
        52,
        64,
        3,
        109,
        60,
        79,
        30,
        117
    ],
    "Nb of functions evaluations": 200010,
    "Computational time in seconds": 101.36892700195312,
    "Stopping criterion in evaluations": 200000
}