12° run output:
{
    "Function": "kroA150.tsp",
    "Problem dimension": [
        144,
        82,
        148,
        61,
        31,
        108,
        11,
        95,
        120,
        45,
        51,
        36,
        72,
        49,
        80,
        24,
        43,
        29,
        127,
        34,
        59,
        76,
        149,
        26,
        48,
        9,
        5,
        57,
        86,
        56,
        6,
        139,
        97,
        90,
        140,
        16,
        10,
        105,
        78,
        103,
        110,
        101,
        20,
        73,
        58,
        83,
        130,
        8,
        42,
        2,
        135,
        46,
        129,
        15,
        30,
        128,
        52,
        87,
        93,
        91,
        132,
        53,
        1,
        143,
        124,
        50,
        131,
        106,
        134,
        33,
        75,
        145,
        125,
        4,
        28,
        112,
        96,
        142,
        55,
        41,
        118,
        89,
        18,
        69,
        7,
        92,
        137,
        117,
        123,
        64,
        74,
        141,
        115,
        81,
        66,
        3,
        23,
        98,
        37,
        54,
        40,
        70,
        13,
        77,
        146,
        32,
        94,
        12,
        88,
        121,
        60,
        63,
        47,
        99,
        122,
        104,
        14,
        44,
        22,
        107,
        27,
        67,
        84,
        100,
        38,
        102,
        113,
        79,
        71,
        126,
        17,
        25,
        147,
        39,
        68,
        111,
        119,
        114,
        19,
        85,
        116,
        109,
        0,
        62,
        35,
        21,
        65,
        136,
        133,
        138
    ],
    "Global Optimum": 0,
    "Algorithm": "Genetic algorithm",
    "Parameters": {
        "population": 30,
        "offspring": 30,
        "mutation probability": 0.006666666666666667,
        "crossover probability": 0.9
    },
    "Fitness": 106880,
    "Solution": [
        144,
        82,
        148,
        61,
        31,
        108,
        11,
        95,
        120,
        45,
        51,
        36,
        72,
        49,
        80,
        24,
        43,
        29,
        127,
        34,
        59,
        76,
        149,
        26,
        48,
        9,
        5,
        57,
        86,
        56,
        6,
        139,
        97,
        90,
        140,
        16,
        10,
        105,
        78,
        103,
        110,
        101,
        20,
        73,
        58,
        83,
        130,
        8,
        42,
        2,
        135,
        46,
        129,
        15,
        30,
        128,
        52,
        87,
        93,
        91,
        132,
        53,
        1,
        143,
        124,
        50,
        131,
        106,
        134,
        33,
        75,
        145,
        125,
        4,
        28,
        112,
        96,
        142,
        55,
        41,
        118,
        89,
        18,
        69,
        7,
        92,
        137,
        117,
        123,
        64,
        74,
        141,
        115,
        81,
        66,
        3,
        23,
        98,
        37,
        54,
        40,
        70,
        13,
        77,
        146,
        32,
        94,
        12,
        88,
        121,
        60,
        63,
        47,
        99,
        122,
        104,
        14,
        44,
        22,
        107,
        27,
        67,
        84,
        100,
        38,
        102,
        113,
        79,
        71,
        126,
        17,
        25,
        147,
        39,
        68,
        111,
        119,
        114,
        19,
        85,
        116,
        109,
        0,
        62,
        35,
        21,
        65,
        136,
        133,
        138
    ],
    "Nb of functions evaluations": 200010,
    "Computational time in seconds": 99.75032043457031,
    "Stopping criterion in evaluations": 200000
}