5° run output:
{
    "Function": "kroA150.tsp",
    "Problem dimension": [
        12,
        82,
        54,
        34,
        114,
        111,
        75,
        81,
        3,
        65,
        30,
        92,
        76,
        59,
        134,
        144,
        68,
        63,
        100,
        139,
        56,
        24,
        50,
        25,
        123,
        133,
        52,
        48,
        136,
        87,
        18,
        55,
        27,
        57,
        73,
        110,
        138,
        79,
        53,
        1,
        143,
        109,
        108,
        23,
        93,
        98,
        86,
        6,
        29,
        38,
        40,
        127,
        135,
        145,
        36,
        146,
        45,
        47,
        99,
        42,
        11,
        26,
        148,
        19,
        31,
        61,
        124,
        80,
        60,
        7,
        137,
        85,
        2,
        106,
        131,
        28,
        13,
        70,
        84,
        112,
        71,
        21,
        17,
        5,
        58,
        37,
        15,
        69,
        96,
        78,
        9,
        83,
        89,
        128,
        117,
        142,
        64,
        105,
        46,
        44,
        22,
        97,
        90,
        101,
        103,
        20,
        126,
        35,
        140,
        4,
        51,
        95,
        116,
        8,
        67,
        104,
        147,
        74,
        16,
        14,
        62,
        141,
        130,
        10,
        0,
        66,
        149,
        33,
        122,
        119,
        107,
        121,
        118,
        88,
        115,
        49,
        72,
        113,
        132,
        41,
        129,
        91,
        39,
        43,
        125,
        77,
        120,
        32,
        94,
        102
    ],
    "Global Optimum": 0,
    "Algorithm": "Genetic algorithm",
    "Parameters": {
        "population": 30,
        "offspring": 30,
        "mutation probability": 0.006666666666666667,
        "crossover probability": 0.9
    },
    "Fitness": 106239,
    "Solution": [
        12,
        82,
        54,
        34,
        114,
        111,
        75,
        81,
        3,
        65,
        30,
        92,
        76,
        59,
        134,
        144,
        68,
        63,
        100,
        139,
        56,
        24,
        50,
        25,
        123,
        133,
        52,
        48,
        136,
        87,
        18,
        55,
        27,
        57,
        73,
        110,
        138,
        79,
        53,
        1,
        143,
        109,
        108,
        23,
        93,
        98,
        86,
        6,
        29,
        38,
        40,
        127,
        135,
        145,
        36,
        146,
        45,
        47,
        99,
        42,
        11,
        26,
        148,
        19,
        31,
        61,
        124,
        80,
        60,
        7,
        137,
        85,
        2,
        106,
        131,
        28,
        13,
        70,
        84,
        112,
        71,
        21,
        17,
        5,
        58,
        37,
        15,
        69,
        96,
        78,
        9,
        83,
        89,
        128,
        117,
        142,
        64,
        105,
        46,
        44,
        22,
        97,
        90,
        101,
        103,
        20,
        126,
        35,
        140,
        4,
        51,
        95,
        116,
        8,
        67,
        104,
        147,
        74,
        16,
        14,
        62,
        141,
        130,
        10,
        0,
        66,
        149,
        33,
        122,
        119,
        107,
        121,
        118,
        88,
        115,
        49,
        72,
        113,
        132,
        41,
        129,
        91,
        39,
        43,
        125,
        77,
        120,
        32,
        94,
        102
    ],
    "Nb of functions evaluations": 200010,
    "Computational time in seconds": 99.74486041069031,
    "Stopping criterion in evaluations": 200000
}