25° run output:
{
    "Function": "kroA150.tsp",
    "Problem dimension": [
        116,
        27,
        117,
        25,
        62,
        48,
        7,
        79,
        128,
        136,
        78,
        69,
        101,
        87,
        15,
        133,
        46,
        59,
        127,
        122,
        13,
        146,
        75,
        32,
        94,
        43,
        90,
        97,
        139,
        84,
        132,
        93,
        14,
        57,
        92,
        140,
        83,
        17,
        64,
        123,
        21,
        105,
        23,
        110,
        98,
        103,
        89,
        9,
        52,
        20,
        71,
        35,
        37,
        112,
        104,
        6,
        33,
        50,
        144,
        68,
        34,
        149,
        119,
        45,
        95,
        51,
        29,
        100,
        113,
        121,
        96,
        138,
        67,
        134,
        54,
        108,
        5,
        55,
        142,
        30,
        88,
        65,
        118,
        91,
        0,
        107,
        81,
        125,
        1,
        86,
        61,
        44,
        143,
        102,
        120,
        70,
        8,
        73,
        16,
        22,
        31,
        130,
        129,
        66,
        148,
        82,
        40,
        114,
        42,
        36,
        4,
        77,
        2,
        28,
        10,
        58,
        126,
        56,
        109,
        141,
        147,
        111,
        131,
        80,
        24,
        47,
        99,
        145,
        12,
        39,
        137,
        41,
        3,
        18,
        74,
        76,
        19,
        85,
        11,
        135,
        72,
        124,
        26,
        63,
        53,
        115,
        49,
        38,
        106,
        60
    ],
    "Global Optimum": 0,
    "Algorithm": "Genetic algorithm",
    "Parameters": {
        "population": 30,
        "offspring": 30,
        "mutation probability": 0.006666666666666667,
        "crossover probability": 0.9
    },
    "Fitness": 108571,
    "Solution": [
        116,
        27,
        117,
        25,
        62,
        48,
        7,
        79,
        128,
        136,
        78,
        69,
        101,
        87,
        15,
        133,
        46,
        59,
        127,
        122,
        13,
        146,
        75,
        32,
        94,
        43,
        90,
        97,
        139,
        84,
        132,
        93,
        14,
        57,
        92,
        140,
        83,
        17,
        64,
        123,
        21,
        105,
        23,
        110,
        98,
        103,
        89,
        9,
        52,
        20,
        71,
        35,
        37,
        112,
        104,
        6,
        33,
        50,
        144,
        68,
        34,
        149,
        119,
        45,
        95,
        51,
        29,
        100,
        113,
        121,
        96,
        138,
        67,
        134,
        54,
        108,
        5,
        55,
        142,
        30,
        88,
        65,
        118,
        91,
        0,
        107,
        81,
        125,
        1,
        86,
        61,
        44,
        143,
        102,
        120,
        70,
        8,
        73,
        16,
        22,
        31,
        130,
        129,
        66,
        148,
        82,
        40,
        114,
        42,
        36,
        4,
        77,
        2,
        28,
        10,
        58,
        126,
        56,
        109,
        141,
        147,
        111,
        131,
        80,
        24,
        47,
        99,
        145,
        12,
        39,
        137,
        41,
        3,
        18,
        74,
        76,
        19,
        85,
        11,
        135,
        72,
        124,
        26,
        63,
        53,
        115,
        49,
        38,
        106,
        60
    ],
    "Nb of functions evaluations": 200010,
    "Computational time in seconds": 99.31405973434448,
    "Stopping criterion in evaluations": 200000
}