23° run output:
{
    "Function": "kroA150.tsp",
    "Problem dimension": [
        65,
        25,
        3,
        55,
        121,
        88,
        99,
        40,
        2,
        29,
        24,
        110,
        98,
        149,
        130,
        41,
        52,
        87,
        83,
        90,
        6,
        19,
        82,
        45,
        36,
        81,
        8,
        26,
        124,
        131,
        148,
        34,
        76,
        48,
        11,
        54,
        33,
        38,
        94,
        125,
        60,
        109,
        22,
        128,
        69,
        15,
        31,
        62,
        92,
        66,
        107,
        57,
        104,
        39,
        115,
        72,
        43,
        49,
        13,
        135,
        111,
        146,
        30,
        91,
        9,
        58,
        93,
        21,
        7,
        79,
        118,
        142,
        96,
        112,
        105,
        129,
        137,
        147,
        67,
        100,
        139,
        116,
        127,
        114,
        119,
        144,
        89,
        5,
        18,
        123,
        117,
        64,
        74,
        97,
        61,
        134,
        70,
        77,
        75,
        32,
        95,
        106,
        102,
        4,
        51,
        120,
        113,
        27,
        0,
        46,
        10,
        14,
        20,
        73,
        59,
        47,
        84,
        86,
        108,
        44,
        140,
        126,
        103,
        101,
        23,
        136,
        138,
        132,
        141,
        63,
        143,
        1,
        85,
        42,
        122,
        28,
        56,
        68,
        53,
        145,
        12,
        80,
        50,
        71,
        35,
        17,
        133,
        78,
        37,
        16
    ],
    "Global Optimum": 0,
    "Algorithm": "Genetic algorithm",
    "Parameters": {
        "population": 30,
        "offspring": 30,
        "mutation probability": 0.006666666666666667,
        "crossover probability": 0.9
    },
    "Fitness": 107030,
    "Solution": [
        65,
        25,
        3,
        55,
        121,
        88,
        99,
        40,
        2,
        29,
        24,
        110,
        98,
        149,
        130,
        41,
        52,
        87,
        83,
        90,
        6,
        19,
        82,
        45,
        36,
        81,
        8,
        26,
        124,
        131,
        148,
        34,
        76,
        48,
        11,
        54,
        33,
        38,
        94,
        125,
        60,
        109,
        22,
        128,
        69,
        15,
        31,
        62,
        92,
        66,
        107,
        57,
        104,
        39,
        115,
        72,
        43,
        49,
        13,
        135,
        111,
        146,
        30,
        91,
        9,
        58,
        93,
        21,
        7,
        79,
        118,
        142,
        96,
        112,
        105,
        129,
        137,
        147,
        67,
        100,
        139,
        116,
        127,
        114,
        119,
        144,
        89,
        5,
        18,
        123,
        117,
        64,
        74,
        97,
        61,
        134,
        70,
        77,
        75,
        32,
        95,
        106,
        102,
        4,
        51,
        120,
        113,
        27,
        0,
        46,
        10,
        14,
        20,
        73,
        59,
        47,
        84,
        86,
        108,
        44,
        140,
        126,
        103,
        101,
        23,
        136,
        138,
        132,
        141,
        63,
        143,
        1,
        85,
        42,
        122,
        28,
        56,
        68,
        53,
        145,
        12,
        80,
        50,
        71,
        35,
        17,
        133,
        78,
        37,
        16
    ],
    "Nb of functions evaluations": 200010,
    "Computational time in seconds": 100.29205584526062,
    "Stopping criterion in evaluations": 200000
}