13° run output:
{
    "Function": "kroA150.tsp",
    "Problem dimension": [
        33,
        29,
        13,
        116,
        26,
        27,
        57,
        129,
        46,
        55,
        9,
        126,
        58,
        22,
        50,
        20,
        98,
        83,
        109,
        114,
        119,
        2,
        135,
        47,
        120,
        99,
        77,
        75,
        53,
        137,
        90,
        97,
        149,
        16,
        71,
        73,
        74,
        142,
        118,
        21,
        15,
        87,
        123,
        117,
        6,
        82,
        40,
        70,
        100,
        111,
        131,
        45,
        42,
        127,
        85,
        11,
        122,
        148,
        54,
        56,
        134,
        80,
        130,
        35,
        103,
        101,
        63,
        125,
        115,
        106,
        136,
        93,
        69,
        89,
        143,
        39,
        41,
        14,
        140,
        64,
        3,
        112,
        78,
        133,
        52,
        25,
        96,
        79,
        66,
        113,
        102,
        94,
        72,
        138,
        132,
        30,
        68,
        86,
        92,
        141,
        0,
        48,
        104,
        147,
        107,
        49,
        81,
        1,
        121,
        65,
        128,
        91,
        139,
        84,
        95,
        28,
        8,
        23,
        37,
        17,
        110,
        5,
        7,
        88,
        36,
        4,
        51,
        67,
        124,
        108,
        31,
        19,
        44,
        105,
        18,
        62,
        10,
        76,
        144,
        43,
        38,
        12,
        145,
        32,
        146,
        24,
        60,
        61,
        59,
        34
    ],
    "Global Optimum": 0,
    "Algorithm": "Genetic algorithm",
    "Parameters": {
        "population": 30,
        "offspring": 30,
        "mutation probability": 0.006666666666666667,
        "crossover probability": 0.9
    },
    "Fitness": 110465,
    "Solution": [
        33,
        29,
        13,
        116,
        26,
        27,
        57,
        129,
        46,
        55,
        9,
        126,
        58,
        22,
        50,
        20,
        98,
        83,
        109,
        114,
        119,
        2,
        135,
        47,
        120,
        99,
        77,
        75,
        53,
        137,
        90,
        97,
        149,
        16,
        71,
        73,
        74,
        142,
        118,
        21,
        15,
        87,
        123,
        117,
        6,
        82,
        40,
        70,
        100,
        111,
        131,
        45,
        42,
        127,
        85,
        11,
        122,
        148,
        54,
        56,
        134,
        80,
        130,
        35,
        103,
        101,
        63,
        125,
        115,
        106,
        136,
        93,
        69,
        89,
        143,
        39,
        41,
        14,
        140,
        64,
        3,
        112,
        78,
        133,
        52,
        25,
        96,
        79,
        66,
        113,
        102,
        94,
        72,
        138,
        132,
        30,
        68,
        86,
        92,
        141,
        0,
        48,
        104,
        147,
        107,
        49,
        81,
        1,
        121,
        65,
        128,
        91,
        139,
        84,
        95,
        28,
        8,
        23,
        37,
        17,
        110,
        5,
        7,
        88,
        36,
        4,
        51,
        67,
        124,
        108,
        31,
        19,
        44,
        105,
        18,
        62,
        10,
        76,
        144,
        43,
        38,
        12,
        145,
        32,
        146,
        24,
        60,
        61,
        59,
        34
    ],
    "Nb of functions evaluations": 200010,
    "Computational time in seconds": 100.5458242893219,
    "Stopping criterion in evaluations": 200000
}