19° run output:
{
    "Function": "kroA150.tsp",
    "Problem dimension": [
        61,
        104,
        147,
        71,
        112,
        105,
        62,
        141,
        38,
        94,
        125,
        96,
        118,
        65,
        78,
        20,
        9,
        52,
        48,
        6,
        54,
        0,
        138,
        132,
        113,
        143,
        63,
        82,
        139,
        137,
        88,
        89,
        17,
        133,
        128,
        117,
        91,
        127,
        34,
        130,
        41,
        30,
        60,
        14,
        98,
        101,
        140,
        126,
        1,
        43,
        146,
        145,
        36,
        111,
        40,
        33,
        13,
        47,
        70,
        51,
        84,
        80,
        97,
        22,
        16,
        53,
        115,
        81,
        49,
        68,
        39,
        100,
        120,
        99,
        106,
        10,
        31,
        57,
        92,
        55,
        25,
        136,
        142,
        121,
        79,
        86,
        28,
        95,
        4,
        24,
        144,
        103,
        110,
        93,
        23,
        27,
        67,
        72,
        12,
        102,
        32,
        75,
        114,
        119,
        11,
        19,
        50,
        44,
        90,
        76,
        149,
        148,
        2,
        45,
        134,
        116,
        77,
        8,
        56,
        58,
        73,
        46,
        108,
        83,
        69,
        21,
        123,
        64,
        129,
        124,
        131,
        135,
        29,
        107,
        66,
        3,
        74,
        18,
        7,
        5,
        37,
        15,
        87,
        35,
        59,
        122,
        42,
        85,
        26,
        109
    ],
    "Global Optimum": 0,
    "Algorithm": "Genetic algorithm",
    "Parameters": {
        "population": 30,
        "offspring": 30,
        "mutation probability": 0.006666666666666667,
        "crossover probability": 0.9
    },
    "Fitness": 113677,
    "Solution": [
        61,
        104,
        147,
        71,
        112,
        105,
        62,
        141,
        38,
        94,
        125,
        96,
        118,
        65,
        78,
        20,
        9,
        52,
        48,
        6,
        54,
        0,
        138,
        132,
        113,
        143,
        63,
        82,
        139,
        137,
        88,
        89,
        17,
        133,
        128,
        117,
        91,
        127,
        34,
        130,
        41,
        30,
        60,
        14,
        98,
        101,
        140,
        126,
        1,
        43,
        146,
        145,
        36,
        111,
        40,
        33,
        13,
        47,
        70,
        51,
        84,
        80,
        97,
        22,
        16,
        53,
        115,
        81,
        49,
        68,
        39,
        100,
        120,
        99,
        106,
        10,
        31,
        57,
        92,
        55,
        25,
        136,
        142,
        121,
        79,
        86,
        28,
        95,
        4,
        24,
        144,
        103,
        110,
        93,
        23,
        27,
        67,
        72,
        12,
        102,
        32,
        75,
        114,
        119,
        11,
        19,
        50,
        44,
        90,
        76,
        149,
        148,
        2,
        45,
        134,
        116,
        77,
        8,
        56,
        58,
        73,
        46,
        108,
        83,
        69,
        21,
        123,
        64,
        129,
        124,
        131,
        135,
        29,
        107,
        66,
        3,
        74,
        18,
        7,
        5,
        37,
        15,
        87,
        35,
        59,
        122,
        42,
        85,
        26,
        109
    ],
    "Nb of functions evaluations": 200010,
    "Computational time in seconds": 100.38324785232544,
    "Stopping criterion in evaluations": 200000
}