6° run output:
{
    "Function": "euclidA500.tsp",
    "Problem dimension": [
        463,
        149,
        74,
        238,
        280,
        116,
        110,
        417,
        141,
        212,
        119,
        479,
        443,
        41,
        352,
        392,
        52,
        456,
        469,
        94,
        178,
        203,
        81,
        229,
        476,
        441,
        425,
        33,
        481,
        151,
        423,
        302,
        58,
        168,
        366,
        483,
        394,
        187,
        282,
        308,
        136,
        90,
        122,
        17,
        438,
        339,
        245,
        144,
        12,
        304,
        464,
        474,
        139,
        421,
        153,
        194,
        27,
        269,
        2,
        224,
        210,
        205,
        156,
        108,
        89,
        449,
        284,
        315,
        213,
        247,
        256,
        334,
        30,
        285,
        177,
        364,
        492,
        60,
        490,
        367,
        354,
        235,
        301,
        32,
        466,
        475,
        447,
        107,
        66,
        468,
        419,
        97,
        491,
        118,
        29,
        472,
        405,
        134,
        129,
        22,
        82,
        327,
        230,
        337,
        321,
        287,
        455,
        126,
        170,
        166,
        88,
        191,
        63,
        64,
        31,
        61,
        416,
        99,
        100,
        25,
        331,
        62,
        93,
        67,
        172,
        111,
        450,
        250,
        317,
        261,
        383,
        279,
        113,
        109,
        314,
        24,
        137,
        55,
        262,
        462,
        389,
        458,
        430,
        258,
        333,
        196,
        296,
        346,
        373,
        442,
        330,
        248,
        270,
        101,
        72,
        80,
        95,
        471,
        179,
        401,
        8,
        437,
        384,
        493,
        273,
        14,
        164,
        431,
        132,
        53,
        204,
        338,
        433,
        444,
        135,
        236,
        237,
        293,
        448,
        91,
        420,
        274,
        70,
        240,
        255,
        124,
        28,
        272,
        220,
        162,
        412,
        271,
        181,
        241,
        473,
        480,
        174,
        299,
        71,
        460,
        133,
        69,
        371,
        254,
        324,
        320,
        328,
        360,
        115,
        127,
        467,
        175,
        43,
        65,
        251,
        222,
        289,
        409,
        399,
        154,
        215,
        356,
        432,
        413,
        303,
        452,
        73,
        207,
        169,
        396,
        465,
        50,
        131,
        145,
        0,
        376,
        180,
        406,
        263,
        186,
        312,
        439,
        382,
        227,
        276,
        232,
        243,
        415,
        34,
        310,
        228,
        86,
        96,
        361,
        477,
        150,
        171,
        36,
        173,
        341,
        325,
        75,
        225,
        326,
        83,
        397,
        395,
        298,
        386,
        414,
        484,
        349,
        309,
        440,
        79,
        47,
        257,
        358,
        161,
        202,
        445,
        488,
        163,
        23,
        19,
        329,
        393,
        226,
        40,
        288,
        291,
        489,
        57,
        381,
        267,
        114,
        461,
        20,
        340,
        451,
        322,
        39,
        231,
        311,
        283,
        318,
        418,
        252,
        497,
        155,
        350,
        6,
        234,
        290,
        4,
        306,
        244,
        300,
        218,
        377,
        446,
        221,
        142,
        278,
        459,
        292,
        128,
        190,
        260,
        403,
        37,
        348,
        370,
        435,
        9,
        253,
        275,
        87,
        239,
        478,
        404,
        268,
        15,
        378,
        48,
        158,
        42,
        112,
        369,
        160,
        494,
        211,
        138,
        499,
        176,
        286,
        347,
        209,
        422,
        197,
        379,
        1,
        3,
        44,
        368,
        102,
        198,
        84,
        185,
        428,
        390,
        195,
        157,
        167,
        335,
        297,
        495,
        121,
        233,
        201,
        342,
        487,
        424,
        146,
        453,
        359,
        16,
        189,
        85,
        457,
        68,
        208,
        277,
        316,
        372,
        184,
        249,
        388,
        482,
        353,
        385,
        486,
        498,
        363,
        103,
        332,
        199,
        336,
        344,
        106,
        200,
        182,
        343,
        148,
        140,
        76,
        387,
        51,
        125,
        246,
        323,
        193,
        98,
        105,
        355,
        454,
        104,
        402,
        77,
        120,
        242,
        266,
        411,
        11,
        496,
        259,
        391,
        408,
        206,
        294,
        46,
        374,
        21,
        152,
        7,
        59,
        78,
        26,
        49,
        380,
        305,
        351,
        159,
        45,
        407,
        319,
        214,
        5,
        398,
        365,
        165,
        265,
        313,
        10,
        436,
        18,
        426,
        143,
        427,
        362,
        485,
        117,
        434,
        219,
        410,
        345,
        307,
        13,
        375,
        470,
        429,
        264,
        54,
        188,
        281,
        123,
        357,
        147,
        217,
        38,
        56,
        295,
        130,
        216,
        92,
        183,
        223,
        400,
        192,
        35
    ],
    "Global Optimum": 0,
    "Algorithm": "Genetic algorithm",
    "Parameters": {
        "population": 30,
        "offspring": 30,
        "mutation probability": 0.002,
        "crossover probability": 0.9
    },
    "Fitness": 677081,
    "Solution": [
        463,
        149,
        74,
        238,
        280,
        116,
        110,
        417,
        141,
        212,
        119,
        479,
        443,
        41,
        352,
        392,
        52,
        456,
        469,
        94,
        178,
        203,
        81,
        229,
        476,
        441,
        425,
        33,
        481,
        151,
        423,
        302,
        58,
        168,
        366,
        483,
        394,
        187,
        282,
        308,
        136,
        90,
        122,
        17,
        438,
        339,
        245,
        144,
        12,
        304,
        464,
        474,
        139,
        421,
        153,
        194,
        27,
        269,
        2,
        224,
        210,
        205,
        156,
        108,
        89,
        449,
        284,
        315,
        213,
        247,
        256,
        334,
        30,
        285,
        177,
        364,
        492,
        60,
        490,
        367,
        354,
        235,
        301,
        32,
        466,
        475,
        447,
        107,
        66,
        468,
        419,
        97,
        491,
        118,
        29,
        472,
        405,
        134,
        129,
        22,
        82,
        327,
        230,
        337,
        321,
        287,
        455,
        126,
        170,
        166,
        88,
        191,
        63,
        64,
        31,
        61,
        416,
        99,
        100,
        25,
        331,
        62,
        93,
        67,
        172,
        111,
        450,
        250,
        317,
        261,
        383,
        279,
        113,
        109,
        314,
        24,
        137,
        55,
        262,
        462,
        389,
        458,
        430,
        258,
        333,
        196,
        296,
        346,
        373,
        442,
        330,
        248,
        270,
        101,
        72,
        80,
        95,
        471,
        179,
        401,
        8,
        437,
        384,
        493,
        273,
        14,
        164,
        431,
        132,
        53,
        204,
        338,
        433,
        444,
        135,
        236,
        237,
        293,
        448,
        91,
        420,
        274,
        70,
        240,
        255,
        124,
        28,
        272,
        220,
        162,
        412,
        271,
        181,
        241,
        473,
        480,
        174,
        299,
        71,
        460,
        133,
        69,
        371,
        254,
        324,
        320,
        328,
        360,
        115,
        127,
        467,
        175,
        43,
        65,
        251,
        222,
        289,
        409,
        399,
        154,
        215,
        356,
        432,
        413,
        303,
        452,
        73,
        207,
        169,
        396,
        465,
        50,
        131,
        145,
        0,
        376,
        180,
        406,
        263,
        186,
        312,
        439,
        382,
        227,
        276,
        232,
        243,
        415,
        34,
        310,
        228,
        86,
        96,
        361,
        477,
        150,
        171,
        36,
        173,
        341,
        325,
        75,
        225,
        326,
        83,
        397,
        395,
        298,
        386,
        414,
        484,
        349,
        309,
        440,
        79,
        47,
        257,
        358,
        161,
        202,
        445,
        488,
        163,
        23,
        19,
        329,
        393,
        226,
        40,
        288,
        291,
        489,
        57,
        381,
        267,
        114,
        461,
        20,
        340,
        451,
        322,
        39,
        231,
        311,
        283,
        318,
        418,
        252,
        497,
        155,
        350,
        6,
        234,
        290,
        4,
        306,
        244,
        300,
        218,
        377,
        446,
        221,
        142,
        278,
        459,
        292,
        128,
        190,
        260,
        403,
        37,
        348,
        370,
        435,
        9,
        253,
        275,
        87,
        239,
        478,
        404,
        268,
        15,
        378,
        48,
        158,
        42,
        112,
        369,
        160,
        494,
        211,
        138,
        499,
        176,
        286,
        347,
        209,
        422,
        197,
        379,
        1,
        3,
        44,
        368,
        102,
        198,
        84,
        185,
        428,
        390,
        195,
        157,
        167,
        335,
        297,
        495,
        121,
        233,
        201,
        342,
        487,
        424,
        146,
        453,
        359,
        16,
        189,
        85,
        457,
        68,
        208,
        277,
        316,
        372,
        184,
        249,
        388,
        482,
        353,
        385,
        486,
        498,
        363,
        103,
        332,
        199,
        336,
        344,
        106,
        200,
        182,
        343,
        148,
        140,
        76,
        387,
        51,
        125,
        246,
        323,
        193,
        98,
        105,
        355,
        454,
        104,
        402,
        77,
        120,
        242,
        266,
        411,
        11,
        496,
        259,
        391,
        408,
        206,
        294,
        46,
        374,
        21,
        152,
        7,
        59,
        78,
        26,
        49,
        380,
        305,
        351,
        159,
        45,
        407,
        319,
        214,
        5,
        398,
        365,
        165,
        265,
        313,
        10,
        436,
        18,
        426,
        143,
        427,
        362,
        485,
        117,
        434,
        219,
        410,
        345,
        307,
        13,
        375,
        470,
        429,
        264,
        54,
        188,
        281,
        123,
        357,
        147,
        217,
        38,
        56,
        295,
        130,
        216,
        92,
        183,
        223,
        400,
        192,
        35
    ],
    "Nb of functions evaluations": 50010,
    "Computational time in seconds": 365.8324992656708,
    "Stopping criterion in evaluations": 50000
}