22° run output:
{
    "Function": "euclidA500.tsp",
    "Problem dimension": [
        104,
        352,
        169,
        124,
        305,
        82,
        370,
        350,
        109,
        339,
        30,
        75,
        457,
        413,
        284,
        203,
        465,
        45,
        294,
        272,
        255,
        453,
        368,
        96,
        3,
        283,
        286,
        150,
        158,
        406,
        72,
        123,
        143,
        291,
        372,
        139,
        361,
        101,
        46,
        200,
        391,
        464,
        113,
        401,
        290,
        48,
        43,
        371,
        495,
        77,
        260,
        54,
        379,
        243,
        49,
        19,
        42,
        35,
        414,
        204,
        316,
        312,
        142,
        187,
        446,
        230,
        455,
        160,
        81,
        317,
        257,
        98,
        52,
        359,
        266,
        214,
        273,
        0,
        417,
        490,
        241,
        325,
        468,
        441,
        322,
        358,
        349,
        115,
        303,
        442,
        229,
        348,
        242,
        337,
        219,
        146,
        380,
        234,
        116,
        384,
        456,
        222,
        395,
        207,
        147,
        319,
        16,
        23,
        393,
        338,
        175,
        223,
        70,
        39,
        186,
        263,
        87,
        473,
        1,
        275,
        488,
        171,
        420,
        333,
        245,
        129,
        310,
        265,
        215,
        481,
        459,
        387,
        15,
        479,
        220,
        433,
        438,
        424,
        487,
        173,
        165,
        22,
        443,
        225,
        164,
        392,
        281,
        180,
        432,
        460,
        50,
        403,
        9,
        90,
        5,
        4,
        88,
        177,
        246,
        493,
        235,
        31,
        205,
        499,
        439,
        244,
        34,
        176,
        168,
        198,
        153,
        267,
        64,
        300,
        92,
        239,
        86,
        434,
        279,
        383,
        428,
        132,
        26,
        126,
        196,
        149,
        65,
        444,
        226,
        161,
        159,
        99,
        178,
        271,
        426,
        148,
        390,
        140,
        66,
        323,
        21,
        471,
        32,
        238,
        461,
        299,
        274,
        262,
        170,
        388,
        144,
        268,
        436,
        360,
        449,
        478,
        119,
        63,
        10,
        314,
        138,
        36,
        467,
        381,
        69,
        418,
        259,
        11,
        18,
        313,
        59,
        135,
        400,
        342,
        326,
        58,
        195,
        105,
        295,
        76,
        256,
        6,
        73,
        324,
        191,
        151,
        57,
        298,
        422,
        369,
        248,
        193,
        141,
        190,
        335,
        28,
        102,
        233,
        344,
        55,
        7,
        122,
        385,
        329,
        103,
        309,
        363,
        404,
        412,
        425,
        210,
        185,
        306,
        179,
        38,
        343,
        285,
        228,
        374,
        447,
        212,
        74,
        62,
        157,
        254,
        301,
        156,
        93,
        399,
        366,
        167,
        421,
        17,
        85,
        463,
        125,
        95,
        353,
        415,
        133,
        12,
        106,
        211,
        108,
        121,
        107,
        373,
        405,
        184,
        410,
        458,
        476,
        497,
        452,
        40,
        67,
        469,
        327,
        419,
        130,
        431,
        79,
        110,
        111,
        25,
        408,
        355,
        56,
        78,
        236,
        375,
        120,
        145,
        302,
        189,
        2,
        33,
        475,
        29,
        485,
        346,
        202,
        308,
        112,
        199,
        83,
        213,
        47,
        183,
        280,
        311,
        356,
        232,
        224,
        231,
        351,
        201,
        237,
        292,
        492,
        117,
        411,
        398,
        341,
        462,
        496,
        227,
        378,
        253,
        60,
        91,
        24,
        320,
        136,
        134,
        137,
        44,
        448,
        491,
        484,
        440,
        377,
        296,
        386,
        278,
        182,
        216,
        68,
        206,
        27,
        365,
        454,
        269,
        483,
        261,
        367,
        154,
        347,
        435,
        396,
        416,
        498,
        80,
        155,
        494,
        376,
        340,
        188,
        174,
        318,
        297,
        218,
        152,
        221,
        470,
        127,
        172,
        407,
        477,
        289,
        293,
        364,
        97,
        330,
        163,
        277,
        251,
        321,
        51,
        472,
        336,
        423,
        437,
        252,
        84,
        466,
        247,
        429,
        402,
        53,
        394,
        430,
        427,
        307,
        397,
        489,
        89,
        131,
        315,
        354,
        13,
        480,
        331,
        14,
        270,
        217,
        382,
        288,
        128,
        41,
        258,
        197,
        71,
        166,
        328,
        362,
        389,
        20,
        282,
        240,
        208,
        114,
        445,
        357,
        287,
        486,
        332,
        100,
        250,
        409,
        181,
        304,
        451,
        474,
        482,
        192,
        450,
        345,
        37,
        118,
        194,
        94,
        162,
        249,
        8,
        61,
        276,
        264,
        334,
        209
    ],
    "Global Optimum": 0,
    "Algorithm": "Genetic algorithm",
    "Parameters": {
        "population": 30,
        "offspring": 30,
        "mutation probability": 0.002,
        "crossover probability": 0.9
    },
    "Fitness": 652568,
    "Solution": [
        104,
        352,
        169,
        124,
        305,
        82,
        370,
        350,
        109,
        339,
        30,
        75,
        457,
        413,
        284,
        203,
        465,
        45,
        294,
        272,
        255,
        453,
        368,
        96,
        3,
        283,
        286,
        150,
        158,
        406,
        72,
        123,
        143,
        291,
        372,
        139,
        361,
        101,
        46,
        200,
        391,
        464,
        113,
        401,
        290,
        48,
        43,
        371,
        495,
        77,
        260,
        54,
        379,
        243,
        49,
        19,
        42,
        35,
        414,
        204,
        316,
        312,
        142,
        187,
        446,
        230,
        455,
        160,
        81,
        317,
        257,
        98,
        52,
        359,
        266,
        214,
        273,
        0,
        417,
        490,
        241,
        325,
        468,
        441,
        322,
        358,
        349,
        115,
        303,
        442,
        229,
        348,
        242,
        337,
        219,
        146,
        380,
        234,
        116,
        384,
        456,
        222,
        395,
        207,
        147,
        319,
        16,
        23,
        393,
        338,
        175,
        223,
        70,
        39,
        186,
        263,
        87,
        473,
        1,
        275,
        488,
        171,
        420,
        333,
        245,
        129,
        310,
        265,
        215,
        481,
        459,
        387,
        15,
        479,
        220,
        433,
        438,
        424,
        487,
        173,
        165,
        22,
        443,
        225,
        164,
        392,
        281,
        180,
        432,
        460,
        50,
        403,
        9,
        90,
        5,
        4,
        88,
        177,
        246,
        493,
        235,
        31,
        205,
        499,
        439,
        244,
        34,
        176,
        168,
        198,
        153,
        267,
        64,
        300,
        92,
        239,
        86,
        434,
        279,
        383,
        428,
        132,
        26,
        126,
        196,
        149,
        65,
        444,
        226,
        161,
        159,
        99,
        178,
        271,
        426,
        148,
        390,
        140,
        66,
        323,
        21,
        471,
        32,
        238,
        461,
        299,
        274,
        262,
        170,
        388,
        144,
        268,
        436,
        360,
        449,
        478,
        119,
        63,
        10,
        314,
        138,
        36,
        467,
        381,
        69,
        418,
        259,
        11,
        18,
        313,
        59,
        135,
        400,
        342,
        326,
        58,
        195,
        105,
        295,
        76,
        256,
        6,
        73,
        324,
        191,
        151,
        57,
        298,
        422,
        369,
        248,
        193,
        141,
        190,
        335,
        28,
        102,
        233,
        344,
        55,
        7,
        122,
        385,
        329,
        103,
        309,
        363,
        404,
        412,
        425,
        210,
        185,
        306,
        179,
        38,
        343,
        285,
        228,
        374,
        447,
        212,
        74,
        62,
        157,
        254,
        301,
        156,
        93,
        399,
        366,
        167,
        421,
        17,
        85,
        463,
        125,
        95,
        353,
        415,
        133,
        12,
        106,
        211,
        108,
        121,
        107,
        373,
        405,
        184,
        410,
        458,
        476,
        497,
        452,
        40,
        67,
        469,
        327,
        419,
        130,
        431,
        79,
        110,
        111,
        25,
        408,
        355,
        56,
        78,
        236,
        375,
        120,
        145,
        302,
        189,
        2,
        33,
        475,
        29,
        485,
        346,
        202,
        308,
        112,
        199,
        83,
        213,
        47,
        183,
        280,
        311,
        356,
        232,
        224,
        231,
        351,
        201,
        237,
        292,
        492,
        117,
        411,
        398,
        341,
        462,
        496,
        227,
        378,
        253,
        60,
        91,
        24,
        320,
        136,
        134,
        137,
        44,
        448,
        491,
        484,
        440,
        377,
        296,
        386,
        278,
        182,
        216,
        68,
        206,
        27,
        365,
        454,
        269,
        483,
        261,
        367,
        154,
        347,
        435,
        396,
        416,
        498,
        80,
        155,
        494,
        376,
        340,
        188,
        174,
        318,
        297,
        218,
        152,
        221,
        470,
        127,
        172,
        407,
        477,
        289,
        293,
        364,
        97,
        330,
        163,
        277,
        251,
        321,
        51,
        472,
        336,
        423,
        437,
        252,
        84,
        466,
        247,
        429,
        402,
        53,
        394,
        430,
        427,
        307,
        397,
        489,
        89,
        131,
        315,
        354,
        13,
        480,
        331,
        14,
        270,
        217,
        382,
        288,
        128,
        41,
        258,
        197,
        71,
        166,
        328,
        362,
        389,
        20,
        282,
        240,
        208,
        114,
        445,
        357,
        287,
        486,
        332,
        100,
        250,
        409,
        181,
        304,
        451,
        474,
        482,
        192,
        450,
        345,
        37,
        118,
        194,
        94,
        162,
        249,
        8,
        61,
        276,
        264,
        334,
        209
    ],
    "Nb of functions evaluations": 50010,
    "Computational time in seconds": 362.53794384002686,
    "Stopping criterion in evaluations": 50000
}