18° run output:
{
    "Function": "kroA750.tsp",
    "Problem dimension": [
        604,
        705,
        360,
        397,
        483,
        492,
        318,
        177,
        224,
        642,
        200,
        22,
        540,
        111,
        297,
        74,
        631,
        340,
        247,
        402,
        215,
        622,
        670,
        188,
        437,
        68,
        616,
        416,
        453,
        594,
        259,
        182,
        278,
        566,
        279,
        367,
        105,
        41,
        410,
        675,
        175,
        529,
        424,
        605,
        551,
        500,
        145,
        423,
        719,
        7,
        660,
        201,
        63,
        142,
        406,
        4,
        35,
        186,
        667,
        398,
        2,
        88,
        77,
        461,
        731,
        632,
        170,
        710,
        435,
        504,
        202,
        221,
        443,
        193,
        196,
        85,
        169,
        43,
        258,
        498,
        346,
        294,
        543,
        163,
        527,
        321,
        427,
        36,
        720,
        673,
        46,
        694,
        220,
        83,
        197,
        136,
        744,
        470,
        696,
        19,
        476,
        146,
        589,
        39,
        438,
        740,
        544,
        528,
        469,
        75,
        440,
        17,
        557,
        218,
        50,
        284,
        25,
        501,
        179,
        381,
        482,
        725,
        749,
        748,
        61,
        38,
        480,
        650,
        625,
        692,
        509,
        341,
        581,
        715,
        419,
        582,
        263,
        118,
        746,
        117,
        349,
        365,
        677,
        198,
        274,
        389,
        733,
        567,
        570,
        33,
        393,
        431,
        372,
        464,
        70,
        495,
        189,
        16,
        655,
        489,
        460,
        646,
        554,
        195,
        183,
        219,
        357,
        164,
        689,
        238,
        732,
        173,
        306,
        712,
        596,
        214,
        57,
        354,
        333,
        536,
        199,
        430,
        131,
        454,
        184,
        462,
        593,
        415,
        548,
        100,
        685,
        209,
        562,
        701,
        606,
        361,
        139,
        723,
        659,
        345,
        49,
        37,
        669,
        511,
        401,
        425,
        30,
        124,
        490,
        700,
        412,
        662,
        310,
        283,
        249,
        134,
        496,
        5,
        682,
        612,
        138,
        299,
        148,
        56,
        256,
        115,
        243,
        352,
        414,
        649,
        741,
        539,
        626,
        14,
        222,
        472,
        358,
        208,
        434,
        135,
        484,
        507,
        251,
        79,
        80,
        9,
        326,
        227,
        630,
        81,
        62,
        418,
        439,
        253,
        168,
        403,
        304,
        620,
        463,
        653,
        458,
        726,
        190,
        114,
        380,
        141,
        373,
        513,
        369,
        205,
        92,
        428,
        531,
        708,
        97,
        641,
        728,
        303,
        327,
        323,
        441,
        211,
        560,
        538,
        336,
        396,
        156,
        506,
        709,
        516,
        291,
        232,
        703,
        547,
        272,
        262,
        167,
        522,
        237,
        607,
        457,
        590,
        322,
        391,
        287,
        658,
        140,
        609,
        240,
        601,
        574,
        296,
        302,
        442,
        680,
        714,
        388,
        552,
        422,
        264,
        366,
        382,
        268,
        639,
        31,
        216,
        316,
        549,
        648,
        122,
        128,
        307,
        555,
        717,
        27,
        246,
        629,
        493,
        664,
        627,
        638,
        13,
        309,
        126,
        269,
        541,
        392,
        120,
        217,
        73,
        679,
        671,
        433,
        473,
        553,
        613,
        255,
        226,
        315,
        90,
        317,
        390,
        108,
        242,
        447,
        624,
        178,
        686,
        559,
        343,
        374,
        298,
        71,
        172,
        595,
        698,
        656,
        252,
        697,
        171,
        681,
        417,
        426,
        556,
        34,
        676,
        584,
        137,
        634,
        577,
        355,
        499,
        383,
        86,
        312,
        47,
        377,
        404,
        305,
        282,
        286,
        558,
        185,
        684,
        230,
        66,
        456,
        348,
        467,
        244,
        514,
        371,
        364,
        713,
        519,
        187,
        8,
        154,
        542,
        654,
        525,
        583,
        87,
        429,
        301,
        113,
        15,
        356,
        661,
        475,
        129,
        718,
        339,
        159,
        532,
        693,
        311,
        387,
        203,
        479,
        628,
        486,
        647,
        362,
        21,
        58,
        11,
        576,
        52,
        212,
        152,
        338,
        166,
        666,
        729,
        526,
        55,
        281,
        395,
        572,
        363,
        98,
        32,
        254,
        695,
        663,
        54,
        386,
        502,
        89,
        151,
        586,
        176,
        69,
        711,
        267,
        236,
        678,
        407,
        379,
        721,
        276,
        533,
        534,
        67,
        101,
        225,
        691,
        563,
        320,
        488,
        293,
        598,
        160,
        76,
        497,
        95,
        234,
        375,
        250,
        575,
        353,
        518,
        53,
        578,
        337,
        277,
        231,
        400,
        568,
        28,
        668,
        153,
        535,
        93,
        158,
        737,
        451,
        510,
        651,
        273,
        300,
        450,
        368,
        257,
        132,
        106,
        266,
        608,
        308,
        130,
        248,
        59,
        704,
        615,
        181,
        194,
        149,
        477,
        290,
        592,
        561,
        0,
        699,
        376,
        289,
        347,
        503,
        112,
        465,
        487,
        444,
        48,
        144,
        724,
        24,
        455,
        636,
        20,
        245,
        508,
        674,
        610,
        332,
        436,
        452,
        96,
        580,
        591,
        537,
        165,
        738,
        742,
        123,
        635,
        600,
        270,
        82,
        432,
        207,
        155,
        739,
        421,
        235,
        228,
        614,
        745,
        229,
        408,
        471,
        565,
        546,
        505,
        515,
        116,
        569,
        180,
        107,
        448,
        1,
        619,
        550,
        683,
        275,
        564,
        44,
        690,
        103,
        344,
        588,
        51,
        687,
        468,
        325,
        109,
        517,
        716,
        84,
        102,
        210,
        6,
        10,
        18,
        110,
        512,
        12,
        295,
        329,
        672,
        621,
        45,
        722,
        707,
        579,
        319,
        91,
        60,
        121,
        599,
        192,
        494,
        65,
        331,
        150,
        261,
        162,
        23,
        204,
        603,
        571,
        688,
        735,
        474,
        618,
        174,
        617,
        405,
        602,
        530,
        420,
        223,
        394,
        29,
        449,
        520,
        157,
        328,
        335,
        524,
        597,
        643,
        313,
        330,
        288,
        94,
        585,
        459,
        99,
        587,
        42,
        523,
        640,
        384,
        736,
        466,
        314,
        241,
        521,
        280,
        233,
        350,
        633,
        743,
        260,
        104,
        213,
        734,
        342,
        644,
        64,
        72,
        143,
        3,
        125,
        40,
        491,
        657,
        411,
        611,
        334,
        623,
        26,
        481,
        351,
        78,
        133,
        665,
        706,
        573,
        324,
        399,
        292,
        127,
        370,
        385,
        545,
        119,
        191,
        485,
        637,
        206,
        730,
        445,
        239,
        271,
        413,
        378,
        727,
        359,
        446,
        702,
        478,
        161,
        147,
        409,
        645,
        747,
        265,
        652,
        285
    ],
    "Global Optimum": 0,
    "Algorithm": "Genetic algorithm",
    "Parameters": {
        "population": 30,
        "offspring": 30,
        "mutation probability": 0.0013333333333333333,
        "crossover probability": 0.9
    },
    "Fitness": 1011131,
    "Solution": [
        604,
        705,
        360,
        397,
        483,
        492,
        318,
        177,
        224,
        642,
        200,
        22,
        540,
        111,
        297,
        74,
        631,
        340,
        247,
        402,
        215,
        622,
        670,
        188,
        437,
        68,
        616,
        416,
        453,
        594,
        259,
        182,
        278,
        566,
        279,
        367,
        105,
        41,
        410,
        675,
        175,
        529,
        424,
        605,
        551,
        500,
        145,
        423,
        719,
        7,
        660,
        201,
        63,
        142,
        406,
        4,
        35,
        186,
        667,
        398,
        2,
        88,
        77,
        461,
        731,
        632,
        170,
        710,
        435,
        504,
        202,
        221,
        443,
        193,
        196,
        85,
        169,
        43,
        258,
        498,
        346,
        294,
        543,
        163,
        527,
        321,
        427,
        36,
        720,
        673,
        46,
        694,
        220,
        83,
        197,
        136,
        744,
        470,
        696,
        19,
        476,
        146,
        589,
        39,
        438,
        740,
        544,
        528,
        469,
        75,
        440,
        17,
        557,
        218,
        50,
        284,
        25,
        501,
        179,
        381,
        482,
        725,
        749,
        748,
        61,
        38,
        480,
        650,
        625,
        692,
        509,
        341,
        581,
        715,
        419,
        582,
        263,
        118,
        746,
        117,
        349,
        365,
        677,
        198,
        274,
        389,
        733,
        567,
        570,
        33,
        393,
        431,
        372,
        464,
        70,
        495,
        189,
        16,
        655,
        489,
        460,
        646,
        554,
        195,
        183,
        219,
        357,
        164,
        689,
        238,
        732,
        173,
        306,
        712,
        596,
        214,
        57,
        354,
        333,
        536,
        199,
        430,
        131,
        454,
        184,
        462,
        593,
        415,
        548,
        100,
        685,
        209,
        562,
        701,
        606,
        361,
        139,
        723,
        659,
        345,
        49,
        37,
        669,
        511,
        401,
        425,
        30,
        124,
        490,
        700,
        412,
        662,
        310,
        283,
        249,
        134,
        496,
        5,
        682,
        612,
        138,
        299,
        148,
        56,
        256,
        115,
        243,
        352,
        414,
        649,
        741,
        539,
        626,
        14,
        222,
        472,
        358,
        208,
        434,
        135,
        484,
        507,
        251,
        79,
        80,
        9,
        326,
        227,
        630,
        81,
        62,
        418,
        439,
        253,
        168,
        403,
        304,
        620,
        463,
        653,
        458,
        726,
        190,
        114,
        380,
        141,
        373,
        513,
        369,
        205,
        92,
        428,
        531,
        708,
        97,
        641,
        728,
        303,
        327,
        323,
        441,
        211,
        560,
        538,
        336,
        396,
        156,
        506,
        709,
        516,
        291,
        232,
        703,
        547,
        272,
        262,
        167,
        522,
        237,
        607,
        457,
        590,
        322,
        391,
        287,
        658,
        140,
        609,
        240,
        601,
        574,
        296,
        302,
        442,
        680,
        714,
        388,
        552,
        422,
        264,
        366,
        382,
        268,
        639,
        31,
        216,
        316,
        549,
        648,
        122,
        128,
        307,
        555,
        717,
        27,
        246,
        629,
        493,
        664,
        627,
        638,
        13,
        309,
        126,
        269,
        541,
        392,
        120,
        217,
        73,
        679,
        671,
        433,
        473,
        553,
        613,
        255,
        226,
        315,
        90,
        317,
        390,
        108,
        242,
        447,
        624,
        178,
        686,
        559,
        343,
        374,
        298,
        71,
        172,
        595,
        698,
        656,
        252,
        697,
        171,
        681,
        417,
        426,
        556,
        34,
        676,
        584,
        137,
        634,
        577,
        355,
        499,
        383,
        86,
        312,
        47,
        377,
        404,
        305,
        282,
        286,
        558,
        185,
        684,
        230,
        66,
        456,
        348,
        467,
        244,
        514,
        371,
        364,
        713,
        519,
        187,
        8,
        154,
        542,
        654,
        525,
        583,
        87,
        429,
        301,
        113,
        15,
        356,
        661,
        475,
        129,
        718,
        339,
        159,
        532,
        693,
        311,
        387,
        203,
        479,
        628,
        486,
        647,
        362,
        21,
        58,
        11,
        576,
        52,
        212,
        152,
        338,
        166,
        666,
        729,
        526,
        55,
        281,
        395,
        572,
        363,
        98,
        32,
        254,
        695,
        663,
        54,
        386,
        502,
        89,
        151,
        586,
        176,
        69,
        711,
        267,
        236,
        678,
        407,
        379,
        721,
        276,
        533,
        534,
        67,
        101,
        225,
        691,
        563,
        320,
        488,
        293,
        598,
        160,
        76,
        497,
        95,
        234,
        375,
        250,
        575,
        353,
        518,
        53,
        578,
        337,
        277,
        231,
        400,
        568,
        28,
        668,
        153,
        535,
        93,
        158,
        737,
        451,
        510,
        651,
        273,
        300,
        450,
        368,
        257,
        132,
        106,
        266,
        608,
        308,
        130,
        248,
        59,
        704,
        615,
        181,
        194,
        149,
        477,
        290,
        592,
        561,
        0,
        699,
        376,
        289,
        347,
        503,
        112,
        465,
        487,
        444,
        48,
        144,
        724,
        24,
        455,
        636,
        20,
        245,
        508,
        674,
        610,
        332,
        436,
        452,
        96,
        580,
        591,
        537,
        165,
        738,
        742,
        123,
        635,
        600,
        270,
        82,
        432,
        207,
        155,
        739,
        421,
        235,
        228,
        614,
        745,
        229,
        408,
        471,
        565,
        546,
        505,
        515,
        116,
        569,
        180,
        107,
        448,
        1,
        619,
        550,
        683,
        275,
        564,
        44,
        690,
        103,
        344,
        588,
        51,
        687,
        468,
        325,
        109,
        517,
        716,
        84,
        102,
        210,
        6,
        10,
        18,
        110,
        512,
        12,
        295,
        329,
        672,
        621,
        45,
        722,
        707,
        579,
        319,
        91,
        60,
        121,
        599,
        192,
        494,
        65,
        331,
        150,
        261,
        162,
        23,
        204,
        603,
        571,
        688,
        735,
        474,
        618,
        174,
        617,
        405,
        602,
        530,
        420,
        223,
        394,
        29,
        449,
        520,
        157,
        328,
        335,
        524,
        597,
        643,
        313,
        330,
        288,
        94,
        585,
        459,
        99,
        587,
        42,
        523,
        640,
        384,
        736,
        466,
        314,
        241,
        521,
        280,
        233,
        350,
        633,
        743,
        260,
        104,
        213,
        734,
        342,
        644,
        64,
        72,
        143,
        3,
        125,
        40,
        491,
        657,
        411,
        611,
        334,
        623,
        26,
        481,
        351,
        78,
        133,
        665,
        706,
        573,
        324,
        399,
        292,
        127,
        370,
        385,
        545,
        119,
        191,
        485,
        637,
        206,
        730,
        445,
        239,
        271,
        413,
        378,
        727,
        359,
        446,
        702,
        478,
        161,
        147,
        409,
        645,
        747,
        265,
        652,
        285
    ],
    "Nb of functions evaluations": 50010,
    "Computational time in seconds": 792.0486128330231,
    "Stopping criterion in evaluations": 50000
}