28° run output:
{
    "Function": "ClusterB500.tsp",
    "Problem dimension": [
        451,
        418,
        360,
        235,
        369,
        462,
        259,
        58,
        187,
        256,
        39,
        85,
        348,
        68,
        463,
        359,
        469,
        121,
        82,
        240,
        358,
        363,
        304,
        268,
        353,
        461,
        66,
        217,
        123,
        17,
        219,
        11,
        86,
        168,
        16,
        91,
        142,
        285,
        115,
        45,
        225,
        186,
        221,
        248,
        425,
        50,
        236,
        272,
        372,
        64,
        301,
        28,
        152,
        94,
        379,
        42,
        417,
        316,
        412,
        371,
        303,
        70,
        409,
        130,
        111,
        347,
        13,
        362,
        47,
        191,
        206,
        148,
        204,
        361,
        156,
        444,
        162,
        286,
        459,
        35,
        466,
        295,
        181,
        388,
        125,
        138,
        20,
        6,
        299,
        40,
        349,
        343,
        26,
        117,
        41,
        22,
        341,
        484,
        161,
        7,
        246,
        423,
        198,
        209,
        183,
        375,
        144,
        104,
        106,
        36,
        435,
        376,
        481,
        383,
        105,
        52,
        4,
        288,
        352,
        218,
        31,
        23,
        447,
        489,
        110,
        153,
        137,
        202,
        233,
        132,
        416,
        411,
        470,
        434,
        350,
        263,
        103,
        53,
        84,
        390,
        391,
        455,
        74,
        420,
        140,
        446,
        314,
        497,
        429,
        83,
        419,
        377,
        56,
        312,
        354,
        373,
        95,
        386,
        297,
        155,
        327,
        318,
        385,
        228,
        483,
        253,
        311,
        61,
        402,
        24,
        109,
        108,
        189,
        112,
        374,
        292,
        257,
        238,
        335,
        280,
        244,
        145,
        279,
        356,
        396,
        284,
        194,
        118,
        97,
        308,
        164,
        59,
        185,
        33,
        337,
        55,
        241,
        149,
        331,
        227,
        364,
        12,
        289,
        46,
        283,
        313,
        77,
        467,
        116,
        477,
        319,
        495,
        394,
        492,
        154,
        178,
        101,
        147,
        317,
        102,
        239,
        25,
        271,
        249,
        401,
        320,
        213,
        245,
        267,
        44,
        432,
        99,
        275,
        196,
        436,
        243,
        199,
        177,
        426,
        491,
        166,
        98,
        403,
        21,
        457,
        201,
        51,
        119,
        397,
        398,
        498,
        167,
        37,
        135,
        120,
        2,
        309,
        124,
        9,
        310,
        475,
        453,
        231,
        136,
        478,
        357,
        351,
        274,
        63,
        485,
        340,
        184,
        328,
        210,
        242,
        57,
        78,
        405,
        323,
        1,
        482,
        129,
        79,
        486,
        254,
        127,
        428,
        175,
        414,
        171,
        452,
        460,
        387,
        160,
        146,
        88,
        378,
        330,
        345,
        468,
        346,
        216,
        281,
        291,
        72,
        5,
        65,
        380,
        195,
        293,
        62,
        440,
        493,
        143,
        224,
        421,
        300,
        422,
        3,
        278,
        234,
        32,
        211,
        480,
        170,
        250,
        179,
        329,
        251,
        176,
        133,
        43,
        207,
        169,
        473,
        113,
        159,
        441,
        450,
        255,
        163,
        54,
        193,
        262,
        302,
        212,
        296,
        307,
        406,
        276,
        260,
        252,
        215,
        230,
        471,
        131,
        14,
        494,
        298,
        454,
        382,
        465,
        342,
        8,
        69,
        80,
        433,
        344,
        128,
        367,
        182,
        499,
        472,
        408,
        464,
        415,
        139,
        322,
        165,
        269,
        365,
        141,
        490,
        29,
        443,
        89,
        439,
        114,
        456,
        407,
        266,
        424,
        294,
        290,
        277,
        400,
        431,
        410,
        476,
        333,
        265,
        150,
        270,
        38,
        92,
        282,
        273,
        445,
        226,
        27,
        370,
        208,
        321,
        232,
        306,
        437,
        264,
        107,
        205,
        324,
        305,
        73,
        173,
        479,
        67,
        448,
        19,
        442,
        488,
        48,
        87,
        157,
        151,
        381,
        326,
        395,
        174,
        430,
        368,
        96,
        332,
        90,
        496,
        122,
        220,
        192,
        214,
        315,
        393,
        334,
        134,
        384,
        10,
        100,
        389,
        126,
        366,
        190,
        71,
        438,
        413,
        392,
        261,
        93,
        15,
        474,
        355,
        339,
        49,
        229,
        237,
        458,
        200,
        158,
        203,
        223,
        197,
        34,
        188,
        0,
        81,
        172,
        222,
        325,
        247,
        338,
        449,
        60,
        399,
        76,
        336,
        18,
        180,
        427,
        287,
        30,
        404,
        487,
        258,
        75
    ],
    "Global Optimum": 0,
    "Algorithm": "Genetic algorithm",
    "Parameters": {
        "population": 30,
        "offspring": 30,
        "mutation probability": 0.002,
        "crossover probability": 0.9
    },
    "Fitness": 721302,
    "Solution": [
        451,
        418,
        360,
        235,
        369,
        462,
        259,
        58,
        187,
        256,
        39,
        85,
        348,
        68,
        463,
        359,
        469,
        121,
        82,
        240,
        358,
        363,
        304,
        268,
        353,
        461,
        66,
        217,
        123,
        17,
        219,
        11,
        86,
        168,
        16,
        91,
        142,
        285,
        115,
        45,
        225,
        186,
        221,
        248,
        425,
        50,
        236,
        272,
        372,
        64,
        301,
        28,
        152,
        94,
        379,
        42,
        417,
        316,
        412,
        371,
        303,
        70,
        409,
        130,
        111,
        347,
        13,
        362,
        47,
        191,
        206,
        148,
        204,
        361,
        156,
        444,
        162,
        286,
        459,
        35,
        466,
        295,
        181,
        388,
        125,
        138,
        20,
        6,
        299,
        40,
        349,
        343,
        26,
        117,
        41,
        22,
        341,
        484,
        161,
        7,
        246,
        423,
        198,
        209,
        183,
        375,
        144,
        104,
        106,
        36,
        435,
        376,
        481,
        383,
        105,
        52,
        4,
        288,
        352,
        218,
        31,
        23,
        447,
        489,
        110,
        153,
        137,
        202,
        233,
        132,
        416,
        411,
        470,
        434,
        350,
        263,
        103,
        53,
        84,
        390,
        391,
        455,
        74,
        420,
        140,
        446,
        314,
        497,
        429,
        83,
        419,
        377,
        56,
        312,
        354,
        373,
        95,
        386,
        297,
        155,
        327,
        318,
        385,
        228,
        483,
        253,
        311,
        61,
        402,
        24,
        109,
        108,
        189,
        112,
        374,
        292,
        257,
        238,
        335,
        280,
        244,
        145,
        279,
        356,
        396,
        284,
        194,
        118,
        97,
        308,
        164,
        59,
        185,
        33,
        337,
        55,
        241,
        149,
        331,
        227,
        364,
        12,
        289,
        46,
        283,
        313,
        77,
        467,
        116,
        477,
        319,
        495,
        394,
        492,
        154,
        178,
        101,
        147,
        317,
        102,
        239,
        25,
        271,
        249,
        401,
        320,
        213,
        245,
        267,
        44,
        432,
        99,
        275,
        196,
        436,
        243,
        199,
        177,
        426,
        491,
        166,
        98,
        403,
        21,
        457,
        201,
        51,
        119,
        397,
        398,
        498,
        167,
        37,
        135,
        120,
        2,
        309,
        124,
        9,
        310,
        475,
        453,
        231,
        136,
        478,
        357,
        351,
        274,
        63,
        485,
        340,
        184,
        328,
        210,
        242,
        57,
        78,
        405,
        323,
        1,
        482,
        129,
        79,
        486,
        254,
        127,
        428,
        175,
        414,
        171,
        452,
        460,
        387,
        160,
        146,
        88,
        378,
        330,
        345,
        468,
        346,
        216,
        281,
        291,
        72,
        5,
        65,
        380,
        195,
        293,
        62,
        440,
        493,
        143,
        224,
        421,
        300,
        422,
        3,
        278,
        234,
        32,
        211,
        480,
        170,
        250,
        179,
        329,
        251,
        176,
        133,
        43,
        207,
        169,
        473,
        113,
        159,
        441,
        450,
        255,
        163,
        54,
        193,
        262,
        302,
        212,
        296,
        307,
        406,
        276,
        260,
        252,
        215,
        230,
        471,
        131,
        14,
        494,
        298,
        454,
        382,
        465,
        342,
        8,
        69,
        80,
        433,
        344,
        128,
        367,
        182,
        499,
        472,
        408,
        464,
        415,
        139,
        322,
        165,
        269,
        365,
        141,
        490,
        29,
        443,
        89,
        439,
        114,
        456,
        407,
        266,
        424,
        294,
        290,
        277,
        400,
        431,
        410,
        476,
        333,
        265,
        150,
        270,
        38,
        92,
        282,
        273,
        445,
        226,
        27,
        370,
        208,
        321,
        232,
        306,
        437,
        264,
        107,
        205,
        324,
        305,
        73,
        173,
        479,
        67,
        448,
        19,
        442,
        488,
        48,
        87,
        157,
        151,
        381,
        326,
        395,
        174,
        430,
        368,
        96,
        332,
        90,
        496,
        122,
        220,
        192,
        214,
        315,
        393,
        334,
        134,
        384,
        10,
        100,
        389,
        126,
        366,
        190,
        71,
        438,
        413,
        392,
        261,
        93,
        15,
        474,
        355,
        339,
        49,
        229,
        237,
        458,
        200,
        158,
        203,
        223,
        197,
        34,
        188,
        0,
        81,
        172,
        222,
        325,
        247,
        338,
        449,
        60,
        399,
        76,
        336,
        18,
        180,
        427,
        287,
        30,
        404,
        487,
        258,
        75
    ],
    "Nb of functions evaluations": 50010,
    "Computational time in seconds": 364.4760146141052,
    "Stopping criterion in evaluations": 50000
}