29° run output:
{
    "Function": "ClusterB500.tsp",
    "Problem dimension": [
        298,
        276,
        256,
        345,
        467,
        92,
        310,
        252,
        176,
        209,
        217,
        411,
        351,
        9,
        464,
        151,
        120,
        486,
        266,
        399,
        291,
        388,
        333,
        238,
        385,
        179,
        480,
        441,
        150,
        299,
        436,
        387,
        11,
        439,
        390,
        475,
        39,
        143,
        483,
        95,
        126,
        264,
        361,
        208,
        442,
        228,
        56,
        153,
        192,
        163,
        448,
        485,
        383,
        459,
        241,
        499,
        197,
        147,
        339,
        334,
        223,
        468,
        327,
        379,
        330,
        350,
        451,
        186,
        235,
        52,
        205,
        133,
        164,
        136,
        68,
        141,
        206,
        1,
        181,
        38,
        21,
        201,
        284,
        82,
        231,
        122,
        196,
        156,
        460,
        268,
        204,
        302,
        320,
        90,
        83,
        496,
        405,
        313,
        84,
        449,
        51,
        17,
        81,
        398,
        489,
        182,
        134,
        65,
        48,
        341,
        326,
        375,
        77,
        20,
        378,
        240,
        140,
        105,
        402,
        103,
        71,
        160,
        118,
        427,
        371,
        96,
        295,
        15,
        91,
        376,
        419,
        410,
        46,
        66,
        469,
        173,
        237,
        195,
        324,
        386,
        312,
        198,
        189,
        98,
        282,
        22,
        207,
        270,
        157,
        144,
        224,
        373,
        4,
        125,
        354,
        229,
        0,
        395,
        32,
        257,
        174,
        99,
        142,
        314,
        433,
        287,
        283,
        62,
        453,
        41,
        165,
        306,
        498,
        10,
        249,
        54,
        242,
        370,
        321,
        116,
        104,
        305,
        309,
        215,
        404,
        424,
        37,
        465,
        488,
        461,
        86,
        177,
        471,
        129,
        297,
        482,
        307,
        168,
        218,
        60,
        230,
        190,
        269,
        300,
        476,
        75,
        23,
        247,
        472,
        27,
        232,
        455,
        178,
        381,
        123,
        275,
        113,
        296,
        304,
        13,
        187,
        191,
        263,
        31,
        50,
        255,
        397,
        63,
        293,
        474,
        435,
        36,
        26,
        226,
        281,
        279,
        58,
        274,
        73,
        322,
        244,
        437,
        317,
        325,
        316,
        347,
        3,
        358,
        221,
        49,
        319,
        382,
        338,
        409,
        445,
        456,
        420,
        227,
        470,
        245,
        170,
        290,
        211,
        421,
        148,
        286,
        117,
        155,
        473,
        273,
        289,
        171,
        344,
        393,
        487,
        349,
        132,
        493,
        47,
        303,
        392,
        119,
        407,
        222,
        185,
        69,
        236,
        159,
        220,
        203,
        408,
        430,
        364,
        135,
        88,
        199,
        262,
        102,
        384,
        406,
        337,
        225,
        33,
        346,
        365,
        394,
        447,
        423,
        146,
        107,
        219,
        188,
        315,
        403,
        233,
        352,
        131,
        114,
        416,
        277,
        239,
        128,
        43,
        175,
        391,
        29,
        97,
        152,
        323,
        94,
        348,
        259,
        79,
        24,
        87,
        101,
        292,
        35,
        64,
        389,
        42,
        332,
        444,
        359,
        250,
        412,
        492,
        130,
        440,
        121,
        329,
        40,
        401,
        497,
        212,
        280,
        443,
        172,
        111,
        234,
        335,
        138,
        248,
        400,
        458,
        479,
        357,
        278,
        477,
        355,
        183,
        243,
        85,
        7,
        415,
        169,
        18,
        28,
        450,
        362,
        93,
        127,
        452,
        422,
        14,
        265,
        374,
        184,
        481,
        25,
        74,
        413,
        200,
        145,
        342,
        158,
        16,
        254,
        216,
        167,
        285,
        340,
        353,
        76,
        253,
        5,
        311,
        89,
        139,
        137,
        478,
        271,
        429,
        414,
        202,
        59,
        372,
        149,
        124,
        396,
        377,
        431,
        19,
        428,
        57,
        214,
        318,
        260,
        432,
        12,
        110,
        272,
        336,
        301,
        484,
        288,
        193,
        457,
        213,
        70,
        108,
        109,
        162,
        360,
        106,
        369,
        72,
        417,
        45,
        267,
        446,
        491,
        2,
        454,
        61,
        368,
        343,
        44,
        367,
        328,
        331,
        261,
        251,
        366,
        80,
        426,
        294,
        425,
        434,
        180,
        356,
        380,
        115,
        161,
        67,
        30,
        438,
        100,
        490,
        258,
        495,
        210,
        8,
        112,
        154,
        78,
        34,
        246,
        418,
        463,
        55,
        494,
        166,
        53,
        363,
        194,
        308,
        466,
        462,
        6
    ],
    "Global Optimum": 0,
    "Algorithm": "Genetic algorithm",
    "Parameters": {
        "population": 30,
        "offspring": 30,
        "mutation probability": 0.002,
        "crossover probability": 0.9
    },
    "Fitness": 674083,
    "Solution": [
        298,
        276,
        256,
        345,
        467,
        92,
        310,
        252,
        176,
        209,
        217,
        411,
        351,
        9,
        464,
        151,
        120,
        486,
        266,
        399,
        291,
        388,
        333,
        238,
        385,
        179,
        480,
        441,
        150,
        299,
        436,
        387,
        11,
        439,
        390,
        475,
        39,
        143,
        483,
        95,
        126,
        264,
        361,
        208,
        442,
        228,
        56,
        153,
        192,
        163,
        448,
        485,
        383,
        459,
        241,
        499,
        197,
        147,
        339,
        334,
        223,
        468,
        327,
        379,
        330,
        350,
        451,
        186,
        235,
        52,
        205,
        133,
        164,
        136,
        68,
        141,
        206,
        1,
        181,
        38,
        21,
        201,
        284,
        82,
        231,
        122,
        196,
        156,
        460,
        268,
        204,
        302,
        320,
        90,
        83,
        496,
        405,
        313,
        84,
        449,
        51,
        17,
        81,
        398,
        489,
        182,
        134,
        65,
        48,
        341,
        326,
        375,
        77,
        20,
        378,
        240,
        140,
        105,
        402,
        103,
        71,
        160,
        118,
        427,
        371,
        96,
        295,
        15,
        91,
        376,
        419,
        410,
        46,
        66,
        469,
        173,
        237,
        195,
        324,
        386,
        312,
        198,
        189,
        98,
        282,
        22,
        207,
        270,
        157,
        144,
        224,
        373,
        4,
        125,
        354,
        229,
        0,
        395,
        32,
        257,
        174,
        99,
        142,
        314,
        433,
        287,
        283,
        62,
        453,
        41,
        165,
        306,
        498,
        10,
        249,
        54,
        242,
        370,
        321,
        116,
        104,
        305,
        309,
        215,
        404,
        424,
        37,
        465,
        488,
        461,
        86,
        177,
        471,
        129,
        297,
        482,
        307,
        168,
        218,
        60,
        230,
        190,
        269,
        300,
        476,
        75,
        23,
        247,
        472,
        27,
        232,
        455,
        178,
        381,
        123,
        275,
        113,
        296,
        304,
        13,
        187,
        191,
        263,
        31,
        50,
        255,
        397,
        63,
        293,
        474,
        435,
        36,
        26,
        226,
        281,
        279,
        58,
        274,
        73,
        322,
        244,
        437,
        317,
        325,
        316,
        347,
        3,
        358,
        221,
        49,
        319,
        382,
        338,
        409,
        445,
        456,
        420,
        227,
        470,
        245,
        170,
        290,
        211,
        421,
        148,
        286,
        117,
        155,
        473,
        273,
        289,
        171,
        344,
        393,
        487,
        349,
        132,
        493,
        47,
        303,
        392,
        119,
        407,
        222,
        185,
        69,
        236,
        159,
        220,
        203,
        408,
        430,
        364,
        135,
        88,
        199,
        262,
        102,
        384,
        406,
        337,
        225,
        33,
        346,
        365,
        394,
        447,
        423,
        146,
        107,
        219,
        188,
        315,
        403,
        233,
        352,
        131,
        114,
        416,
        277,
        239,
        128,
        43,
        175,
        391,
        29,
        97,
        152,
        323,
        94,
        348,
        259,
        79,
        24,
        87,
        101,
        292,
        35,
        64,
        389,
        42,
        332,
        444,
        359,
        250,
        412,
        492,
        130,
        440,
        121,
        329,
        40,
        401,
        497,
        212,
        280,
        443,
        172,
        111,
        234,
        335,
        138,
        248,
        400,
        458,
        479,
        357,
        278,
        477,
        355,
        183,
        243,
        85,
        7,
        415,
        169,
        18,
        28,
        450,
        362,
        93,
        127,
        452,
        422,
        14,
        265,
        374,
        184,
        481,
        25,
        74,
        413,
        200,
        145,
        342,
        158,
        16,
        254,
        216,
        167,
        285,
        340,
        353,
        76,
        253,
        5,
        311,
        89,
        139,
        137,
        478,
        271,
        429,
        414,
        202,
        59,
        372,
        149,
        124,
        396,
        377,
        431,
        19,
        428,
        57,
        214,
        318,
        260,
        432,
        12,
        110,
        272,
        336,
        301,
        484,
        288,
        193,
        457,
        213,
        70,
        108,
        109,
        162,
        360,
        106,
        369,
        72,
        417,
        45,
        267,
        446,
        491,
        2,
        454,
        61,
        368,
        343,
        44,
        367,
        328,
        331,
        261,
        251,
        366,
        80,
        426,
        294,
        425,
        434,
        180,
        356,
        380,
        115,
        161,
        67,
        30,
        438,
        100,
        490,
        258,
        495,
        210,
        8,
        112,
        154,
        78,
        34,
        246,
        418,
        463,
        55,
        494,
        166,
        53,
        363,
        194,
        308,
        466,
        462,
        6
    ],
    "Nb of functions evaluations": 50010,
    "Computational time in seconds": 363.6767547130585,
    "Stopping criterion in evaluations": 50000
}