18° run output:
{
    "Function": "ClusterB500.tsp",
    "Problem dimension": [
        363,
        335,
        253,
        345,
        168,
        493,
        421,
        294,
        426,
        243,
        379,
        293,
        126,
        50,
        323,
        233,
        178,
        22,
        276,
        400,
        20,
        367,
        127,
        393,
        479,
        411,
        398,
        124,
        77,
        181,
        207,
        205,
        0,
        370,
        374,
        79,
        313,
        38,
        453,
        96,
        391,
        489,
        31,
        135,
        432,
        41,
        302,
        315,
        64,
        305,
        455,
        90,
        149,
        287,
        72,
        128,
        338,
        121,
        167,
        174,
        435,
        422,
        100,
        498,
        26,
        119,
        413,
        371,
        261,
        165,
        111,
        298,
        369,
        442,
        458,
        342,
        103,
        347,
        372,
        113,
        482,
        193,
        6,
        327,
        141,
        449,
        366,
        274,
        147,
        61,
        317,
        451,
        403,
        262,
        69,
        396,
        333,
        483,
        263,
        179,
        97,
        224,
        282,
        339,
        137,
        495,
        288,
        52,
        284,
        24,
        200,
        285,
        88,
        240,
        299,
        289,
        328,
        185,
        160,
        104,
        153,
        208,
        247,
        139,
        13,
        9,
        23,
        132,
        408,
        281,
        57,
        445,
        195,
        180,
        46,
        198,
        350,
        157,
        217,
        304,
        39,
        399,
        221,
        237,
        250,
        228,
        188,
        291,
        134,
        431,
        320,
        75,
        337,
        83,
        448,
        417,
        159,
        138,
        236,
        309,
        490,
        412,
        92,
        265,
        56,
        151,
        45,
        368,
        485,
        17,
        423,
        258,
        7,
        156,
        308,
        441,
        343,
        476,
        27,
        444,
        402,
        40,
        437,
        229,
        388,
        324,
        307,
        272,
        475,
        268,
        209,
        152,
        397,
        94,
        35,
        34,
        91,
        499,
        330,
        344,
        173,
        43,
        225,
        48,
        248,
        222,
        429,
        184,
        257,
        279,
        452,
        115,
        5,
        131,
        239,
        312,
        109,
        142,
        116,
        154,
        438,
        197,
        463,
        146,
        19,
        67,
        270,
        255,
        220,
        37,
        202,
        206,
        166,
        11,
        65,
        251,
        29,
        199,
        112,
        465,
        311,
        497,
        161,
        346,
        219,
        358,
        314,
        269,
        246,
        203,
        414,
        457,
        362,
        292,
        277,
        466,
        266,
        71,
        47,
        44,
        231,
        118,
        319,
        450,
        249,
        395,
        76,
        462,
        177,
        42,
        401,
        93,
        216,
        378,
        325,
        264,
        98,
        471,
        303,
        85,
        470,
        122,
        210,
        140,
        213,
        191,
        107,
        234,
        273,
        49,
        467,
        201,
        211,
        2,
        373,
        488,
        318,
        189,
        420,
        186,
        172,
        259,
        81,
        101,
        361,
        491,
        190,
        84,
        244,
        460,
        74,
        51,
        86,
        496,
        120,
        95,
        14,
        129,
        297,
        425,
        478,
        162,
        73,
        389,
        223,
        415,
        245,
        235,
        334,
        474,
        351,
        18,
        183,
        110,
        144,
        348,
        123,
        196,
        427,
        494,
        271,
        278,
        447,
        377,
        486,
        204,
        241,
        25,
        53,
        418,
        87,
        301,
        275,
        394,
        456,
        252,
        332,
        8,
        331,
        78,
        492,
        336,
        106,
        254,
        424,
        133,
        187,
        461,
        382,
        130,
        169,
        360,
        59,
        158,
        148,
        89,
        340,
        36,
        321,
        386,
        375,
        329,
        434,
        469,
        136,
        406,
        392,
        62,
        404,
        4,
        12,
        256,
        407,
        63,
        182,
        143,
        82,
        171,
        440,
        390,
        30,
        439,
        21,
        175,
        117,
        232,
        359,
        484,
        419,
        481,
        352,
        176,
        356,
        68,
        472,
        468,
        341,
        383,
        300,
        387,
        102,
        260,
        163,
        454,
        267,
        150,
        32,
        487,
        357,
        430,
        433,
        15,
        349,
        28,
        436,
        283,
        376,
        10,
        464,
        230,
        3,
        385,
        286,
        108,
        380,
        477,
        16,
        70,
        125,
        409,
        410,
        33,
        322,
        428,
        226,
        446,
        170,
        310,
        364,
        296,
        218,
        405,
        306,
        66,
        80,
        355,
        227,
        54,
        164,
        480,
        473,
        145,
        365,
        55,
        105,
        60,
        192,
        384,
        353,
        114,
        295,
        1,
        215,
        280,
        242,
        443,
        194,
        58,
        214,
        99,
        290,
        212,
        155,
        316,
        238,
        354,
        326,
        416,
        459,
        381
    ],
    "Global Optimum": 0,
    "Algorithm": "Genetic algorithm",
    "Parameters": {
        "population": 30,
        "offspring": 30,
        "mutation probability": 0.002,
        "crossover probability": 0.9
    },
    "Fitness": 703737,
    "Solution": [
        363,
        335,
        253,
        345,
        168,
        493,
        421,
        294,
        426,
        243,
        379,
        293,
        126,
        50,
        323,
        233,
        178,
        22,
        276,
        400,
        20,
        367,
        127,
        393,
        479,
        411,
        398,
        124,
        77,
        181,
        207,
        205,
        0,
        370,
        374,
        79,
        313,
        38,
        453,
        96,
        391,
        489,
        31,
        135,
        432,
        41,
        302,
        315,
        64,
        305,
        455,
        90,
        149,
        287,
        72,
        128,
        338,
        121,
        167,
        174,
        435,
        422,
        100,
        498,
        26,
        119,
        413,
        371,
        261,
        165,
        111,
        298,
        369,
        442,
        458,
        342,
        103,
        347,
        372,
        113,
        482,
        193,
        6,
        327,
        141,
        449,
        366,
        274,
        147,
        61,
        317,
        451,
        403,
        262,
        69,
        396,
        333,
        483,
        263,
        179,
        97,
        224,
        282,
        339,
        137,
        495,
        288,
        52,
        284,
        24,
        200,
        285,
        88,
        240,
        299,
        289,
        328,
        185,
        160,
        104,
        153,
        208,
        247,
        139,
        13,
        9,
        23,
        132,
        408,
        281,
        57,
        445,
        195,
        180,
        46,
        198,
        350,
        157,
        217,
        304,
        39,
        399,
        221,
        237,
        250,
        228,
        188,
        291,
        134,
        431,
        320,
        75,
        337,
        83,
        448,
        417,
        159,
        138,
        236,
        309,
        490,
        412,
        92,
        265,
        56,
        151,
        45,
        368,
        485,
        17,
        423,
        258,
        7,
        156,
        308,
        441,
        343,
        476,
        27,
        444,
        402,
        40,
        437,
        229,
        388,
        324,
        307,
        272,
        475,
        268,
        209,
        152,
        397,
        94,
        35,
        34,
        91,
        499,
        330,
        344,
        173,
        43,
        225,
        48,
        248,
        222,
        429,
        184,
        257,
        279,
        452,
        115,
        5,
        131,
        239,
        312,
        109,
        142,
        116,
        154,
        438,
        197,
        463,
        146,
        19,
        67,
        270,
        255,
        220,
        37,
        202,
        206,
        166,
        11,
        65,
        251,
        29,
        199,
        112,
        465,
        311,
        497,
        161,
        346,
        219,
        358,
        314,
        269,
        246,
        203,
        414,
        457,
        362,
        292,
        277,
        466,
        266,
        71,
        47,
        44,
        231,
        118,
        319,
        450,
        249,
        395,
        76,
        462,
        177,
        42,
        401,
        93,
        216,
        378,
        325,
        264,
        98,
        471,
        303,
        85,
        470,
        122,
        210,
        140,
        213,
        191,
        107,
        234,
        273,
        49,
        467,
        201,
        211,
        2,
        373,
        488,
        318,
        189,
        420,
        186,
        172,
        259,
        81,
        101,
        361,
        491,
        190,
        84,
        244,
        460,
        74,
        51,
        86,
        496,
        120,
        95,
        14,
        129,
        297,
        425,
        478,
        162,
        73,
        389,
        223,
        415,
        245,
        235,
        334,
        474,
        351,
        18,
        183,
        110,
        144,
        348,
        123,
        196,
        427,
        494,
        271,
        278,
        447,
        377,
        486,
        204,
        241,
        25,
        53,
        418,
        87,
        301,
        275,
        394,
        456,
        252,
        332,
        8,
        331,
        78,
        492,
        336,
        106,
        254,
        424,
        133,
        187,
        461,
        382,
        130,
        169,
        360,
        59,
        158,
        148,
        89,
        340,
        36,
        321,
        386,
        375,
        329,
        434,
        469,
        136,
        406,
        392,
        62,
        404,
        4,
        12,
        256,
        407,
        63,
        182,
        143,
        82,
        171,
        440,
        390,
        30,
        439,
        21,
        175,
        117,
        232,
        359,
        484,
        419,
        481,
        352,
        176,
        356,
        68,
        472,
        468,
        341,
        383,
        300,
        387,
        102,
        260,
        163,
        454,
        267,
        150,
        32,
        487,
        357,
        430,
        433,
        15,
        349,
        28,
        436,
        283,
        376,
        10,
        464,
        230,
        3,
        385,
        286,
        108,
        380,
        477,
        16,
        70,
        125,
        409,
        410,
        33,
        322,
        428,
        226,
        446,
        170,
        310,
        364,
        296,
        218,
        405,
        306,
        66,
        80,
        355,
        227,
        54,
        164,
        480,
        473,
        145,
        365,
        55,
        105,
        60,
        192,
        384,
        353,
        114,
        295,
        1,
        215,
        280,
        242,
        443,
        194,
        58,
        214,
        99,
        290,
        212,
        155,
        316,
        238,
        354,
        326,
        416,
        459,
        381
    ],
    "Nb of functions evaluations": 50010,
    "Computational time in seconds": 364.0758903026581,
    "Stopping criterion in evaluations": 50000
}