24° run output:
{
    "Function": "ClusterB500.tsp",
    "Problem dimension": [
        131,
        377,
        319,
        224,
        326,
        496,
        250,
        309,
        19,
        445,
        136,
        78,
        202,
        116,
        51,
        252,
        159,
        388,
        180,
        264,
        382,
        363,
        74,
        47,
        152,
        348,
        20,
        396,
        212,
        179,
        106,
        466,
        429,
        481,
        458,
        479,
        261,
        357,
        148,
        189,
        215,
        452,
        432,
        334,
        259,
        351,
        448,
        344,
        276,
        423,
        226,
        65,
        362,
        411,
        456,
        418,
        151,
        206,
        347,
        120,
        174,
        275,
        203,
        208,
        199,
        439,
        296,
        234,
        412,
        168,
        480,
        355,
        277,
        451,
        70,
        183,
        416,
        32,
        397,
        72,
        312,
        197,
        232,
        66,
        154,
        368,
        401,
        282,
        365,
        360,
        239,
        122,
        333,
        97,
        310,
        55,
        367,
        322,
        292,
        204,
        352,
        307,
        474,
        385,
        86,
        446,
        0,
        375,
        461,
        110,
        149,
        454,
        468,
        246,
        14,
        254,
        414,
        134,
        231,
        285,
        12,
        30,
        69,
        46,
        422,
        323,
        227,
        209,
        177,
        325,
        163,
        400,
        158,
        484,
        248,
        216,
        184,
        394,
        249,
        57,
        143,
        491,
        44,
        430,
        52,
        103,
        345,
        236,
        109,
        473,
        185,
        81,
        256,
        229,
        302,
        125,
        410,
        139,
        53,
        230,
        196,
        10,
        80,
        105,
        431,
        272,
        71,
        318,
        316,
        191,
        379,
        438,
        369,
        349,
        7,
        350,
        104,
        132,
        409,
        90,
        77,
        286,
        233,
        280,
        75,
        118,
        237,
        36,
        156,
        303,
        223,
        482,
        381,
        190,
        176,
        366,
        408,
        39,
        293,
        48,
        301,
        297,
        354,
        95,
        4,
        257,
        102,
        247,
        440,
        167,
        353,
        477,
        210,
        25,
        262,
        424,
        37,
        398,
        61,
        157,
        291,
        160,
        219,
        476,
        294,
        271,
        213,
        107,
        403,
        281,
        127,
        145,
        475,
        43,
        437,
        274,
        265,
        155,
        22,
        17,
        49,
        313,
        240,
        364,
        387,
        211,
        270,
        147,
        64,
        402,
        494,
        391,
        306,
        123,
        287,
        327,
        141,
        182,
        144,
        2,
        268,
        181,
        164,
        194,
        404,
        38,
        426,
        251,
        113,
        50,
        488,
        101,
        298,
        356,
        339,
        499,
        284,
        332,
        67,
        258,
        486,
        162,
        492,
        6,
        305,
        23,
        324,
        374,
        457,
        320,
        137,
        315,
        3,
        405,
        5,
        346,
        228,
        34,
        453,
        84,
        419,
        130,
        173,
        244,
        392,
        471,
        342,
        178,
        119,
        407,
        308,
        59,
        115,
        111,
        220,
        335,
        266,
        288,
        89,
        41,
        96,
        1,
        406,
        9,
        222,
        205,
        187,
        76,
        142,
        373,
        165,
        98,
        269,
        92,
        146,
        35,
        469,
        372,
        243,
        443,
        413,
        161,
        290,
        449,
        88,
        100,
        56,
        459,
        63,
        29,
        238,
        214,
        328,
        83,
        289,
        79,
        28,
        192,
        278,
        427,
        24,
        389,
        378,
        170,
        18,
        8,
        425,
        235,
        225,
        16,
        441,
        279,
        99,
        300,
        498,
        386,
        338,
        314,
        117,
        27,
        26,
        321,
        21,
        467,
        415,
        166,
        436,
        383,
        218,
        121,
        201,
        343,
        330,
        485,
        470,
        33,
        444,
        472,
        465,
        62,
        171,
        336,
        200,
        384,
        462,
        193,
        464,
        489,
        337,
        245,
        490,
        11,
        493,
        395,
        68,
        283,
        114,
        435,
        140,
        153,
        129,
        304,
        450,
        495,
        108,
        260,
        299,
        255,
        371,
        126,
        82,
        358,
        393,
        93,
        340,
        175,
        42,
        341,
        45,
        31,
        198,
        359,
        417,
        150,
        253,
        434,
        370,
        217,
        186,
        221,
        420,
        13,
        188,
        361,
        463,
        207,
        317,
        447,
        54,
        85,
        433,
        94,
        267,
        91,
        376,
        241,
        195,
        497,
        242,
        442,
        331,
        311,
        273,
        483,
        421,
        460,
        124,
        73,
        455,
        428,
        58,
        169,
        329,
        128,
        478,
        380,
        112,
        399,
        390,
        138,
        15,
        60,
        172,
        295,
        487,
        133,
        263,
        135,
        87,
        40
    ],
    "Global Optimum": 0,
    "Algorithm": "Genetic algorithm",
    "Parameters": {
        "population": 30,
        "offspring": 30,
        "mutation probability": 0.002,
        "crossover probability": 0.9
    },
    "Fitness": 648922,
    "Solution": [
        131,
        377,
        319,
        224,
        326,
        496,
        250,
        309,
        19,
        445,
        136,
        78,
        202,
        116,
        51,
        252,
        159,
        388,
        180,
        264,
        382,
        363,
        74,
        47,
        152,
        348,
        20,
        396,
        212,
        179,
        106,
        466,
        429,
        481,
        458,
        479,
        261,
        357,
        148,
        189,
        215,
        452,
        432,
        334,
        259,
        351,
        448,
        344,
        276,
        423,
        226,
        65,
        362,
        411,
        456,
        418,
        151,
        206,
        347,
        120,
        174,
        275,
        203,
        208,
        199,
        439,
        296,
        234,
        412,
        168,
        480,
        355,
        277,
        451,
        70,
        183,
        416,
        32,
        397,
        72,
        312,
        197,
        232,
        66,
        154,
        368,
        401,
        282,
        365,
        360,
        239,
        122,
        333,
        97,
        310,
        55,
        367,
        322,
        292,
        204,
        352,
        307,
        474,
        385,
        86,
        446,
        0,
        375,
        461,
        110,
        149,
        454,
        468,
        246,
        14,
        254,
        414,
        134,
        231,
        285,
        12,
        30,
        69,
        46,
        422,
        323,
        227,
        209,
        177,
        325,
        163,
        400,
        158,
        484,
        248,
        216,
        184,
        394,
        249,
        57,
        143,
        491,
        44,
        430,
        52,
        103,
        345,
        236,
        109,
        473,
        185,
        81,
        256,
        229,
        302,
        125,
        410,
        139,
        53,
        230,
        196,
        10,
        80,
        105,
        431,
        272,
        71,
        318,
        316,
        191,
        379,
        438,
        369,
        349,
        7,
        350,
        104,
        132,
        409,
        90,
        77,
        286,
        233,
        280,
        75,
        118,
        237,
        36,
        156,
        303,
        223,
        482,
        381,
        190,
        176,
        366,
        408,
        39,
        293,
        48,
        301,
        297,
        354,
        95,
        4,
        257,
        102,
        247,
        440,
        167,
        353,
        477,
        210,
        25,
        262,
        424,
        37,
        398,
        61,
        157,
        291,
        160,
        219,
        476,
        294,
        271,
        213,
        107,
        403,
        281,
        127,
        145,
        475,
        43,
        437,
        274,
        265,
        155,
        22,
        17,
        49,
        313,
        240,
        364,
        387,
        211,
        270,
        147,
        64,
        402,
        494,
        391,
        306,
        123,
        287,
        327,
        141,
        182,
        144,
        2,
        268,
        181,
        164,
        194,
        404,
        38,
        426,
        251,
        113,
        50,
        488,
        101,
        298,
        356,
        339,
        499,
        284,
        332,
        67,
        258,
        486,
        162,
        492,
        6,
        305,
        23,
        324,
        374,
        457,
        320,
        137,
        315,
        3,
        405,
        5,
        346,
        228,
        34,
        453,
        84,
        419,
        130,
        173,
        244,
        392,
        471,
        342,
        178,
        119,
        407,
        308,
        59,
        115,
        111,
        220,
        335,
        266,
        288,
        89,
        41,
        96,
        1,
        406,
        9,
        222,
        205,
        187,
        76,
        142,
        373,
        165,
        98,
        269,
        92,
        146,
        35,
        469,
        372,
        243,
        443,
        413,
        161,
        290,
        449,
        88,
        100,
        56,
        459,
        63,
        29,
        238,
        214,
        328,
        83,
        289,
        79,
        28,
        192,
        278,
        427,
        24,
        389,
        378,
        170,
        18,
        8,
        425,
        235,
        225,
        16,
        441,
        279,
        99,
        300,
        498,
        386,
        338,
        314,
        117,
        27,
        26,
        321,
        21,
        467,
        415,
        166,
        436,
        383,
        218,
        121,
        201,
        343,
        330,
        485,
        470,
        33,
        444,
        472,
        465,
        62,
        171,
        336,
        200,
        384,
        462,
        193,
        464,
        489,
        337,
        245,
        490,
        11,
        493,
        395,
        68,
        283,
        114,
        435,
        140,
        153,
        129,
        304,
        450,
        495,
        108,
        260,
        299,
        255,
        371,
        126,
        82,
        358,
        393,
        93,
        340,
        175,
        42,
        341,
        45,
        31,
        198,
        359,
        417,
        150,
        253,
        434,
        370,
        217,
        186,
        221,
        420,
        13,
        188,
        361,
        463,
        207,
        317,
        447,
        54,
        85,
        433,
        94,
        267,
        91,
        376,
        241,
        195,
        497,
        242,
        442,
        331,
        311,
        273,
        483,
        421,
        460,
        124,
        73,
        455,
        428,
        58,
        169,
        329,
        128,
        478,
        380,
        112,
        399,
        390,
        138,
        15,
        60,
        172,
        295,
        487,
        133,
        263,
        135,
        87,
        40
    ],
    "Nb of functions evaluations": 50010,
    "Computational time in seconds": 364.4388632774353,
    "Stopping criterion in evaluations": 50000
}