16° run output:
{
    "Function": "euclidA300.tsp",
    "Problem dimension": [
        54,
        56,
        169,
        104,
        69,
        203,
        97,
        93,
        173,
        276,
        132,
        272,
        210,
        222,
        294,
        79,
        43,
        152,
        247,
        188,
        165,
        174,
        151,
        143,
        126,
        144,
        40,
        22,
        125,
        246,
        198,
        153,
        101,
        200,
        206,
        261,
        86,
        65,
        140,
        112,
        53,
        46,
        285,
        31,
        130,
        90,
        85,
        156,
        131,
        113,
        38,
        12,
        127,
        254,
        92,
        208,
        297,
        118,
        280,
        202,
        164,
        142,
        71,
        228,
        176,
        107,
        116,
        233,
        221,
        70,
        299,
        44,
        105,
        296,
        64,
        99,
        119,
        234,
        273,
        259,
        32,
        240,
        148,
        91,
        3,
        57,
        154,
        111,
        133,
        193,
        218,
        238,
        45,
        17,
        289,
        239,
        78,
        115,
        36,
        102,
        60,
        275,
        279,
        245,
        2,
        10,
        11,
        216,
        4,
        121,
        108,
        226,
        266,
        196,
        281,
        267,
        1,
        29,
        235,
        6,
        232,
        163,
        274,
        145,
        215,
        35,
        260,
        217,
        158,
        136,
        262,
        167,
        269,
        183,
        0,
        61,
        186,
        138,
        288,
        42,
        244,
        242,
        237,
        181,
        250,
        98,
        15,
        257,
        81,
        224,
        89,
        49,
        214,
        219,
        177,
        149,
        292,
        52,
        74,
        106,
        168,
        256,
        28,
        95,
        88,
        166,
        59,
        284,
        258,
        191,
        26,
        83,
        271,
        18,
        75,
        189,
        243,
        48,
        213,
        24,
        124,
        77,
        117,
        286,
        220,
        265,
        179,
        135,
        264,
        171,
        55,
        137,
        114,
        283,
        20,
        287,
        178,
        139,
        207,
        150,
        227,
        278,
        223,
        96,
        236,
        252,
        282,
        298,
        157,
        253,
        249,
        251,
        9,
        33,
        180,
        16,
        110,
        204,
        120,
        87,
        255,
        134,
        63,
        161,
        175,
        47,
        201,
        84,
        27,
        197,
        205,
        76,
        291,
        229,
        25,
        72,
        190,
        8,
        162,
        263,
        21,
        225,
        248,
        270,
        146,
        73,
        94,
        123,
        277,
        241,
        231,
        62,
        290,
        182,
        103,
        39,
        129,
        295,
        68,
        268,
        80,
        58,
        211,
        185,
        194,
        199,
        14,
        128,
        187,
        195,
        141,
        51,
        30,
        192,
        67,
        159,
        23,
        147,
        37,
        41,
        7,
        160,
        184,
        50,
        109,
        122,
        155,
        13,
        82,
        5,
        230,
        66,
        209,
        34,
        19,
        100,
        172,
        212,
        293,
        170
    ],
    "Global Optimum": 0,
    "Algorithm": "Genetic algorithm",
    "Parameters": {
        "population": 30,
        "offspring": 30,
        "mutation probability": 0.0033333333333333335,
        "crossover probability": 0.9
    },
    "Fitness": 269746,
    "Solution": [
        54,
        56,
        169,
        104,
        69,
        203,
        97,
        93,
        173,
        276,
        132,
        272,
        210,
        222,
        294,
        79,
        43,
        152,
        247,
        188,
        165,
        174,
        151,
        143,
        126,
        144,
        40,
        22,
        125,
        246,
        198,
        153,
        101,
        200,
        206,
        261,
        86,
        65,
        140,
        112,
        53,
        46,
        285,
        31,
        130,
        90,
        85,
        156,
        131,
        113,
        38,
        12,
        127,
        254,
        92,
        208,
        297,
        118,
        280,
        202,
        164,
        142,
        71,
        228,
        176,
        107,
        116,
        233,
        221,
        70,
        299,
        44,
        105,
        296,
        64,
        99,
        119,
        234,
        273,
        259,
        32,
        240,
        148,
        91,
        3,
        57,
        154,
        111,
        133,
        193,
        218,
        238,
        45,
        17,
        289,
        239,
        78,
        115,
        36,
        102,
        60,
        275,
        279,
        245,
        2,
        10,
        11,
        216,
        4,
        121,
        108,
        226,
        266,
        196,
        281,
        267,
        1,
        29,
        235,
        6,
        232,
        163,
        274,
        145,
        215,
        35,
        260,
        217,
        158,
        136,
        262,
        167,
        269,
        183,
        0,
        61,
        186,
        138,
        288,
        42,
        244,
        242,
        237,
        181,
        250,
        98,
        15,
        257,
        81,
        224,
        89,
        49,
        214,
        219,
        177,
        149,
        292,
        52,
        74,
        106,
        168,
        256,
        28,
        95,
        88,
        166,
        59,
        284,
        258,
        191,
        26,
        83,
        271,
        18,
        75,
        189,
        243,
        48,
        213,
        24,
        124,
        77,
        117,
        286,
        220,
        265,
        179,
        135,
        264,
        171,
        55,
        137,
        114,
        283,
        20,
        287,
        178,
        139,
        207,
        150,
        227,
        278,
        223,
        96,
        236,
        252,
        282,
        298,
        157,
        253,
        249,
        251,
        9,
        33,
        180,
        16,
        110,
        204,
        120,
        87,
        255,
        134,
        63,
        161,
        175,
        47,
        201,
        84,
        27,
        197,
        205,
        76,
        291,
        229,
        25,
        72,
        190,
        8,
        162,
        263,
        21,
        225,
        248,
        270,
        146,
        73,
        94,
        123,
        277,
        241,
        231,
        62,
        290,
        182,
        103,
        39,
        129,
        295,
        68,
        268,
        80,
        58,
        211,
        185,
        194,
        199,
        14,
        128,
        187,
        195,
        141,
        51,
        30,
        192,
        67,
        159,
        23,
        147,
        37,
        41,
        7,
        160,
        184,
        50,
        109,
        122,
        155,
        13,
        82,
        5,
        230,
        66,
        209,
        34,
        19,
        100,
        172,
        212,
        293,
        170
    ],
    "Nb of functions evaluations": 400020,
    "Computational time in seconds": 692.8338787555695,
    "Stopping criterion in evaluations": 400000
}