5° run output:
{
    "Function": "euclidA300.tsp",
    "Problem dimension": [
        227,
        104,
        292,
        23,
        99,
        102,
        212,
        223,
        7,
        209,
        29,
        131,
        89,
        125,
        111,
        73,
        21,
        52,
        236,
        202,
        171,
        252,
        88,
        207,
        46,
        253,
        249,
        30,
        106,
        254,
        232,
        214,
        155,
        203,
        185,
        195,
        78,
        272,
        3,
        105,
        177,
        19,
        147,
        69,
        258,
        247,
        11,
        108,
        146,
        67,
        10,
        288,
        71,
        154,
        135,
        4,
        31,
        16,
        138,
        174,
        20,
        145,
        157,
        141,
        90,
        15,
        291,
        59,
        124,
        269,
        64,
        239,
        179,
        261,
        128,
        72,
        120,
        159,
        225,
        233,
        2,
        44,
        101,
        172,
        248,
        151,
        165,
        275,
        180,
        91,
        267,
        215,
        9,
        283,
        42,
        221,
        264,
        123,
        94,
        278,
        262,
        86,
        287,
        226,
        158,
        250,
        14,
        199,
        274,
        113,
        109,
        266,
        136,
        65,
        112,
        296,
        289,
        193,
        8,
        219,
        130,
        251,
        140,
        132,
        216,
        277,
        279,
        205,
        117,
        87,
        79,
        235,
        40,
        160,
        286,
        184,
        152,
        114,
        34,
        244,
        260,
        66,
        222,
        1,
        150,
        60,
        48,
        242,
        211,
        295,
        167,
        77,
        116,
        103,
        75,
        234,
        22,
        137,
        161,
        238,
        61,
        127,
        12,
        57,
        54,
        107,
        178,
        188,
        63,
        290,
        206,
        148,
        191,
        240,
        298,
        139,
        70,
        76,
        241,
        192,
        237,
        229,
        175,
        25,
        210,
        56,
        196,
        190,
        246,
        118,
        0,
        119,
        297,
        218,
        220,
        228,
        35,
        231,
        271,
        182,
        17,
        92,
        110,
        204,
        149,
        97,
        98,
        142,
        169,
        33,
        194,
        201,
        53,
        166,
        299,
        294,
        217,
        293,
        197,
        39,
        263,
        49,
        280,
        24,
        43,
        37,
        83,
        96,
        134,
        164,
        143,
        74,
        183,
        259,
        38,
        200,
        230,
        51,
        93,
        80,
        243,
        18,
        50,
        62,
        170,
        162,
        5,
        115,
        168,
        173,
        256,
        85,
        121,
        28,
        58,
        245,
        276,
        13,
        163,
        55,
        41,
        282,
        284,
        84,
        255,
        187,
        27,
        281,
        270,
        68,
        32,
        186,
        285,
        26,
        213,
        47,
        257,
        156,
        153,
        208,
        45,
        100,
        129,
        82,
        6,
        181,
        176,
        265,
        126,
        189,
        198,
        133,
        95,
        81,
        224,
        36,
        144,
        268,
        273,
        122
    ],
    "Global Optimum": 0,
    "Algorithm": "Genetic algorithm",
    "Parameters": {
        "population": 30,
        "offspring": 30,
        "mutation probability": 0.0033333333333333335,
        "crossover probability": 0.9
    },
    "Fitness": 281237,
    "Solution": [
        227,
        104,
        292,
        23,
        99,
        102,
        212,
        223,
        7,
        209,
        29,
        131,
        89,
        125,
        111,
        73,
        21,
        52,
        236,
        202,
        171,
        252,
        88,
        207,
        46,
        253,
        249,
        30,
        106,
        254,
        232,
        214,
        155,
        203,
        185,
        195,
        78,
        272,
        3,
        105,
        177,
        19,
        147,
        69,
        258,
        247,
        11,
        108,
        146,
        67,
        10,
        288,
        71,
        154,
        135,
        4,
        31,
        16,
        138,
        174,
        20,
        145,
        157,
        141,
        90,
        15,
        291,
        59,
        124,
        269,
        64,
        239,
        179,
        261,
        128,
        72,
        120,
        159,
        225,
        233,
        2,
        44,
        101,
        172,
        248,
        151,
        165,
        275,
        180,
        91,
        267,
        215,
        9,
        283,
        42,
        221,
        264,
        123,
        94,
        278,
        262,
        86,
        287,
        226,
        158,
        250,
        14,
        199,
        274,
        113,
        109,
        266,
        136,
        65,
        112,
        296,
        289,
        193,
        8,
        219,
        130,
        251,
        140,
        132,
        216,
        277,
        279,
        205,
        117,
        87,
        79,
        235,
        40,
        160,
        286,
        184,
        152,
        114,
        34,
        244,
        260,
        66,
        222,
        1,
        150,
        60,
        48,
        242,
        211,
        295,
        167,
        77,
        116,
        103,
        75,
        234,
        22,
        137,
        161,
        238,
        61,
        127,
        12,
        57,
        54,
        107,
        178,
        188,
        63,
        290,
        206,
        148,
        191,
        240,
        298,
        139,
        70,
        76,
        241,
        192,
        237,
        229,
        175,
        25,
        210,
        56,
        196,
        190,
        246,
        118,
        0,
        119,
        297,
        218,
        220,
        228,
        35,
        231,
        271,
        182,
        17,
        92,
        110,
        204,
        149,
        97,
        98,
        142,
        169,
        33,
        194,
        201,
        53,
        166,
        299,
        294,
        217,
        293,
        197,
        39,
        263,
        49,
        280,
        24,
        43,
        37,
        83,
        96,
        134,
        164,
        143,
        74,
        183,
        259,
        38,
        200,
        230,
        51,
        93,
        80,
        243,
        18,
        50,
        62,
        170,
        162,
        5,
        115,
        168,
        173,
        256,
        85,
        121,
        28,
        58,
        245,
        276,
        13,
        163,
        55,
        41,
        282,
        284,
        84,
        255,
        187,
        27,
        281,
        270,
        68,
        32,
        186,
        285,
        26,
        213,
        47,
        257,
        156,
        153,
        208,
        45,
        100,
        129,
        82,
        6,
        181,
        176,
        265,
        126,
        189,
        198,
        133,
        95,
        81,
        224,
        36,
        144,
        268,
        273,
        122
    ],
    "Nb of functions evaluations": 400020,
    "Computational time in seconds": 728.826610326767,
    "Stopping criterion in evaluations": 400000
}