11° run output:
{
    "Function": "euclidA300.tsp",
    "Problem dimension": [
        14,
        216,
        176,
        30,
        281,
        76,
        33,
        150,
        84,
        175,
        247,
        124,
        169,
        121,
        271,
        66,
        78,
        274,
        69,
        147,
        137,
        275,
        184,
        117,
        77,
        167,
        221,
        197,
        1,
        255,
        284,
        107,
        260,
        141,
        222,
        113,
        146,
        73,
        82,
        225,
        163,
        17,
        98,
        126,
        240,
        252,
        142,
        191,
        258,
        47,
        3,
        183,
        226,
        218,
        209,
        136,
        299,
        64,
        114,
        63,
        95,
        215,
        195,
        94,
        39,
        40,
        116,
        36,
        181,
        193,
        159,
        134,
        96,
        55,
        41,
        273,
        87,
        144,
        15,
        31,
        51,
        185,
        131,
        145,
        65,
        261,
        102,
        276,
        74,
        254,
        211,
        188,
        99,
        244,
        42,
        12,
        128,
        206,
        173,
        58,
        13,
        8,
        79,
        242,
        34,
        123,
        233,
        168,
        90,
        208,
        133,
        246,
        190,
        125,
        93,
        118,
        228,
        285,
        140,
        70,
        182,
        187,
        289,
        293,
        101,
        250,
        158,
        138,
        16,
        57,
        245,
        115,
        106,
        22,
        111,
        80,
        72,
        153,
        59,
        160,
        263,
        162,
        4,
        54,
        89,
        18,
        177,
        213,
        46,
        264,
        132,
        262,
        199,
        180,
        204,
        143,
        205,
        291,
        171,
        220,
        192,
        178,
        227,
        104,
        7,
        19,
        280,
        201,
        60,
        26,
        139,
        83,
        68,
        100,
        272,
        10,
        108,
        157,
        9,
        5,
        251,
        129,
        0,
        217,
        170,
        62,
        71,
        296,
        202,
        37,
        207,
        112,
        56,
        279,
        224,
        130,
        189,
        290,
        282,
        256,
        28,
        156,
        49,
        135,
        286,
        105,
        288,
        234,
        109,
        265,
        148,
        165,
        270,
        237,
        248,
        20,
        48,
        161,
        151,
        283,
        231,
        277,
        86,
        166,
        194,
        287,
        44,
        210,
        25,
        229,
        21,
        294,
        119,
        268,
        186,
        243,
        32,
        67,
        298,
        200,
        149,
        297,
        203,
        45,
        50,
        11,
        81,
        219,
        75,
        241,
        249,
        35,
        29,
        253,
        154,
        85,
        127,
        295,
        38,
        172,
        97,
        103,
        214,
        230,
        235,
        2,
        278,
        239,
        223,
        24,
        53,
        269,
        27,
        259,
        23,
        198,
        52,
        174,
        122,
        120,
        238,
        196,
        292,
        152,
        179,
        88,
        164,
        232,
        6,
        267,
        91,
        43,
        110,
        61,
        266,
        92,
        257,
        212,
        155,
        236
    ],
    "Global Optimum": 0,
    "Algorithm": "Genetic algorithm",
    "Parameters": {
        "population": 30,
        "offspring": 30,
        "mutation probability": 0.0033333333333333335,
        "crossover probability": 0.9
    },
    "Fitness": 266442,
    "Solution": [
        14,
        216,
        176,
        30,
        281,
        76,
        33,
        150,
        84,
        175,
        247,
        124,
        169,
        121,
        271,
        66,
        78,
        274,
        69,
        147,
        137,
        275,
        184,
        117,
        77,
        167,
        221,
        197,
        1,
        255,
        284,
        107,
        260,
        141,
        222,
        113,
        146,
        73,
        82,
        225,
        163,
        17,
        98,
        126,
        240,
        252,
        142,
        191,
        258,
        47,
        3,
        183,
        226,
        218,
        209,
        136,
        299,
        64,
        114,
        63,
        95,
        215,
        195,
        94,
        39,
        40,
        116,
        36,
        181,
        193,
        159,
        134,
        96,
        55,
        41,
        273,
        87,
        144,
        15,
        31,
        51,
        185,
        131,
        145,
        65,
        261,
        102,
        276,
        74,
        254,
        211,
        188,
        99,
        244,
        42,
        12,
        128,
        206,
        173,
        58,
        13,
        8,
        79,
        242,
        34,
        123,
        233,
        168,
        90,
        208,
        133,
        246,
        190,
        125,
        93,
        118,
        228,
        285,
        140,
        70,
        182,
        187,
        289,
        293,
        101,
        250,
        158,
        138,
        16,
        57,
        245,
        115,
        106,
        22,
        111,
        80,
        72,
        153,
        59,
        160,
        263,
        162,
        4,
        54,
        89,
        18,
        177,
        213,
        46,
        264,
        132,
        262,
        199,
        180,
        204,
        143,
        205,
        291,
        171,
        220,
        192,
        178,
        227,
        104,
        7,
        19,
        280,
        201,
        60,
        26,
        139,
        83,
        68,
        100,
        272,
        10,
        108,
        157,
        9,
        5,
        251,
        129,
        0,
        217,
        170,
        62,
        71,
        296,
        202,
        37,
        207,
        112,
        56,
        279,
        224,
        130,
        189,
        290,
        282,
        256,
        28,
        156,
        49,
        135,
        286,
        105,
        288,
        234,
        109,
        265,
        148,
        165,
        270,
        237,
        248,
        20,
        48,
        161,
        151,
        283,
        231,
        277,
        86,
        166,
        194,
        287,
        44,
        210,
        25,
        229,
        21,
        294,
        119,
        268,
        186,
        243,
        32,
        67,
        298,
        200,
        149,
        297,
        203,
        45,
        50,
        11,
        81,
        219,
        75,
        241,
        249,
        35,
        29,
        253,
        154,
        85,
        127,
        295,
        38,
        172,
        97,
        103,
        214,
        230,
        235,
        2,
        278,
        239,
        223,
        24,
        53,
        269,
        27,
        259,
        23,
        198,
        52,
        174,
        122,
        120,
        238,
        196,
        292,
        152,
        179,
        88,
        164,
        232,
        6,
        267,
        91,
        43,
        110,
        61,
        266,
        92,
        257,
        212,
        155,
        236
    ],
    "Nb of functions evaluations": 400020,
    "Computational time in seconds": 700.6996228694916,
    "Stopping criterion in evaluations": 400000
}