18° run output:
{
    "Function": "kroA400.tsp",
    "Problem dimension": [
        18,
        174,
        5,
        314,
        160,
        277,
        112,
        4,
        246,
        382,
        31,
        93,
        219,
        257,
        184,
        108,
        294,
        297,
        398,
        133,
        142,
        170,
        249,
        203,
        194,
        365,
        214,
        216,
        195,
        211,
        255,
        303,
        42,
        38,
        49,
        209,
        168,
        374,
        323,
        189,
        377,
        273,
        289,
        70,
        233,
        163,
        372,
        369,
        180,
        154,
        140,
        181,
        82,
        64,
        356,
        335,
        355,
        164,
        29,
        331,
        339,
        304,
        147,
        227,
        376,
        151,
        306,
        230,
        77,
        24,
        235,
        37,
        206,
        341,
        349,
        210,
        56,
        379,
        137,
        375,
        399,
        11,
        389,
        58,
        199,
        253,
        55,
        311,
        390,
        358,
        87,
        125,
        135,
        302,
        191,
        39,
        261,
        266,
        366,
        318,
        153,
        139,
        134,
        236,
        17,
        300,
        327,
        207,
        350,
        27,
        66,
        161,
        114,
        81,
        298,
        258,
        13,
        111,
        144,
        131,
        239,
        41,
        342,
        122,
        172,
        88,
        324,
        344,
        373,
        328,
        138,
        260,
        364,
        65,
        315,
        179,
        92,
        178,
        384,
        97,
        213,
        242,
        23,
        72,
        20,
        85,
        48,
        317,
        243,
        25,
        45,
        312,
        90,
        228,
        128,
        145,
        47,
        86,
        120,
        44,
        221,
        188,
        280,
        220,
        130,
        198,
        229,
        334,
        363,
        63,
        244,
        217,
        337,
        3,
        192,
        202,
        14,
        157,
        293,
        75,
        149,
        96,
        330,
        276,
        89,
        12,
        197,
        102,
        43,
        187,
        123,
        361,
        292,
        388,
        175,
        392,
        248,
        162,
        200,
        118,
        338,
        84,
        33,
        16,
        321,
        73,
        171,
        275,
        9,
        152,
        259,
        254,
        264,
        326,
        223,
        238,
        322,
        136,
        167,
        241,
        52,
        353,
        234,
        40,
        74,
        263,
        340,
        359,
        132,
        119,
        7,
        208,
        46,
        226,
        106,
        252,
        282,
        190,
        395,
        272,
        148,
        105,
        83,
        325,
        156,
        218,
        250,
        357,
        351,
        117,
        95,
        262,
        371,
        295,
        78,
        26,
        378,
        50,
        28,
        107,
        212,
        99,
        352,
        201,
        166,
        383,
        380,
        368,
        30,
        320,
        345,
        348,
        215,
        143,
        346,
        310,
        91,
        286,
        237,
        283,
        307,
        2,
        103,
        59,
        186,
        240,
        101,
        271,
        231,
        267,
        394,
        124,
        305,
        36,
        15,
        256,
        393,
        319,
        285,
        370,
        1,
        290,
        299,
        313,
        68,
        141,
        60,
        232,
        67,
        80,
        115,
        287,
        0,
        116,
        279,
        155,
        225,
        347,
        196,
        121,
        270,
        329,
        76,
        71,
        34,
        69,
        296,
        247,
        193,
        205,
        173,
        222,
        159,
        316,
        182,
        22,
        185,
        362,
        54,
        10,
        291,
        308,
        265,
        94,
        127,
        146,
        284,
        8,
        183,
        176,
        204,
        245,
        385,
        51,
        32,
        387,
        251,
        35,
        269,
        110,
        301,
        281,
        61,
        274,
        126,
        79,
        332,
        381,
        268,
        6,
        158,
        21,
        336,
        104,
        150,
        343,
        309,
        100,
        98,
        367,
        129,
        57,
        109,
        19,
        278,
        333,
        288,
        177,
        354,
        224,
        53,
        360,
        113,
        397,
        169,
        62,
        391,
        396,
        386,
        165
    ],
    "Global Optimum": 0,
    "Algorithm": "Genetic algorithm",
    "Parameters": {
        "population": 30,
        "offspring": 30,
        "mutation probability": 0.0025,
        "crossover probability": 0.9
    },
    "Fitness": 460636,
    "Solution": [
        18,
        174,
        5,
        314,
        160,
        277,
        112,
        4,
        246,
        382,
        31,
        93,
        219,
        257,
        184,
        108,
        294,
        297,
        398,
        133,
        142,
        170,
        249,
        203,
        194,
        365,
        214,
        216,
        195,
        211,
        255,
        303,
        42,
        38,
        49,
        209,
        168,
        374,
        323,
        189,
        377,
        273,
        289,
        70,
        233,
        163,
        372,
        369,
        180,
        154,
        140,
        181,
        82,
        64,
        356,
        335,
        355,
        164,
        29,
        331,
        339,
        304,
        147,
        227,
        376,
        151,
        306,
        230,
        77,
        24,
        235,
        37,
        206,
        341,
        349,
        210,
        56,
        379,
        137,
        375,
        399,
        11,
        389,
        58,
        199,
        253,
        55,
        311,
        390,
        358,
        87,
        125,
        135,
        302,
        191,
        39,
        261,
        266,
        366,
        318,
        153,
        139,
        134,
        236,
        17,
        300,
        327,
        207,
        350,
        27,
        66,
        161,
        114,
        81,
        298,
        258,
        13,
        111,
        144,
        131,
        239,
        41,
        342,
        122,
        172,
        88,
        324,
        344,
        373,
        328,
        138,
        260,
        364,
        65,
        315,
        179,
        92,
        178,
        384,
        97,
        213,
        242,
        23,
        72,
        20,
        85,
        48,
        317,
        243,
        25,
        45,
        312,
        90,
        228,
        128,
        145,
        47,
        86,
        120,
        44,
        221,
        188,
        280,
        220,
        130,
        198,
        229,
        334,
        363,
        63,
        244,
        217,
        337,
        3,
        192,
        202,
        14,
        157,
        293,
        75,
        149,
        96,
        330,
        276,
        89,
        12,
        197,
        102,
        43,
        187,
        123,
        361,
        292,
        388,
        175,
        392,
        248,
        162,
        200,
        118,
        338,
        84,
        33,
        16,
        321,
        73,
        171,
        275,
        9,
        152,
        259,
        254,
        264,
        326,
        223,
        238,
        322,
        136,
        167,
        241,
        52,
        353,
        234,
        40,
        74,
        263,
        340,
        359,
        132,
        119,
        7,
        208,
        46,
        226,
        106,
        252,
        282,
        190,
        395,
        272,
        148,
        105,
        83,
        325,
        156,
        218,
        250,
        357,
        351,
        117,
        95,
        262,
        371,
        295,
        78,
        26,
        378,
        50,
        28,
        107,
        212,
        99,
        352,
        201,
        166,
        383,
        380,
        368,
        30,
        320,
        345,
        348,
        215,
        143,
        346,
        310,
        91,
        286,
        237,
        283,
        307,
        2,
        103,
        59,
        186,
        240,
        101,
        271,
        231,
        267,
        394,
        124,
        305,
        36,
        15,
        256,
        393,
        319,
        285,
        370,
        1,
        290,
        299,
        313,
        68,
        141,
        60,
        232,
        67,
        80,
        115,
        287,
        0,
        116,
        279,
        155,
        225,
        347,
        196,
        121,
        270,
        329,
        76,
        71,
        34,
        69,
        296,
        247,
        193,
        205,
        173,
        222,
        159,
        316,
        182,
        22,
        185,
        362,
        54,
        10,
        291,
        308,
        265,
        94,
        127,
        146,
        284,
        8,
        183,
        176,
        204,
        245,
        385,
        51,
        32,
        387,
        251,
        35,
        269,
        110,
        301,
        281,
        61,
        274,
        126,
        79,
        332,
        381,
        268,
        6,
        158,
        21,
        336,
        104,
        150,
        343,
        309,
        100,
        98,
        367,
        129,
        57,
        109,
        19,
        278,
        333,
        288,
        177,
        354,
        224,
        53,
        360,
        113,
        397,
        169,
        62,
        391,
        396,
        386,
        165
    ],
    "Nb of functions evaluations": 200010,
    "Computational time in seconds": 529.10391664505,
    "Stopping criterion in evaluations": 200000
}