4° run output:
{
    "Function": "kroA400.tsp",
    "Problem dimension": [
        230,
        91,
        80,
        65,
        220,
        345,
        255,
        339,
        237,
        205,
        31,
        218,
        320,
        291,
        163,
        33,
        4,
        326,
        336,
        29,
        247,
        48,
        28,
        280,
        341,
        96,
        198,
        182,
        229,
        101,
        274,
        176,
        127,
        387,
        319,
        383,
        248,
        395,
        156,
        226,
        185,
        278,
        118,
        123,
        371,
        2,
        373,
        51,
        130,
        234,
        131,
        215,
        219,
        138,
        24,
        158,
        241,
        190,
        385,
        242,
        135,
        3,
        180,
        213,
        277,
        238,
        27,
        279,
        25,
        381,
        58,
        245,
        378,
        354,
        90,
        187,
        202,
        107,
        263,
        380,
        251,
        77,
        196,
        382,
        112,
        151,
        349,
        64,
        119,
        314,
        253,
        246,
        20,
        194,
        308,
        370,
        397,
        338,
        357,
        209,
        236,
        184,
        297,
        389,
        321,
        379,
        332,
        191,
        174,
        272,
        81,
        83,
        137,
        98,
        203,
        43,
        193,
        259,
        47,
        103,
        211,
        201,
        195,
        22,
        54,
        39,
        75,
        214,
        310,
        266,
        12,
        13,
        375,
        344,
        369,
        228,
        225,
        97,
        134,
        160,
        92,
        10,
        393,
        309,
        70,
        233,
        9,
        99,
        392,
        144,
        44,
        335,
        162,
        313,
        325,
        60,
        197,
        315,
        206,
        293,
        113,
        175,
        304,
        149,
        129,
        108,
        172,
        267,
        210,
        173,
        161,
        350,
        232,
        295,
        36,
        258,
        166,
        283,
        62,
        50,
        8,
        284,
        153,
        53,
        217,
        394,
        117,
        368,
        227,
        177,
        281,
        290,
        365,
        157,
        79,
        188,
        155,
        306,
        200,
        78,
        351,
        146,
        179,
        346,
        323,
        181,
        358,
        328,
        73,
        318,
        386,
        303,
        34,
        265,
        102,
        235,
        19,
        292,
        384,
        18,
        333,
        254,
        302,
        14,
        38,
        32,
        17,
        300,
        312,
        222,
        366,
        343,
        154,
        105,
        59,
        348,
        249,
        84,
        109,
        330,
        55,
        360,
        216,
        145,
        41,
        88,
        67,
        361,
        317,
        100,
        68,
        15,
        164,
        140,
        104,
        72,
        352,
        46,
        136,
        276,
        30,
        37,
        133,
        126,
        23,
        305,
        5,
        168,
        261,
        199,
        170,
        57,
        311,
        212,
        95,
        165,
        221,
        231,
        26,
        285,
        71,
        362,
        327,
        340,
        243,
        364,
        396,
        56,
        273,
        106,
        260,
        139,
        355,
        0,
        262,
        178,
        121,
        347,
        367,
        189,
        152,
        287,
        271,
        359,
        86,
        159,
        275,
        122,
        120,
        269,
        42,
        342,
        74,
        147,
        89,
        244,
        374,
        142,
        240,
        40,
        1,
        223,
        299,
        94,
        76,
        296,
        204,
        82,
        7,
        116,
        256,
        85,
        69,
        316,
        93,
        353,
        324,
        125,
        289,
        35,
        298,
        399,
        171,
        169,
        110,
        252,
        337,
        207,
        148,
        239,
        331,
        288,
        87,
        128,
        388,
        363,
        268,
        52,
        270,
        63,
        150,
        250,
        301,
        257,
        143,
        132,
        294,
        167,
        16,
        282,
        45,
        192,
        66,
        372,
        390,
        141,
        49,
        61,
        264,
        111,
        356,
        183,
        208,
        334,
        11,
        377,
        115,
        124,
        322,
        398,
        21,
        224,
        307,
        376,
        186,
        329,
        391,
        286,
        6,
        114
    ],
    "Global Optimum": 0,
    "Algorithm": "Genetic algorithm",
    "Parameters": {
        "population": 30,
        "offspring": 30,
        "mutation probability": 0.0025,
        "crossover probability": 0.9
    },
    "Fitness": 441944,
    "Solution": [
        230,
        91,
        80,
        65,
        220,
        345,
        255,
        339,
        237,
        205,
        31,
        218,
        320,
        291,
        163,
        33,
        4,
        326,
        336,
        29,
        247,
        48,
        28,
        280,
        341,
        96,
        198,
        182,
        229,
        101,
        274,
        176,
        127,
        387,
        319,
        383,
        248,
        395,
        156,
        226,
        185,
        278,
        118,
        123,
        371,
        2,
        373,
        51,
        130,
        234,
        131,
        215,
        219,
        138,
        24,
        158,
        241,
        190,
        385,
        242,
        135,
        3,
        180,
        213,
        277,
        238,
        27,
        279,
        25,
        381,
        58,
        245,
        378,
        354,
        90,
        187,
        202,
        107,
        263,
        380,
        251,
        77,
        196,
        382,
        112,
        151,
        349,
        64,
        119,
        314,
        253,
        246,
        20,
        194,
        308,
        370,
        397,
        338,
        357,
        209,
        236,
        184,
        297,
        389,
        321,
        379,
        332,
        191,
        174,
        272,
        81,
        83,
        137,
        98,
        203,
        43,
        193,
        259,
        47,
        103,
        211,
        201,
        195,
        22,
        54,
        39,
        75,
        214,
        310,
        266,
        12,
        13,
        375,
        344,
        369,
        228,
        225,
        97,
        134,
        160,
        92,
        10,
        393,
        309,
        70,
        233,
        9,
        99,
        392,
        144,
        44,
        335,
        162,
        313,
        325,
        60,
        197,
        315,
        206,
        293,
        113,
        175,
        304,
        149,
        129,
        108,
        172,
        267,
        210,
        173,
        161,
        350,
        232,
        295,
        36,
        258,
        166,
        283,
        62,
        50,
        8,
        284,
        153,
        53,
        217,
        394,
        117,
        368,
        227,
        177,
        281,
        290,
        365,
        157,
        79,
        188,
        155,
        306,
        200,
        78,
        351,
        146,
        179,
        346,
        323,
        181,
        358,
        328,
        73,
        318,
        386,
        303,
        34,
        265,
        102,
        235,
        19,
        292,
        384,
        18,
        333,
        254,
        302,
        14,
        38,
        32,
        17,
        300,
        312,
        222,
        366,
        343,
        154,
        105,
        59,
        348,
        249,
        84,
        109,
        330,
        55,
        360,
        216,
        145,
        41,
        88,
        67,
        361,
        317,
        100,
        68,
        15,
        164,
        140,
        104,
        72,
        352,
        46,
        136,
        276,
        30,
        37,
        133,
        126,
        23,
        305,
        5,
        168,
        261,
        199,
        170,
        57,
        311,
        212,
        95,
        165,
        221,
        231,
        26,
        285,
        71,
        362,
        327,
        340,
        243,
        364,
        396,
        56,
        273,
        106,
        260,
        139,
        355,
        0,
        262,
        178,
        121,
        347,
        367,
        189,
        152,
        287,
        271,
        359,
        86,
        159,
        275,
        122,
        120,
        269,
        42,
        342,
        74,
        147,
        89,
        244,
        374,
        142,
        240,
        40,
        1,
        223,
        299,
        94,
        76,
        296,
        204,
        82,
        7,
        116,
        256,
        85,
        69,
        316,
        93,
        353,
        324,
        125,
        289,
        35,
        298,
        399,
        171,
        169,
        110,
        252,
        337,
        207,
        148,
        239,
        331,
        288,
        87,
        128,
        388,
        363,
        268,
        52,
        270,
        63,
        150,
        250,
        301,
        257,
        143,
        132,
        294,
        167,
        16,
        282,
        45,
        192,
        66,
        372,
        390,
        141,
        49,
        61,
        264,
        111,
        356,
        183,
        208,
        334,
        11,
        377,
        115,
        124,
        322,
        398,
        21,
        224,
        307,
        376,
        186,
        329,
        391,
        286,
        6,
        114
    ],
    "Nb of functions evaluations": 200010,
    "Computational time in seconds": 530.2220282554626,
    "Stopping criterion in evaluations": 200000
}