19° run output:
{
    "Function": "kroA400.tsp",
    "Problem dimension": [
        345,
        48,
        115,
        91,
        188,
        125,
        356,
        35,
        205,
        47,
        18,
        361,
        1,
        390,
        154,
        64,
        232,
        247,
        346,
        180,
        291,
        204,
        40,
        210,
        326,
        106,
        323,
        85,
        271,
        34,
        379,
        59,
        317,
        221,
        92,
        56,
        371,
        367,
        296,
        263,
        251,
        192,
        7,
        133,
        311,
        292,
        109,
        2,
        245,
        197,
        134,
        84,
        130,
        309,
        87,
        374,
        208,
        172,
        52,
        144,
        31,
        44,
        169,
        256,
        17,
        131,
        98,
        386,
        156,
        194,
        195,
        177,
        372,
        72,
        340,
        189,
        290,
        143,
        147,
        355,
        373,
        212,
        360,
        347,
        168,
        138,
        267,
        66,
        391,
        137,
        123,
        153,
        175,
        139,
        88,
        384,
        6,
        375,
        3,
        211,
        392,
        249,
        229,
        273,
        332,
        228,
        57,
        140,
        299,
        233,
        136,
        376,
        328,
        37,
        186,
        230,
        359,
        96,
        339,
        377,
        105,
        349,
        288,
        174,
        282,
        89,
        217,
        24,
        112,
        116,
        286,
        62,
        121,
        257,
        93,
        303,
        49,
        389,
        380,
        370,
        38,
        113,
        75,
        250,
        149,
        321,
        268,
        41,
        305,
        120,
        198,
        14,
        231,
        236,
        126,
        128,
        9,
        155,
        179,
        141,
        353,
        107,
        258,
        341,
        283,
        28,
        162,
        399,
        146,
        127,
        68,
        222,
        73,
        39,
        183,
        337,
        348,
        244,
        76,
        343,
        350,
        209,
        214,
        238,
        185,
        159,
        178,
        269,
        26,
        78,
        71,
        46,
        5,
        260,
        278,
        118,
        187,
        270,
        226,
        315,
        50,
        319,
        152,
        396,
        196,
        352,
        145,
        70,
        16,
        218,
        54,
        19,
        313,
        261,
        265,
        55,
        216,
        302,
        235,
        279,
        11,
        398,
        132,
        253,
        27,
        234,
        65,
        114,
        285,
        325,
        275,
        320,
        206,
        344,
        203,
        171,
        13,
        86,
        243,
        327,
        287,
        334,
        362,
        170,
        304,
        108,
        333,
        266,
        36,
        15,
        51,
        255,
        215,
        23,
        202,
        381,
        8,
        365,
        157,
        45,
        310,
        254,
        388,
        316,
        53,
        95,
        165,
        312,
        308,
        281,
        224,
        12,
        190,
        354,
        25,
        60,
        103,
        200,
        30,
        176,
        306,
        314,
        184,
        397,
        142,
        182,
        22,
        351,
        135,
        363,
        289,
        122,
        227,
        166,
        213,
        297,
        369,
        277,
        167,
        4,
        301,
        239,
        63,
        77,
        148,
        335,
        330,
        219,
        338,
        104,
        201,
        294,
        357,
        100,
        81,
        298,
        378,
        237,
        207,
        300,
        324,
        117,
        246,
        336,
        33,
        366,
        94,
        161,
        242,
        102,
        252,
        32,
        318,
        90,
        69,
        385,
        264,
        74,
        21,
        163,
        368,
        199,
        160,
        225,
        124,
        274,
        331,
        395,
        20,
        240,
        110,
        58,
        387,
        280,
        193,
        284,
        329,
        295,
        164,
        248,
        99,
        383,
        342,
        129,
        223,
        307,
        82,
        293,
        61,
        42,
        151,
        358,
        29,
        97,
        83,
        10,
        259,
        272,
        67,
        276,
        173,
        79,
        119,
        150,
        220,
        364,
        43,
        241,
        111,
        394,
        158,
        393,
        262,
        0,
        191,
        80,
        382,
        322,
        101,
        181
    ],
    "Global Optimum": 0,
    "Algorithm": "Genetic algorithm",
    "Parameters": {
        "population": 30,
        "offspring": 30,
        "mutation probability": 0.0025,
        "crossover probability": 0.9
    },
    "Fitness": 427218,
    "Solution": [
        345,
        48,
        115,
        91,
        188,
        125,
        356,
        35,
        205,
        47,
        18,
        361,
        1,
        390,
        154,
        64,
        232,
        247,
        346,
        180,
        291,
        204,
        40,
        210,
        326,
        106,
        323,
        85,
        271,
        34,
        379,
        59,
        317,
        221,
        92,
        56,
        371,
        367,
        296,
        263,
        251,
        192,
        7,
        133,
        311,
        292,
        109,
        2,
        245,
        197,
        134,
        84,
        130,
        309,
        87,
        374,
        208,
        172,
        52,
        144,
        31,
        44,
        169,
        256,
        17,
        131,
        98,
        386,
        156,
        194,
        195,
        177,
        372,
        72,
        340,
        189,
        290,
        143,
        147,
        355,
        373,
        212,
        360,
        347,
        168,
        138,
        267,
        66,
        391,
        137,
        123,
        153,
        175,
        139,
        88,
        384,
        6,
        375,
        3,
        211,
        392,
        249,
        229,
        273,
        332,
        228,
        57,
        140,
        299,
        233,
        136,
        376,
        328,
        37,
        186,
        230,
        359,
        96,
        339,
        377,
        105,
        349,
        288,
        174,
        282,
        89,
        217,
        24,
        112,
        116,
        286,
        62,
        121,
        257,
        93,
        303,
        49,
        389,
        380,
        370,
        38,
        113,
        75,
        250,
        149,
        321,
        268,
        41,
        305,
        120,
        198,
        14,
        231,
        236,
        126,
        128,
        9,
        155,
        179,
        141,
        353,
        107,
        258,
        341,
        283,
        28,
        162,
        399,
        146,
        127,
        68,
        222,
        73,
        39,
        183,
        337,
        348,
        244,
        76,
        343,
        350,
        209,
        214,
        238,
        185,
        159,
        178,
        269,
        26,
        78,
        71,
        46,
        5,
        260,
        278,
        118,
        187,
        270,
        226,
        315,
        50,
        319,
        152,
        396,
        196,
        352,
        145,
        70,
        16,
        218,
        54,
        19,
        313,
        261,
        265,
        55,
        216,
        302,
        235,
        279,
        11,
        398,
        132,
        253,
        27,
        234,
        65,
        114,
        285,
        325,
        275,
        320,
        206,
        344,
        203,
        171,
        13,
        86,
        243,
        327,
        287,
        334,
        362,
        170,
        304,
        108,
        333,
        266,
        36,
        15,
        51,
        255,
        215,
        23,
        202,
        381,
        8,
        365,
        157,
        45,
        310,
        254,
        388,
        316,
        53,
        95,
        165,
        312,
        308,
        281,
        224,
        12,
        190,
        354,
        25,
        60,
        103,
        200,
        30,
        176,
        306,
        314,
        184,
        397,
        142,
        182,
        22,
        351,
        135,
        363,
        289,
        122,
        227,
        166,
        213,
        297,
        369,
        277,
        167,
        4,
        301,
        239,
        63,
        77,
        148,
        335,
        330,
        219,
        338,
        104,
        201,
        294,
        357,
        100,
        81,
        298,
        378,
        237,
        207,
        300,
        324,
        117,
        246,
        336,
        33,
        366,
        94,
        161,
        242,
        102,
        252,
        32,
        318,
        90,
        69,
        385,
        264,
        74,
        21,
        163,
        368,
        199,
        160,
        225,
        124,
        274,
        331,
        395,
        20,
        240,
        110,
        58,
        387,
        280,
        193,
        284,
        329,
        295,
        164,
        248,
        99,
        383,
        342,
        129,
        223,
        307,
        82,
        293,
        61,
        42,
        151,
        358,
        29,
        97,
        83,
        10,
        259,
        272,
        67,
        276,
        173,
        79,
        119,
        150,
        220,
        364,
        43,
        241,
        111,
        394,
        158,
        393,
        262,
        0,
        191,
        80,
        382,
        322,
        101,
        181
    ],
    "Nb of functions evaluations": 200010,
    "Computational time in seconds": 530.9727544784546,
    "Stopping criterion in evaluations": 200000
}