2° run output:
{
    "Function": "kroD100.tsp",
    "Problem dimension": [
        14,
        98,
        64,
        33,
        31,
        97,
        48,
        57,
        75,
        30,
        19,
        81,
        78,
        26,
        49,
        89,
        16,
        88,
        22,
        21,
        51,
        37,
        71,
        42,
        76,
        63,
        27,
        46,
        55,
        86,
        36,
        18,
        52,
        50,
        29,
        94,
        67,
        13,
        85,
        15,
        38,
        3,
        59,
        8,
        17,
        24,
        99,
        4,
        84,
        95,
        65,
        80,
        93,
        45,
        6,
        56,
        79,
        62,
        5,
        82,
        91,
        34,
        43,
        39,
        2,
        58,
        92,
        70,
        72,
        7,
        41,
        28,
        74,
        69,
        96,
        10,
        68,
        11,
        44,
        32,
        61,
        1,
        47,
        25,
        20,
        9,
        54,
        60,
        73,
        35,
        90,
        53,
        23,
        0,
        40,
        87,
        12,
        77,
        66,
        83
    ],
    "Global Optimum": 0,
    "Algorithm": "Genetic algorithm",
    "Parameters": {
        "population": 30,
        "offspring": 30,
        "mutation probability": 0.01,
        "crossover probability": 0.9
    },
    "Fitness": 72409,
    "Solution": [
        14,
        98,
        64,
        33,
        31,
        97,
        48,
        57,
        75,
        30,
        19,
        81,
        78,
        26,
        49,
        89,
        16,
        88,
        22,
        21,
        51,
        37,
        71,
        42,
        76,
        63,
        27,
        46,
        55,
        86,
        36,
        18,
        52,
        50,
        29,
        94,
        67,
        13,
        85,
        15,
        38,
        3,
        59,
        8,
        17,
        24,
        99,
        4,
        84,
        95,
        65,
        80,
        93,
        45,
        6,
        56,
        79,
        62,
        5,
        82,
        91,
        34,
        43,
        39,
        2,
        58,
        92,
        70,
        72,
        7,
        41,
        28,
        74,
        69,
        96,
        10,
        68,
        11,
        44,
        32,
        61,
        1,
        47,
        25,
        20,
        9,
        54,
        60,
        73,
        35,
        90,
        53,
        23,
        0,
        40,
        87,
        12,
        77,
        66,
        83
    ],
    "Nb of functions evaluations": 50010,
    "Computational time in seconds": 23.08072018623352,
    "Stopping criterion in evaluations": 50000
}