15° run output:
{
    "Function": "kroD100.tsp",
    "Problem dimension": [
        77,
        7,
        33,
        45,
        40,
        92,
        29,
        34,
        36,
        61,
        98,
        64,
        70,
        24,
        86,
        20,
        94,
        8,
        1,
        47,
        50,
        99,
        18,
        91,
        19,
        69,
        57,
        28,
        79,
        15,
        58,
        4,
        90,
        51,
        41,
        88,
        93,
        65,
        14,
        53,
        80,
        31,
        96,
        74,
        60,
        83,
        87,
        23,
        26,
        12,
        49,
        27,
        46,
        13,
        75,
        85,
        95,
        25,
        9,
        11,
        81,
        76,
        42,
        43,
        59,
        78,
        73,
        35,
        55,
        54,
        39,
        3,
        52,
        44,
        32,
        67,
        17,
        5,
        63,
        71,
        66,
        16,
        22,
        21,
        89,
        37,
        10,
        97,
        48,
        6,
        56,
        30,
        68,
        62,
        72,
        38,
        2,
        82,
        84,
        0
    ],
    "Global Optimum": 0,
    "Algorithm": "Genetic algorithm",
    "Parameters": {
        "population": 30,
        "offspring": 30,
        "mutation probability": 0.01,
        "crossover probability": 0.9
    },
    "Fitness": 76372,
    "Solution": [
        77,
        7,
        33,
        45,
        40,
        92,
        29,
        34,
        36,
        61,
        98,
        64,
        70,
        24,
        86,
        20,
        94,
        8,
        1,
        47,
        50,
        99,
        18,
        91,
        19,
        69,
        57,
        28,
        79,
        15,
        58,
        4,
        90,
        51,
        41,
        88,
        93,
        65,
        14,
        53,
        80,
        31,
        96,
        74,
        60,
        83,
        87,
        23,
        26,
        12,
        49,
        27,
        46,
        13,
        75,
        85,
        95,
        25,
        9,
        11,
        81,
        76,
        42,
        43,
        59,
        78,
        73,
        35,
        55,
        54,
        39,
        3,
        52,
        44,
        32,
        67,
        17,
        5,
        63,
        71,
        66,
        16,
        22,
        21,
        89,
        37,
        10,
        97,
        48,
        6,
        56,
        30,
        68,
        62,
        72,
        38,
        2,
        82,
        84,
        0
    ],
    "Nb of functions evaluations": 50010,
    "Computational time in seconds": 23.0937557220459,
    "Stopping criterion in evaluations": 50000
}