10° run output:
{
    "Function": "kroD100.tsp",
    "Problem dimension": [
        34,
        1,
        4,
        29,
        47,
        43,
        63,
        58,
        19,
        77,
        64,
        5,
        52,
        91,
        55,
        20,
        9,
        24,
        17,
        79,
        98,
        30,
        44,
        66,
        74,
        28,
        35,
        60,
        67,
        53,
        56,
        71,
        45,
        49,
        32,
        41,
        73,
        81,
        13,
        57,
        48,
        31,
        80,
        88,
        93,
        96,
        22,
        65,
        92,
        59,
        99,
        54,
        84,
        76,
        38,
        26,
        33,
        90,
        7,
        37,
        40,
        68,
        14,
        87,
        23,
        89,
        69,
        97,
        75,
        62,
        2,
        82,
        85,
        95,
        11,
        42,
        12,
        78,
        0,
        72,
        39,
        18,
        86,
        61,
        36,
        3,
        10,
        51,
        83,
        21,
        16,
        6,
        15,
        70,
        27,
        46,
        25,
        8,
        94,
        50
    ],
    "Global Optimum": 0,
    "Algorithm": "Genetic algorithm",
    "Parameters": {
        "population": 30,
        "offspring": 30,
        "mutation probability": 0.01,
        "crossover probability": 0.9
    },
    "Fitness": 79652,
    "Solution": [
        34,
        1,
        4,
        29,
        47,
        43,
        63,
        58,
        19,
        77,
        64,
        5,
        52,
        91,
        55,
        20,
        9,
        24,
        17,
        79,
        98,
        30,
        44,
        66,
        74,
        28,
        35,
        60,
        67,
        53,
        56,
        71,
        45,
        49,
        32,
        41,
        73,
        81,
        13,
        57,
        48,
        31,
        80,
        88,
        93,
        96,
        22,
        65,
        92,
        59,
        99,
        54,
        84,
        76,
        38,
        26,
        33,
        90,
        7,
        37,
        40,
        68,
        14,
        87,
        23,
        89,
        69,
        97,
        75,
        62,
        2,
        82,
        85,
        95,
        11,
        42,
        12,
        78,
        0,
        72,
        39,
        18,
        86,
        61,
        36,
        3,
        10,
        51,
        83,
        21,
        16,
        6,
        15,
        70,
        27,
        46,
        25,
        8,
        94,
        50
    ],
    "Nb of functions evaluations": 50010,
    "Computational time in seconds": 23.676939249038696,
    "Stopping criterion in evaluations": 50000
}