30° run output:
{
    "Function": "kroD100.tsp",
    "Problem dimension": [
        84,
        48,
        69,
        60,
        51,
        67,
        98,
        24,
        2,
        64,
        95,
        44,
        71,
        73,
        70,
        52,
        5,
        61,
        36,
        42,
        7,
        33,
        10,
        77,
        79,
        53,
        76,
        49,
        31,
        37,
        72,
        14,
        92,
        62,
        56,
        66,
        28,
        6,
        75,
        26,
        87,
        16,
        88,
        17,
        43,
        59,
        15,
        45,
        22,
        96,
        97,
        85,
        55,
        90,
        38,
        93,
        89,
        83,
        94,
        91,
        99,
        8,
        46,
        27,
        13,
        23,
        40,
        0,
        80,
        32,
        30,
        11,
        54,
        50,
        29,
        25,
        20,
        9,
        63,
        58,
        19,
        82,
        4,
        68,
        78,
        12,
        34,
        1,
        3,
        39,
        81,
        74,
        35,
        21,
        57,
        41,
        65,
        47,
        18,
        86
    ],
    "Global Optimum": 0,
    "Algorithm": "Genetic algorithm",
    "Parameters": {
        "population": 30,
        "offspring": 30,
        "mutation probability": 0.01,
        "crossover probability": 0.9
    },
    "Fitness": 89546,
    "Solution": [
        84,
        48,
        69,
        60,
        51,
        67,
        98,
        24,
        2,
        64,
        95,
        44,
        71,
        73,
        70,
        52,
        5,
        61,
        36,
        42,
        7,
        33,
        10,
        77,
        79,
        53,
        76,
        49,
        31,
        37,
        72,
        14,
        92,
        62,
        56,
        66,
        28,
        6,
        75,
        26,
        87,
        16,
        88,
        17,
        43,
        59,
        15,
        45,
        22,
        96,
        97,
        85,
        55,
        90,
        38,
        93,
        89,
        83,
        94,
        91,
        99,
        8,
        46,
        27,
        13,
        23,
        40,
        0,
        80,
        32,
        30,
        11,
        54,
        50,
        29,
        25,
        20,
        9,
        63,
        58,
        19,
        82,
        4,
        68,
        78,
        12,
        34,
        1,
        3,
        39,
        81,
        74,
        35,
        21,
        57,
        41,
        65,
        47,
        18,
        86
    ],
    "Nb of functions evaluations": 50010,
    "Computational time in seconds": 23.0446515083313,
    "Stopping criterion in evaluations": 50000
}