18° run output:
{
    "Function": "kroD100.tsp",
    "Problem dimension": [
        61,
        84,
        19,
        76,
        38,
        72,
        43,
        59,
        2,
        3,
        42,
        14,
        90,
        68,
        74,
        35,
        41,
        57,
        21,
        16,
        89,
        77,
        82,
        5,
        4,
        83,
        66,
        28,
        93,
        34,
        47,
        7,
        97,
        96,
        0,
        12,
        86,
        54,
        25,
        91,
        94,
        55,
        17,
        40,
        10,
        49,
        51,
        64,
        11,
        27,
        29,
        18,
        44,
        75,
        26,
        88,
        69,
        31,
        78,
        87,
        80,
        23,
        50,
        9,
        8,
        81,
        58,
        39,
        33,
        48,
        79,
        22,
        65,
        37,
        73,
        45,
        36,
        99,
        1,
        52,
        63,
        30,
        20,
        71,
        62,
        92,
        24,
        15,
        60,
        6,
        56,
        98,
        46,
        67,
        13,
        32,
        95,
        85,
        53,
        70
    ],
    "Global Optimum": 0,
    "Algorithm": "Genetic algorithm",
    "Parameters": {
        "population": 30,
        "offspring": 30,
        "mutation probability": 0.01,
        "crossover probability": 0.9
    },
    "Fitness": 85120,
    "Solution": [
        61,
        84,
        19,
        76,
        38,
        72,
        43,
        59,
        2,
        3,
        42,
        14,
        90,
        68,
        74,
        35,
        41,
        57,
        21,
        16,
        89,
        77,
        82,
        5,
        4,
        83,
        66,
        28,
        93,
        34,
        47,
        7,
        97,
        96,
        0,
        12,
        86,
        54,
        25,
        91,
        94,
        55,
        17,
        40,
        10,
        49,
        51,
        64,
        11,
        27,
        29,
        18,
        44,
        75,
        26,
        88,
        69,
        31,
        78,
        87,
        80,
        23,
        50,
        9,
        8,
        81,
        58,
        39,
        33,
        48,
        79,
        22,
        65,
        37,
        73,
        45,
        36,
        99,
        1,
        52,
        63,
        30,
        20,
        71,
        62,
        92,
        24,
        15,
        60,
        6,
        56,
        98,
        46,
        67,
        13,
        32,
        95,
        85,
        53,
        70
    ],
    "Nb of functions evaluations": 50010,
    "Computational time in seconds": 23.639519453048706,
    "Stopping criterion in evaluations": 50000
}