18° run output:
{
    "Function": "kroA100.tsp",
    "Problem dimension": [
        2,
        45,
        82,
        68,
        88,
        78,
        9,
        16,
        10,
        14,
        44,
        90,
        27,
        0,
        48,
        89,
        93,
        87,
        69,
        25,
        21,
        83,
        73,
        58,
        23,
        37,
        98,
        35,
        59,
        50,
        56,
        26,
        85,
        95,
        4,
        77,
        99,
        42,
        13,
        40,
        70,
        12,
        75,
        32,
        38,
        33,
        80,
        84,
        29,
        51,
        43,
        57,
        30,
        41,
        53,
        63,
        60,
        61,
        74,
        18,
        96,
        64,
        65,
        15,
        24,
        19,
        54,
        34,
        11,
        67,
        49,
        3,
        52,
        17,
        71,
        66,
        72,
        81,
        1,
        94,
        36,
        39,
        7,
        55,
        79,
        91,
        97,
        22,
        20,
        8,
        6,
        76,
        31,
        46,
        5,
        62,
        92,
        86,
        28,
        47
    ],
    "Global Optimum": 0,
    "Algorithm": "Genetic algorithm",
    "Parameters": {
        "population": 30,
        "offspring": 30,
        "mutation probability": 0.01,
        "crossover probability": 0.9
    },
    "Fitness": 64756,
    "Solution": [
        2,
        45,
        82,
        68,
        88,
        78,
        9,
        16,
        10,
        14,
        44,
        90,
        27,
        0,
        48,
        89,
        93,
        87,
        69,
        25,
        21,
        83,
        73,
        58,
        23,
        37,
        98,
        35,
        59,
        50,
        56,
        26,
        85,
        95,
        4,
        77,
        99,
        42,
        13,
        40,
        70,
        12,
        75,
        32,
        38,
        33,
        80,
        84,
        29,
        51,
        43,
        57,
        30,
        41,
        53,
        63,
        60,
        61,
        74,
        18,
        96,
        64,
        65,
        15,
        24,
        19,
        54,
        34,
        11,
        67,
        49,
        3,
        52,
        17,
        71,
        66,
        72,
        81,
        1,
        94,
        36,
        39,
        7,
        55,
        79,
        91,
        97,
        22,
        20,
        8,
        6,
        76,
        31,
        46,
        5,
        62,
        92,
        86,
        28,
        47
    ],
    "Nb of functions evaluations": 200010,
    "Computational time in seconds": 56.48426055908203,
    "Stopping criterion in evaluations": 200000
}