5° run output:
{
    "Function": "euclidA100.tsp",
    "Problem dimension": [
        23,
        60,
        65,
        36,
        62,
        48,
        38,
        1,
        85,
        13,
        10,
        14,
        39,
        3,
        2,
        61,
        84,
        94,
        42,
        69,
        17,
        12,
        81,
        55,
        80,
        4,
        54,
        46,
        7,
        75,
        29,
        33,
        26,
        31,
        98,
        82,
        24,
        67,
        19,
        37,
        44,
        92,
        95,
        21,
        40,
        59,
        78,
        83,
        50,
        68,
        20,
        89,
        0,
        97,
        11,
        57,
        41,
        35,
        66,
        73,
        90,
        28,
        56,
        45,
        64,
        72,
        53,
        77,
        79,
        22,
        9,
        63,
        93,
        88,
        18,
        49,
        51,
        16,
        86,
        76,
        25,
        30,
        87,
        27,
        58,
        71,
        15,
        43,
        5,
        70,
        47,
        96,
        91,
        32,
        8,
        74,
        6,
        99,
        52,
        34
    ],
    "Global Optimum": 0,
    "Algorithm": "Genetic algorithm",
    "Parameters": {
        "population": 30,
        "offspring": 30,
        "mutation probability": 0.01,
        "crossover probability": 0.9
    },
    "Fitness": 85386,
    "Solution": [
        23,
        60,
        65,
        36,
        62,
        48,
        38,
        1,
        85,
        13,
        10,
        14,
        39,
        3,
        2,
        61,
        84,
        94,
        42,
        69,
        17,
        12,
        81,
        55,
        80,
        4,
        54,
        46,
        7,
        75,
        29,
        33,
        26,
        31,
        98,
        82,
        24,
        67,
        19,
        37,
        44,
        92,
        95,
        21,
        40,
        59,
        78,
        83,
        50,
        68,
        20,
        89,
        0,
        97,
        11,
        57,
        41,
        35,
        66,
        73,
        90,
        28,
        56,
        45,
        64,
        72,
        53,
        77,
        79,
        22,
        9,
        63,
        93,
        88,
        18,
        49,
        51,
        16,
        86,
        76,
        25,
        30,
        87,
        27,
        58,
        71,
        15,
        43,
        5,
        70,
        47,
        96,
        91,
        32,
        8,
        74,
        6,
        99,
        52,
        34
    ],
    "Nb of functions evaluations": 50010,
    "Computational time in seconds": 22.85979390144348,
    "Stopping criterion in evaluations": 50000
}