3° run output:
{
    "Function": "kroA500.tsp",
    "Problem dimension": [
        259,
        48,
        118,
        486,
        160,
        229,
        157,
        264,
        269,
        399,
        330,
        270,
        244,
        127,
        332,
        364,
        171,
        34,
        250,
        219,
        415,
        280,
        165,
        377,
        207,
        7,
        249,
        154,
        316,
        71,
        466,
        265,
        365,
        386,
        373,
        209,
        8,
        420,
        121,
        260,
        405,
        448,
        217,
        218,
        240,
        361,
        237,
        437,
        308,
        418,
        387,
        402,
        266,
        413,
        123,
        243,
        302,
        378,
        84,
        468,
        300,
        17,
        444,
        482,
        481,
        275,
        210,
        42,
        483,
        401,
        75,
        90,
        276,
        239,
        475,
        78,
        351,
        278,
        282,
        77,
        114,
        339,
        140,
        85,
        238,
        134,
        353,
        303,
        211,
        51,
        245,
        400,
        344,
        348,
        492,
        471,
        170,
        309,
        177,
        297,
        225,
        20,
        100,
        287,
        14,
        10,
        110,
        109,
        60,
        9,
        43,
        246,
        382,
        79,
        477,
        149,
        146,
        323,
        299,
        432,
        321,
        279,
        26,
        45,
        203,
        388,
        372,
        1,
        261,
        408,
        93,
        488,
        454,
        112,
        411,
        212,
        104,
        417,
        329,
        254,
        274,
        192,
        247,
        350,
        252,
        230,
        284,
        427,
        21,
        360,
        443,
        322,
        281,
        132,
        52,
        292,
        296,
        406,
        162,
        445,
        232,
        81,
        35,
        235,
        49,
        465,
        141,
        174,
        343,
        476,
        325,
        108,
        55,
        290,
        61,
        106,
        474,
        255,
        163,
        336,
        184,
        460,
        175,
        293,
        294,
        307,
        392,
        320,
        148,
        438,
        56,
        341,
        384,
        206,
        200,
        440,
        393,
        428,
        262,
        47,
        450,
        54,
        457,
        314,
        180,
        202,
        381,
        80,
        179,
        436,
        422,
        410,
        120,
        59,
        327,
        86,
        122,
        159,
        472,
        449,
        380,
        66,
        176,
        404,
        87,
        423,
        458,
        435,
        340,
        32,
        130,
        389,
        33,
        147,
        57,
        129,
        273,
        204,
        214,
        338,
        98,
        113,
        301,
        464,
        126,
        2,
        188,
        272,
        119,
        453,
        169,
        310,
        18,
        29,
        213,
        50,
        205,
        359,
        167,
        354,
        312,
        298,
        152,
        328,
        257,
        116,
        242,
        193,
        335,
        82,
        27,
        494,
        191,
        495,
        315,
        286,
        178,
        416,
        16,
        151,
        88,
        22,
        398,
        142,
        97,
        455,
        185,
        469,
        456,
        319,
        493,
        183,
        131,
        190,
        234,
        333,
        385,
        251,
        375,
        28,
        95,
        473,
        138,
        421,
        83,
        68,
        390,
        70,
        38,
        342,
        19,
        144,
        267,
        69,
        248,
        498,
        168,
        374,
        311,
        199,
        37,
        366,
        161,
        451,
        173,
        6,
        403,
        89,
        305,
        268,
        133,
        424,
        46,
        156,
        64,
        459,
        462,
        5,
        394,
        12,
        23,
        446,
        363,
        67,
        222,
        143,
        479,
        220,
        484,
        150,
        391,
        158,
        487,
        62,
        355,
        490,
        13,
        107,
        407,
        371,
        128,
        227,
        288,
        231,
        63,
        4,
        463,
        172,
        208,
        253,
        313,
        136,
        30,
        111,
        370,
        395,
        426,
        304,
        221,
        102,
        236,
        182,
        76,
        430,
        497,
        0,
        241,
        25,
        295,
        125,
        467,
        224,
        434,
        447,
        196,
        36,
        135,
        105,
        367,
        91,
        117,
        115,
        39,
        198,
        15,
        189,
        499,
        124,
        358,
        226,
        195,
        414,
        368,
        452,
        40,
        441,
        155,
        164,
        346,
        409,
        461,
        145,
        24,
        429,
        345,
        186,
        3,
        258,
        357,
        419,
        181,
        291,
        103,
        324,
        72,
        489,
        233,
        496,
        362,
        352,
        215,
        356,
        263,
        439,
        285,
        306,
        425,
        283,
        347,
        271,
        228,
        153,
        433,
        44,
        139,
        58,
        334,
        349,
        194,
        318,
        442,
        480,
        289,
        65,
        491,
        101,
        396,
        187,
        96,
        92,
        201,
        369,
        256,
        485,
        99,
        379,
        137,
        41,
        337,
        31,
        331,
        470,
        11,
        431,
        74,
        397,
        197,
        94,
        216,
        376,
        53,
        277,
        326,
        223,
        166,
        412,
        478,
        317,
        73,
        383
    ],
    "Global Optimum": 0,
    "Algorithm": "Genetic algorithm",
    "Parameters": {
        "population": 30,
        "offspring": 30,
        "mutation probability": 0.002,
        "crossover probability": 0.9
    },
    "Fitness": 534481,
    "Solution": [
        259,
        48,
        118,
        486,
        160,
        229,
        157,
        264,
        269,
        399,
        330,
        270,
        244,
        127,
        332,
        364,
        171,
        34,
        250,
        219,
        415,
        280,
        165,
        377,
        207,
        7,
        249,
        154,
        316,
        71,
        466,
        265,
        365,
        386,
        373,
        209,
        8,
        420,
        121,
        260,
        405,
        448,
        217,
        218,
        240,
        361,
        237,
        437,
        308,
        418,
        387,
        402,
        266,
        413,
        123,
        243,
        302,
        378,
        84,
        468,
        300,
        17,
        444,
        482,
        481,
        275,
        210,
        42,
        483,
        401,
        75,
        90,
        276,
        239,
        475,
        78,
        351,
        278,
        282,
        77,
        114,
        339,
        140,
        85,
        238,
        134,
        353,
        303,
        211,
        51,
        245,
        400,
        344,
        348,
        492,
        471,
        170,
        309,
        177,
        297,
        225,
        20,
        100,
        287,
        14,
        10,
        110,
        109,
        60,
        9,
        43,
        246,
        382,
        79,
        477,
        149,
        146,
        323,
        299,
        432,
        321,
        279,
        26,
        45,
        203,
        388,
        372,
        1,
        261,
        408,
        93,
        488,
        454,
        112,
        411,
        212,
        104,
        417,
        329,
        254,
        274,
        192,
        247,
        350,
        252,
        230,
        284,
        427,
        21,
        360,
        443,
        322,
        281,
        132,
        52,
        292,
        296,
        406,
        162,
        445,
        232,
        81,
        35,
        235,
        49,
        465,
        141,
        174,
        343,
        476,
        325,
        108,
        55,
        290,
        61,
        106,
        474,
        255,
        163,
        336,
        184,
        460,
        175,
        293,
        294,
        307,
        392,
        320,
        148,
        438,
        56,
        341,
        384,
        206,
        200,
        440,
        393,
        428,
        262,
        47,
        450,
        54,
        457,
        314,
        180,
        202,
        381,
        80,
        179,
        436,
        422,
        410,
        120,
        59,
        327,
        86,
        122,
        159,
        472,
        449,
        380,
        66,
        176,
        404,
        87,
        423,
        458,
        435,
        340,
        32,
        130,
        389,
        33,
        147,
        57,
        129,
        273,
        204,
        214,
        338,
        98,
        113,
        301,
        464,
        126,
        2,
        188,
        272,
        119,
        453,
        169,
        310,
        18,
        29,
        213,
        50,
        205,
        359,
        167,
        354,
        312,
        298,
        152,
        328,
        257,
        116,
        242,
        193,
        335,
        82,
        27,
        494,
        191,
        495,
        315,
        286,
        178,
        416,
        16,
        151,
        88,
        22,
        398,
        142,
        97,
        455,
        185,
        469,
        456,
        319,
        493,
        183,
        131,
        190,
        234,
        333,
        385,
        251,
        375,
        28,
        95,
        473,
        138,
        421,
        83,
        68,
        390,
        70,
        38,
        342,
        19,
        144,
        267,
        69,
        248,
        498,
        168,
        374,
        311,
        199,
        37,
        366,
        161,
        451,
        173,
        6,
        403,
        89,
        305,
        268,
        133,
        424,
        46,
        156,
        64,
        459,
        462,
        5,
        394,
        12,
        23,
        446,
        363,
        67,
        222,
        143,
        479,
        220,
        484,
        150,
        391,
        158,
        487,
        62,
        355,
        490,
        13,
        107,
        407,
        371,
        128,
        227,
        288,
        231,
        63,
        4,
        463,
        172,
        208,
        253,
        313,
        136,
        30,
        111,
        370,
        395,
        426,
        304,
        221,
        102,
        236,
        182,
        76,
        430,
        497,
        0,
        241,
        25,
        295,
        125,
        467,
        224,
        434,
        447,
        196,
        36,
        135,
        105,
        367,
        91,
        117,
        115,
        39,
        198,
        15,
        189,
        499,
        124,
        358,
        226,
        195,
        414,
        368,
        452,
        40,
        441,
        155,
        164,
        346,
        409,
        461,
        145,
        24,
        429,
        345,
        186,
        3,
        258,
        357,
        419,
        181,
        291,
        103,
        324,
        72,
        489,
        233,
        496,
        362,
        352,
        215,
        356,
        263,
        439,
        285,
        306,
        425,
        283,
        347,
        271,
        228,
        153,
        433,
        44,
        139,
        58,
        334,
        349,
        194,
        318,
        442,
        480,
        289,
        65,
        491,
        101,
        396,
        187,
        96,
        92,
        201,
        369,
        256,
        485,
        99,
        379,
        137,
        41,
        337,
        31,
        331,
        470,
        11,
        431,
        74,
        397,
        197,
        94,
        216,
        376,
        53,
        277,
        326,
        223,
        166,
        412,
        478,
        317,
        73,
        383
    ],
    "Nb of functions evaluations": 400020,
    "Computational time in seconds": 1823.8781683444977,
    "Stopping criterion in evaluations": 400000
}