4° run output:
{
    "Function": "kroA500.tsp",
    "Problem dimension": [
        492,
        199,
        297,
        469,
        91,
        134,
        157,
        413,
        328,
        437,
        341,
        47,
        439,
        421,
        80,
        332,
        44,
        49,
        104,
        429,
        195,
        360,
        83,
        468,
        319,
        92,
        426,
        20,
        167,
        78,
        234,
        215,
        473,
        316,
        367,
        11,
        401,
        124,
        448,
        101,
        357,
        143,
        436,
        149,
        271,
        165,
        402,
        416,
        150,
        188,
        486,
        352,
        190,
        18,
        206,
        26,
        309,
        186,
        395,
        449,
        300,
        27,
        138,
        140,
        68,
        249,
        286,
        453,
        51,
        306,
        231,
        268,
        255,
        136,
        422,
        471,
        311,
        394,
        163,
        232,
        242,
        373,
        152,
        267,
        147,
        184,
        5,
        54,
        467,
        459,
        454,
        450,
        109,
        256,
        217,
        474,
        279,
        192,
        351,
        398,
        466,
        182,
        105,
        388,
        213,
        400,
        86,
        245,
        427,
        145,
        7,
        33,
        408,
        404,
        159,
        343,
        382,
        116,
        204,
        386,
        314,
        464,
        1,
        497,
        465,
        498,
        258,
        239,
        142,
        424,
        278,
        403,
        276,
        412,
        331,
        114,
        322,
        151,
        89,
        247,
        59,
        362,
        349,
        228,
        334,
        323,
        202,
        50,
        15,
        99,
        273,
        496,
        88,
        226,
        326,
        307,
        431,
        223,
        227,
        38,
        65,
        263,
        32,
        499,
        187,
        28,
        363,
        305,
        238,
        46,
        310,
        312,
        9,
        252,
        478,
        62,
        148,
        285,
        64,
        488,
        288,
        29,
        423,
        477,
        414,
        137,
        355,
        84,
        41,
        350,
        348,
        389,
        495,
        95,
        121,
        375,
        303,
        290,
        141,
        241,
        444,
        207,
        36,
        233,
        370,
        289,
        246,
        155,
        479,
        315,
        183,
        308,
        180,
        342,
        359,
        287,
        169,
        164,
        293,
        85,
        387,
        191,
        237,
        280,
        327,
        236,
        75,
        430,
        369,
        390,
        76,
        339,
        250,
        432,
        295,
        174,
        125,
        115,
        447,
        407,
        130,
        8,
        107,
        4,
        480,
        396,
        361,
        10,
        364,
        415,
        378,
        435,
        58,
        113,
        61,
        128,
        21,
        356,
        205,
        171,
        275,
        52,
        100,
        329,
        166,
        283,
        203,
        365,
        330,
        57,
        354,
        112,
        119,
        461,
        126,
        264,
        63,
        208,
        376,
        16,
        472,
        173,
        127,
        222,
        73,
        347,
        346,
        221,
        25,
        451,
        399,
        17,
        60,
        384,
        302,
        440,
        335,
        110,
        168,
        93,
        82,
        154,
        374,
        494,
        476,
        261,
        493,
        48,
        320,
        410,
        37,
        372,
        156,
        161,
        333,
        12,
        392,
        185,
        30,
        218,
        135,
        0,
        6,
        336,
        338,
        358,
        313,
        35,
        66,
        463,
        277,
        304,
        53,
        260,
        441,
        209,
        74,
        462,
        24,
        235,
        324,
        2,
        90,
        458,
        455,
        42,
        301,
        269,
        385,
        160,
        129,
        446,
        291,
        96,
        103,
        193,
        123,
        248,
        200,
        405,
        197,
        380,
        442,
        56,
        259,
        272,
        98,
        251,
        31,
        19,
        296,
        340,
        344,
        418,
        120,
        3,
        433,
        179,
        443,
        23,
        106,
        45,
        391,
        428,
        146,
        240,
        175,
        483,
        132,
        265,
        371,
        445,
        225,
        489,
        122,
        325,
        243,
        97,
        224,
        368,
        452,
        253,
        321,
        292,
        484,
        43,
        201,
        219,
        266,
        274,
        158,
        470,
        379,
        383,
        475,
        270,
        397,
        417,
        170,
        176,
        294,
        317,
        393,
        457,
        69,
        318,
        257,
        198,
        282,
        460,
        194,
        419,
        178,
        420,
        381,
        117,
        212,
        14,
        131,
        377,
        281,
        345,
        211,
        456,
        487,
        230,
        77,
        482,
        144,
        337,
        284,
        406,
        490,
        262,
        425,
        70,
        22,
        133,
        210,
        491,
        411,
        299,
        177,
        79,
        409,
        153,
        353,
        254,
        34,
        485,
        220,
        118,
        189,
        94,
        55,
        87,
        40,
        162,
        434,
        39,
        298,
        366,
        481,
        229,
        214,
        181,
        172,
        81,
        13,
        438,
        196,
        72,
        244,
        111,
        71,
        216,
        139,
        102,
        108,
        67
    ],
    "Global Optimum": 0,
    "Algorithm": "Genetic algorithm",
    "Parameters": {
        "population": 30,
        "offspring": 30,
        "mutation probability": 0.002,
        "crossover probability": 0.9
    },
    "Fitness": 542530,
    "Solution": [
        492,
        199,
        297,
        469,
        91,
        134,
        157,
        413,
        328,
        437,
        341,
        47,
        439,
        421,
        80,
        332,
        44,
        49,
        104,
        429,
        195,
        360,
        83,
        468,
        319,
        92,
        426,
        20,
        167,
        78,
        234,
        215,
        473,
        316,
        367,
        11,
        401,
        124,
        448,
        101,
        357,
        143,
        436,
        149,
        271,
        165,
        402,
        416,
        150,
        188,
        486,
        352,
        190,
        18,
        206,
        26,
        309,
        186,
        395,
        449,
        300,
        27,
        138,
        140,
        68,
        249,
        286,
        453,
        51,
        306,
        231,
        268,
        255,
        136,
        422,
        471,
        311,
        394,
        163,
        232,
        242,
        373,
        152,
        267,
        147,
        184,
        5,
        54,
        467,
        459,
        454,
        450,
        109,
        256,
        217,
        474,
        279,
        192,
        351,
        398,
        466,
        182,
        105,
        388,
        213,
        400,
        86,
        245,
        427,
        145,
        7,
        33,
        408,
        404,
        159,
        343,
        382,
        116,
        204,
        386,
        314,
        464,
        1,
        497,
        465,
        498,
        258,
        239,
        142,
        424,
        278,
        403,
        276,
        412,
        331,
        114,
        322,
        151,
        89,
        247,
        59,
        362,
        349,
        228,
        334,
        323,
        202,
        50,
        15,
        99,
        273,
        496,
        88,
        226,
        326,
        307,
        431,
        223,
        227,
        38,
        65,
        263,
        32,
        499,
        187,
        28,
        363,
        305,
        238,
        46,
        310,
        312,
        9,
        252,
        478,
        62,
        148,
        285,
        64,
        488,
        288,
        29,
        423,
        477,
        414,
        137,
        355,
        84,
        41,
        350,
        348,
        389,
        495,
        95,
        121,
        375,
        303,
        290,
        141,
        241,
        444,
        207,
        36,
        233,
        370,
        289,
        246,
        155,
        479,
        315,
        183,
        308,
        180,
        342,
        359,
        287,
        169,
        164,
        293,
        85,
        387,
        191,
        237,
        280,
        327,
        236,
        75,
        430,
        369,
        390,
        76,
        339,
        250,
        432,
        295,
        174,
        125,
        115,
        447,
        407,
        130,
        8,
        107,
        4,
        480,
        396,
        361,
        10,
        364,
        415,
        378,
        435,
        58,
        113,
        61,
        128,
        21,
        356,
        205,
        171,
        275,
        52,
        100,
        329,
        166,
        283,
        203,
        365,
        330,
        57,
        354,
        112,
        119,
        461,
        126,
        264,
        63,
        208,
        376,
        16,
        472,
        173,
        127,
        222,
        73,
        347,
        346,
        221,
        25,
        451,
        399,
        17,
        60,
        384,
        302,
        440,
        335,
        110,
        168,
        93,
        82,
        154,
        374,
        494,
        476,
        261,
        493,
        48,
        320,
        410,
        37,
        372,
        156,
        161,
        333,
        12,
        392,
        185,
        30,
        218,
        135,
        0,
        6,
        336,
        338,
        358,
        313,
        35,
        66,
        463,
        277,
        304,
        53,
        260,
        441,
        209,
        74,
        462,
        24,
        235,
        324,
        2,
        90,
        458,
        455,
        42,
        301,
        269,
        385,
        160,
        129,
        446,
        291,
        96,
        103,
        193,
        123,
        248,
        200,
        405,
        197,
        380,
        442,
        56,
        259,
        272,
        98,
        251,
        31,
        19,
        296,
        340,
        344,
        418,
        120,
        3,
        433,
        179,
        443,
        23,
        106,
        45,
        391,
        428,
        146,
        240,
        175,
        483,
        132,
        265,
        371,
        445,
        225,
        489,
        122,
        325,
        243,
        97,
        224,
        368,
        452,
        253,
        321,
        292,
        484,
        43,
        201,
        219,
        266,
        274,
        158,
        470,
        379,
        383,
        475,
        270,
        397,
        417,
        170,
        176,
        294,
        317,
        393,
        457,
        69,
        318,
        257,
        198,
        282,
        460,
        194,
        419,
        178,
        420,
        381,
        117,
        212,
        14,
        131,
        377,
        281,
        345,
        211,
        456,
        487,
        230,
        77,
        482,
        144,
        337,
        284,
        406,
        490,
        262,
        425,
        70,
        22,
        133,
        210,
        491,
        411,
        299,
        177,
        79,
        409,
        153,
        353,
        254,
        34,
        485,
        220,
        118,
        189,
        94,
        55,
        87,
        40,
        162,
        434,
        39,
        298,
        366,
        481,
        229,
        214,
        181,
        172,
        81,
        13,
        438,
        196,
        72,
        244,
        111,
        71,
        216,
        139,
        102,
        108,
        67
    ],
    "Nb of functions evaluations": 400020,
    "Computational time in seconds": 1765.7583494186401,
    "Stopping criterion in evaluations": 400000
}