26° run output:
{
    "Function": "kroA500.tsp",
    "Problem dimension": [
        386,
        332,
        117,
        11,
        487,
        197,
        431,
        163,
        150,
        85,
        414,
        29,
        442,
        409,
        261,
        0,
        110,
        140,
        455,
        250,
        452,
        398,
        353,
        189,
        87,
        307,
        90,
        73,
        103,
        155,
        271,
        209,
        181,
        67,
        383,
        175,
        149,
        403,
        102,
        138,
        72,
        229,
        69,
        296,
        310,
        218,
        210,
        309,
        199,
        201,
        274,
        188,
        283,
        214,
        312,
        340,
        148,
        206,
        337,
        453,
        123,
        164,
        61,
        297,
        313,
        176,
        12,
        60,
        58,
        40,
        354,
        349,
        115,
        34,
        345,
        342,
        71,
        268,
        28,
        62,
        290,
        363,
        493,
        269,
        388,
        270,
        435,
        204,
        192,
        305,
        264,
        224,
        127,
        434,
        18,
        3,
        436,
        30,
        126,
        228,
        497,
        402,
        171,
        220,
        213,
        302,
        279,
        141,
        382,
        257,
        408,
        390,
        178,
        212,
        335,
        92,
        461,
        156,
        70,
        167,
        336,
        133,
        223,
        97,
        109,
        373,
        100,
        77,
        420,
        9,
        322,
        413,
        278,
        395,
        445,
        78,
        462,
        244,
        54,
        416,
        405,
        161,
        439,
        288,
        129,
        4,
        255,
        101,
        39,
        51,
        200,
        324,
        472,
        428,
        22,
        177,
        357,
        88,
        328,
        430,
        311,
        221,
        13,
        366,
        119,
        314,
        392,
        134,
        217,
        448,
        194,
        352,
        470,
        130,
        286,
        111,
        362,
        412,
        63,
        494,
        66,
        86,
        315,
        6,
        476,
        449,
        396,
        98,
        1,
        183,
        490,
        495,
        481,
        211,
        289,
        65,
        50,
        15,
        482,
        399,
        230,
        173,
        404,
        159,
        55,
        295,
        137,
        308,
        237,
        433,
        443,
        56,
        91,
        291,
        327,
        125,
        485,
        365,
        260,
        441,
        44,
        20,
        460,
        491,
        350,
        267,
        348,
        317,
        203,
        389,
        303,
        387,
        7,
        21,
        478,
        96,
        245,
        375,
        266,
        464,
        417,
        318,
        298,
        341,
        437,
        276,
        205,
        83,
        157,
        358,
        23,
        333,
        397,
        41,
        372,
        263,
        48,
        287,
        95,
        275,
        444,
        370,
        488,
        256,
        52,
        456,
        139,
        94,
        463,
        334,
        285,
        281,
        477,
        49,
        343,
        338,
        465,
        38,
        113,
        361,
        165,
        128,
        401,
        235,
        424,
        31,
        35,
        393,
        19,
        300,
        451,
        457,
        186,
        89,
        236,
        469,
        242,
        447,
        24,
        374,
        227,
        144,
        459,
        371,
        2,
        438,
        446,
        246,
        99,
        356,
        380,
        347,
        489,
        320,
        475,
        234,
        407,
        282,
        440,
        479,
        47,
        136,
        107,
        122,
        473,
        423,
        170,
        25,
        247,
        108,
        5,
        474,
        280,
        319,
        37,
        492,
        346,
        379,
        284,
        152,
        174,
        277,
        172,
        16,
        326,
        145,
        57,
        74,
        46,
        251,
        258,
        344,
        131,
        196,
        384,
        450,
        187,
        377,
        202,
        355,
        381,
        45,
        454,
        232,
        385,
        400,
        498,
        121,
        135,
        243,
        191,
        17,
        146,
        378,
        198,
        421,
        151,
        104,
        429,
        195,
        316,
        75,
        339,
        42,
        225,
        486,
        367,
        233,
        483,
        185,
        325,
        331,
        294,
        112,
        422,
        180,
        415,
        248,
        359,
        193,
        480,
        76,
        238,
        147,
        142,
        208,
        240,
        79,
        411,
        143,
        471,
        168,
        265,
        216,
        182,
        299,
        33,
        239,
        26,
        226,
        253,
        158,
        116,
        329,
        231,
        376,
        132,
        419,
        53,
        179,
        64,
        426,
        153,
        272,
        160,
        466,
        293,
        369,
        351,
        427,
        36,
        59,
        68,
        105,
        222,
        468,
        114,
        458,
        81,
        418,
        301,
        321,
        323,
        106,
        467,
        249,
        190,
        425,
        252,
        120,
        484,
        273,
        10,
        207,
        93,
        219,
        84,
        8,
        259,
        391,
        215,
        154,
        14,
        166,
        330,
        124,
        410,
        360,
        82,
        496,
        304,
        432,
        184,
        368,
        306,
        292,
        169,
        118,
        499,
        364,
        241,
        43,
        80,
        27,
        394,
        254,
        262,
        406,
        32,
        162
    ],
    "Global Optimum": 0,
    "Algorithm": "Genetic algorithm",
    "Parameters": {
        "population": 30,
        "offspring": 30,
        "mutation probability": 0.002,
        "crossover probability": 0.9
    },
    "Fitness": 537901,
    "Solution": [
        386,
        332,
        117,
        11,
        487,
        197,
        431,
        163,
        150,
        85,
        414,
        29,
        442,
        409,
        261,
        0,
        110,
        140,
        455,
        250,
        452,
        398,
        353,
        189,
        87,
        307,
        90,
        73,
        103,
        155,
        271,
        209,
        181,
        67,
        383,
        175,
        149,
        403,
        102,
        138,
        72,
        229,
        69,
        296,
        310,
        218,
        210,
        309,
        199,
        201,
        274,
        188,
        283,
        214,
        312,
        340,
        148,
        206,
        337,
        453,
        123,
        164,
        61,
        297,
        313,
        176,
        12,
        60,
        58,
        40,
        354,
        349,
        115,
        34,
        345,
        342,
        71,
        268,
        28,
        62,
        290,
        363,
        493,
        269,
        388,
        270,
        435,
        204,
        192,
        305,
        264,
        224,
        127,
        434,
        18,
        3,
        436,
        30,
        126,
        228,
        497,
        402,
        171,
        220,
        213,
        302,
        279,
        141,
        382,
        257,
        408,
        390,
        178,
        212,
        335,
        92,
        461,
        156,
        70,
        167,
        336,
        133,
        223,
        97,
        109,
        373,
        100,
        77,
        420,
        9,
        322,
        413,
        278,
        395,
        445,
        78,
        462,
        244,
        54,
        416,
        405,
        161,
        439,
        288,
        129,
        4,
        255,
        101,
        39,
        51,
        200,
        324,
        472,
        428,
        22,
        177,
        357,
        88,
        328,
        430,
        311,
        221,
        13,
        366,
        119,
        314,
        392,
        134,
        217,
        448,
        194,
        352,
        470,
        130,
        286,
        111,
        362,
        412,
        63,
        494,
        66,
        86,
        315,
        6,
        476,
        449,
        396,
        98,
        1,
        183,
        490,
        495,
        481,
        211,
        289,
        65,
        50,
        15,
        482,
        399,
        230,
        173,
        404,
        159,
        55,
        295,
        137,
        308,
        237,
        433,
        443,
        56,
        91,
        291,
        327,
        125,
        485,
        365,
        260,
        441,
        44,
        20,
        460,
        491,
        350,
        267,
        348,
        317,
        203,
        389,
        303,
        387,
        7,
        21,
        478,
        96,
        245,
        375,
        266,
        464,
        417,
        318,
        298,
        341,
        437,
        276,
        205,
        83,
        157,
        358,
        23,
        333,
        397,
        41,
        372,
        263,
        48,
        287,
        95,
        275,
        444,
        370,
        488,
        256,
        52,
        456,
        139,
        94,
        463,
        334,
        285,
        281,
        477,
        49,
        343,
        338,
        465,
        38,
        113,
        361,
        165,
        128,
        401,
        235,
        424,
        31,
        35,
        393,
        19,
        300,
        451,
        457,
        186,
        89,
        236,
        469,
        242,
        447,
        24,
        374,
        227,
        144,
        459,
        371,
        2,
        438,
        446,
        246,
        99,
        356,
        380,
        347,
        489,
        320,
        475,
        234,
        407,
        282,
        440,
        479,
        47,
        136,
        107,
        122,
        473,
        423,
        170,
        25,
        247,
        108,
        5,
        474,
        280,
        319,
        37,
        492,
        346,
        379,
        284,
        152,
        174,
        277,
        172,
        16,
        326,
        145,
        57,
        74,
        46,
        251,
        258,
        344,
        131,
        196,
        384,
        450,
        187,
        377,
        202,
        355,
        381,
        45,
        454,
        232,
        385,
        400,
        498,
        121,
        135,
        243,
        191,
        17,
        146,
        378,
        198,
        421,
        151,
        104,
        429,
        195,
        316,
        75,
        339,
        42,
        225,
        486,
        367,
        233,
        483,
        185,
        325,
        331,
        294,
        112,
        422,
        180,
        415,
        248,
        359,
        193,
        480,
        76,
        238,
        147,
        142,
        208,
        240,
        79,
        411,
        143,
        471,
        168,
        265,
        216,
        182,
        299,
        33,
        239,
        26,
        226,
        253,
        158,
        116,
        329,
        231,
        376,
        132,
        419,
        53,
        179,
        64,
        426,
        153,
        272,
        160,
        466,
        293,
        369,
        351,
        427,
        36,
        59,
        68,
        105,
        222,
        468,
        114,
        458,
        81,
        418,
        301,
        321,
        323,
        106,
        467,
        249,
        190,
        425,
        252,
        120,
        484,
        273,
        10,
        207,
        93,
        219,
        84,
        8,
        259,
        391,
        215,
        154,
        14,
        166,
        330,
        124,
        410,
        360,
        82,
        496,
        304,
        432,
        184,
        368,
        306,
        292,
        169,
        118,
        499,
        364,
        241,
        43,
        80,
        27,
        394,
        254,
        262,
        406,
        32,
        162
    ],
    "Nb of functions evaluations": 400020,
    "Computational time in seconds": 1947.8570883274078,
    "Stopping criterion in evaluations": 400000
}