28° run output:
{
    "Function": "kroA500.tsp",
    "Problem dimension": [
        373,
        384,
        130,
        245,
        447,
        425,
        385,
        150,
        67,
        163,
        153,
        431,
        477,
        147,
        214,
        436,
        231,
        468,
        15,
        306,
        103,
        327,
        10,
        83,
        454,
        339,
        26,
        242,
        267,
        133,
        289,
        2,
        120,
        106,
        318,
        293,
        368,
        148,
        22,
        223,
        87,
        294,
        156,
        128,
        42,
        233,
        329,
        457,
        478,
        462,
        489,
        217,
        304,
        55,
        422,
        175,
        272,
        458,
        97,
        288,
        481,
        292,
        391,
        453,
        23,
        115,
        400,
        344,
        479,
        261,
        215,
        428,
        340,
        141,
        58,
        296,
        459,
        460,
        361,
        200,
        166,
        204,
        56,
        3,
        237,
        84,
        189,
        362,
        386,
        466,
        376,
        374,
        475,
        203,
        375,
        251,
        433,
        224,
        34,
        24,
        488,
        390,
        142,
        149,
        305,
        424,
        236,
        29,
        226,
        247,
        354,
        138,
        346,
        221,
        59,
        499,
        108,
        239,
        268,
        117,
        14,
        78,
        181,
        369,
        219,
        314,
        69,
        483,
        480,
        191,
        48,
        322,
        423,
        102,
        349,
        452,
        94,
        40,
        336,
        177,
        342,
        76,
        441,
        88,
        222,
        30,
        417,
        124,
        145,
        119,
        49,
        280,
        295,
        252,
        152,
        45,
        416,
        180,
        435,
        395,
        74,
        46,
        53,
        220,
        118,
        35,
        398,
        172,
        75,
        90,
        101,
        169,
        474,
        461,
        276,
        208,
        216,
        290,
        345,
        129,
        299,
        496,
        126,
        155,
        18,
        62,
        341,
        389,
        206,
        6,
        387,
        319,
        173,
        451,
        171,
        443,
        444,
        139,
        211,
        350,
        281,
        70,
        325,
        183,
        445,
        378,
        356,
        187,
        178,
        31,
        107,
        429,
        20,
        176,
        198,
        12,
        143,
        71,
        381,
        328,
        419,
        250,
        157,
        320,
        364,
        497,
        388,
        240,
        95,
        493,
        123,
        438,
        312,
        162,
        353,
        300,
        399,
        43,
        121,
        165,
        257,
        439,
        227,
        199,
        455,
        266,
        234,
        465,
        383,
        109,
        135,
        275,
        259,
        412,
        244,
        235,
        414,
        473,
        307,
        450,
        285,
        286,
        420,
        282,
        495,
        485,
        404,
        324,
        86,
        96,
        228,
        326,
        1,
        430,
        313,
        471,
        432,
        47,
        207,
        65,
        335,
        464,
        61,
        85,
        411,
        366,
        467,
        421,
        146,
        11,
        249,
        401,
        494,
        394,
        246,
        382,
        100,
        229,
        186,
        0,
        409,
        392,
        131,
        21,
        316,
        357,
        201,
        54,
        182,
        36,
        230,
        315,
        256,
        122,
        190,
        114,
        355,
        456,
        396,
        32,
        127,
        132,
        82,
        140,
        19,
        160,
        277,
        194,
        89,
        309,
        274,
        93,
        265,
        311,
        410,
        195,
        151,
        170,
        57,
        487,
        28,
        60,
        470,
        161,
        476,
        367,
        212,
        41,
        413,
        371,
        380,
        291,
        442,
        188,
        179,
        174,
        351,
        418,
        317,
        81,
        77,
        218,
        402,
        434,
        486,
        154,
        27,
        372,
        426,
        397,
        66,
        271,
        358,
        360,
        323,
        91,
        225,
        437,
        44,
        415,
        379,
        98,
        407,
        405,
        254,
        347,
        302,
        63,
        297,
        330,
        134,
        116,
        359,
        51,
        158,
        164,
        498,
        17,
        484,
        193,
        105,
        348,
        111,
        5,
        321,
        168,
        491,
        370,
        210,
        448,
        463,
        113,
        73,
        248,
        196,
        440,
        9,
        273,
        258,
        159,
        278,
        136,
        184,
        482,
        298,
        241,
        4,
        343,
        33,
        334,
        72,
        213,
        303,
        279,
        393,
        472,
        39,
        25,
        331,
        185,
        7,
        403,
        332,
        125,
        92,
        406,
        52,
        284,
        137,
        110,
        197,
        13,
        50,
        377,
        269,
        263,
        283,
        270,
        64,
        427,
        104,
        37,
        338,
        365,
        264,
        167,
        260,
        202,
        469,
        144,
        262,
        408,
        112,
        79,
        68,
        253,
        301,
        255,
        16,
        38,
        333,
        238,
        337,
        8,
        192,
        308,
        363,
        287,
        490,
        205,
        446,
        449,
        232,
        99,
        80,
        243,
        352,
        209,
        310,
        492
    ],
    "Global Optimum": 0,
    "Algorithm": "Genetic algorithm",
    "Parameters": {
        "population": 30,
        "offspring": 30,
        "mutation probability": 0.002,
        "crossover probability": 0.9
    },
    "Fitness": 519165,
    "Solution": [
        373,
        384,
        130,
        245,
        447,
        425,
        385,
        150,
        67,
        163,
        153,
        431,
        477,
        147,
        214,
        436,
        231,
        468,
        15,
        306,
        103,
        327,
        10,
        83,
        454,
        339,
        26,
        242,
        267,
        133,
        289,
        2,
        120,
        106,
        318,
        293,
        368,
        148,
        22,
        223,
        87,
        294,
        156,
        128,
        42,
        233,
        329,
        457,
        478,
        462,
        489,
        217,
        304,
        55,
        422,
        175,
        272,
        458,
        97,
        288,
        481,
        292,
        391,
        453,
        23,
        115,
        400,
        344,
        479,
        261,
        215,
        428,
        340,
        141,
        58,
        296,
        459,
        460,
        361,
        200,
        166,
        204,
        56,
        3,
        237,
        84,
        189,
        362,
        386,
        466,
        376,
        374,
        475,
        203,
        375,
        251,
        433,
        224,
        34,
        24,
        488,
        390,
        142,
        149,
        305,
        424,
        236,
        29,
        226,
        247,
        354,
        138,
        346,
        221,
        59,
        499,
        108,
        239,
        268,
        117,
        14,
        78,
        181,
        369,
        219,
        314,
        69,
        483,
        480,
        191,
        48,
        322,
        423,
        102,
        349,
        452,
        94,
        40,
        336,
        177,
        342,
        76,
        441,
        88,
        222,
        30,
        417,
        124,
        145,
        119,
        49,
        280,
        295,
        252,
        152,
        45,
        416,
        180,
        435,
        395,
        74,
        46,
        53,
        220,
        118,
        35,
        398,
        172,
        75,
        90,
        101,
        169,
        474,
        461,
        276,
        208,
        216,
        290,
        345,
        129,
        299,
        496,
        126,
        155,
        18,
        62,
        341,
        389,
        206,
        6,
        387,
        319,
        173,
        451,
        171,
        443,
        444,
        139,
        211,
        350,
        281,
        70,
        325,
        183,
        445,
        378,
        356,
        187,
        178,
        31,
        107,
        429,
        20,
        176,
        198,
        12,
        143,
        71,
        381,
        328,
        419,
        250,
        157,
        320,
        364,
        497,
        388,
        240,
        95,
        493,
        123,
        438,
        312,
        162,
        353,
        300,
        399,
        43,
        121,
        165,
        257,
        439,
        227,
        199,
        455,
        266,
        234,
        465,
        383,
        109,
        135,
        275,
        259,
        412,
        244,
        235,
        414,
        473,
        307,
        450,
        285,
        286,
        420,
        282,
        495,
        485,
        404,
        324,
        86,
        96,
        228,
        326,
        1,
        430,
        313,
        471,
        432,
        47,
        207,
        65,
        335,
        464,
        61,
        85,
        411,
        366,
        467,
        421,
        146,
        11,
        249,
        401,
        494,
        394,
        246,
        382,
        100,
        229,
        186,
        0,
        409,
        392,
        131,
        21,
        316,
        357,
        201,
        54,
        182,
        36,
        230,
        315,
        256,
        122,
        190,
        114,
        355,
        456,
        396,
        32,
        127,
        132,
        82,
        140,
        19,
        160,
        277,
        194,
        89,
        309,
        274,
        93,
        265,
        311,
        410,
        195,
        151,
        170,
        57,
        487,
        28,
        60,
        470,
        161,
        476,
        367,
        212,
        41,
        413,
        371,
        380,
        291,
        442,
        188,
        179,
        174,
        351,
        418,
        317,
        81,
        77,
        218,
        402,
        434,
        486,
        154,
        27,
        372,
        426,
        397,
        66,
        271,
        358,
        360,
        323,
        91,
        225,
        437,
        44,
        415,
        379,
        98,
        407,
        405,
        254,
        347,
        302,
        63,
        297,
        330,
        134,
        116,
        359,
        51,
        158,
        164,
        498,
        17,
        484,
        193,
        105,
        348,
        111,
        5,
        321,
        168,
        491,
        370,
        210,
        448,
        463,
        113,
        73,
        248,
        196,
        440,
        9,
        273,
        258,
        159,
        278,
        136,
        184,
        482,
        298,
        241,
        4,
        343,
        33,
        334,
        72,
        213,
        303,
        279,
        393,
        472,
        39,
        25,
        331,
        185,
        7,
        403,
        332,
        125,
        92,
        406,
        52,
        284,
        137,
        110,
        197,
        13,
        50,
        377,
        269,
        263,
        283,
        270,
        64,
        427,
        104,
        37,
        338,
        365,
        264,
        167,
        260,
        202,
        469,
        144,
        262,
        408,
        112,
        79,
        68,
        253,
        301,
        255,
        16,
        38,
        333,
        238,
        337,
        8,
        192,
        308,
        363,
        287,
        490,
        205,
        446,
        449,
        232,
        99,
        80,
        243,
        352,
        209,
        310,
        492
    ],
    "Nb of functions evaluations": 400020,
    "Computational time in seconds": 1932.5435383319855,
    "Stopping criterion in evaluations": 400000
}