2° run output:
{
    "Function": "kroA500.tsp",
    "Problem dimension": [
        116,
        269,
        234,
        13,
        485,
        178,
        205,
        301,
        27,
        492,
        374,
        199,
        29,
        357,
        317,
        204,
        150,
        424,
        471,
        419,
        367,
        226,
        247,
        85,
        33,
        292,
        98,
        38,
        299,
        255,
        488,
        461,
        350,
        305,
        73,
        126,
        495,
        240,
        211,
        93,
        75,
        55,
        311,
        443,
        336,
        458,
        209,
        172,
        106,
        24,
        326,
        97,
        297,
        491,
        139,
        459,
        267,
        397,
        176,
        324,
        433,
        441,
        328,
        213,
        400,
        43,
        123,
        183,
        31,
        479,
        263,
        235,
        331,
        387,
        231,
        425,
        64,
        136,
        409,
        157,
        108,
        452,
        69,
        469,
        156,
        362,
        370,
        467,
        158,
        60,
        42,
        465,
        50,
        187,
        401,
        210,
        293,
        257,
        422,
        277,
        410,
        372,
        141,
        203,
        291,
        19,
        74,
        221,
        188,
        10,
        101,
        408,
        41,
        489,
        57,
        215,
        259,
        207,
        241,
        223,
        439,
        82,
        76,
        431,
        1,
        345,
        455,
        281,
        151,
        128,
        497,
        195,
        140,
        142,
        402,
        68,
        12,
        26,
        466,
        87,
        54,
        474,
        248,
        11,
        378,
        418,
        274,
        208,
        112,
        90,
        442,
        66,
        217,
        53,
        238,
        102,
        404,
        84,
        478,
        351,
        81,
        391,
        493,
        15,
        381,
        252,
        352,
        144,
        392,
        216,
        279,
        472,
        244,
        388,
        437,
        313,
        20,
        460,
        364,
        47,
        95,
        384,
        481,
        105,
        406,
        190,
        16,
        145,
        394,
        168,
        167,
        360,
        89,
        475,
        192,
        389,
        354,
        349,
        477,
        341,
        420,
        333,
        417,
        79,
        254,
        71,
        104,
        224,
        34,
        347,
        130,
        463,
        411,
        143,
        310,
        450,
        329,
        298,
        83,
        146,
        266,
        262,
        403,
        175,
        201,
        214,
        250,
        92,
        322,
        413,
        166,
        22,
        67,
        155,
        99,
        70,
        184,
        430,
        194,
        414,
        318,
        260,
        124,
        119,
        270,
        230,
        173,
        191,
        366,
        40,
        272,
        161,
        218,
        52,
        377,
        80,
        7,
        4,
        177,
        202,
        164,
        412,
        56,
        196,
        65,
        62,
        18,
        109,
        258,
        251,
        125,
        359,
        118,
        319,
        282,
        375,
        283,
        415,
        286,
        487,
        137,
        232,
        342,
        129,
        131,
        320,
        111,
        494,
        363,
        365,
        386,
        28,
        25,
        284,
        427,
        78,
        256,
        416,
        486,
        464,
        138,
        294,
        273,
        165,
        35,
        278,
        288,
        37,
        382,
        96,
        182,
        309,
        88,
        3,
        358,
        149,
        246,
        325,
        117,
        135,
        8,
        295,
        393,
        100,
        368,
        405,
        21,
        94,
        58,
        498,
        287,
        327,
        174,
        271,
        379,
        280,
        344,
        296,
        339,
        385,
        373,
        91,
        470,
        242,
        476,
        110,
        249,
        483,
        181,
        376,
        154,
        170,
        147,
        290,
        480,
        228,
        61,
        49,
        321,
        44,
        312,
        220,
        383,
        86,
        77,
        17,
        490,
        484,
        323,
        127,
        285,
        300,
        453,
        237,
        193,
        121,
        457,
        9,
        179,
        303,
        335,
        289,
        398,
        496,
        265,
        429,
        39,
        440,
        23,
        51,
        346,
        48,
        152,
        275,
        171,
        212,
        356,
        499,
        268,
        421,
        46,
        426,
        454,
        434,
        337,
        0,
        343,
        253,
        185,
        264,
        276,
        133,
        236,
        395,
        315,
        449,
        160,
        338,
        369,
        59,
        186,
        462,
        340,
        169,
        113,
        304,
        225,
        436,
        229,
        219,
        180,
        302,
        162,
        198,
        473,
        307,
        448,
        423,
        227,
        334,
        330,
        308,
        5,
        314,
        348,
        63,
        115,
        32,
        407,
        163,
        396,
        148,
        380,
        456,
        371,
        432,
        233,
        30,
        197,
        36,
        114,
        134,
        444,
        482,
        6,
        438,
        72,
        132,
        390,
        316,
        122,
        239,
        435,
        261,
        353,
        14,
        361,
        206,
        355,
        189,
        447,
        245,
        445,
        468,
        446,
        243,
        107,
        306,
        399,
        45,
        120,
        332,
        103,
        200,
        159,
        153,
        222,
        2,
        428,
        451
    ],
    "Global Optimum": 0,
    "Algorithm": "Genetic algorithm",
    "Parameters": {
        "population": 30,
        "offspring": 30,
        "mutation probability": 0.002,
        "crossover probability": 0.9
    },
    "Fitness": 496166,
    "Solution": [
        116,
        269,
        234,
        13,
        485,
        178,
        205,
        301,
        27,
        492,
        374,
        199,
        29,
        357,
        317,
        204,
        150,
        424,
        471,
        419,
        367,
        226,
        247,
        85,
        33,
        292,
        98,
        38,
        299,
        255,
        488,
        461,
        350,
        305,
        73,
        126,
        495,
        240,
        211,
        93,
        75,
        55,
        311,
        443,
        336,
        458,
        209,
        172,
        106,
        24,
        326,
        97,
        297,
        491,
        139,
        459,
        267,
        397,
        176,
        324,
        433,
        441,
        328,
        213,
        400,
        43,
        123,
        183,
        31,
        479,
        263,
        235,
        331,
        387,
        231,
        425,
        64,
        136,
        409,
        157,
        108,
        452,
        69,
        469,
        156,
        362,
        370,
        467,
        158,
        60,
        42,
        465,
        50,
        187,
        401,
        210,
        293,
        257,
        422,
        277,
        410,
        372,
        141,
        203,
        291,
        19,
        74,
        221,
        188,
        10,
        101,
        408,
        41,
        489,
        57,
        215,
        259,
        207,
        241,
        223,
        439,
        82,
        76,
        431,
        1,
        345,
        455,
        281,
        151,
        128,
        497,
        195,
        140,
        142,
        402,
        68,
        12,
        26,
        466,
        87,
        54,
        474,
        248,
        11,
        378,
        418,
        274,
        208,
        112,
        90,
        442,
        66,
        217,
        53,
        238,
        102,
        404,
        84,
        478,
        351,
        81,
        391,
        493,
        15,
        381,
        252,
        352,
        144,
        392,
        216,
        279,
        472,
        244,
        388,
        437,
        313,
        20,
        460,
        364,
        47,
        95,
        384,
        481,
        105,
        406,
        190,
        16,
        145,
        394,
        168,
        167,
        360,
        89,
        475,
        192,
        389,
        354,
        349,
        477,
        341,
        420,
        333,
        417,
        79,
        254,
        71,
        104,
        224,
        34,
        347,
        130,
        463,
        411,
        143,
        310,
        450,
        329,
        298,
        83,
        146,
        266,
        262,
        403,
        175,
        201,
        214,
        250,
        92,
        322,
        413,
        166,
        22,
        67,
        155,
        99,
        70,
        184,
        430,
        194,
        414,
        318,
        260,
        124,
        119,
        270,
        230,
        173,
        191,
        366,
        40,
        272,
        161,
        218,
        52,
        377,
        80,
        7,
        4,
        177,
        202,
        164,
        412,
        56,
        196,
        65,
        62,
        18,
        109,
        258,
        251,
        125,
        359,
        118,
        319,
        282,
        375,
        283,
        415,
        286,
        487,
        137,
        232,
        342,
        129,
        131,
        320,
        111,
        494,
        363,
        365,
        386,
        28,
        25,
        284,
        427,
        78,
        256,
        416,
        486,
        464,
        138,
        294,
        273,
        165,
        35,
        278,
        288,
        37,
        382,
        96,
        182,
        309,
        88,
        3,
        358,
        149,
        246,
        325,
        117,
        135,
        8,
        295,
        393,
        100,
        368,
        405,
        21,
        94,
        58,
        498,
        287,
        327,
        174,
        271,
        379,
        280,
        344,
        296,
        339,
        385,
        373,
        91,
        470,
        242,
        476,
        110,
        249,
        483,
        181,
        376,
        154,
        170,
        147,
        290,
        480,
        228,
        61,
        49,
        321,
        44,
        312,
        220,
        383,
        86,
        77,
        17,
        490,
        484,
        323,
        127,
        285,
        300,
        453,
        237,
        193,
        121,
        457,
        9,
        179,
        303,
        335,
        289,
        398,
        496,
        265,
        429,
        39,
        440,
        23,
        51,
        346,
        48,
        152,
        275,
        171,
        212,
        356,
        499,
        268,
        421,
        46,
        426,
        454,
        434,
        337,
        0,
        343,
        253,
        185,
        264,
        276,
        133,
        236,
        395,
        315,
        449,
        160,
        338,
        369,
        59,
        186,
        462,
        340,
        169,
        113,
        304,
        225,
        436,
        229,
        219,
        180,
        302,
        162,
        198,
        473,
        307,
        448,
        423,
        227,
        334,
        330,
        308,
        5,
        314,
        348,
        63,
        115,
        32,
        407,
        163,
        396,
        148,
        380,
        456,
        371,
        432,
        233,
        30,
        197,
        36,
        114,
        134,
        444,
        482,
        6,
        438,
        72,
        132,
        390,
        316,
        122,
        239,
        435,
        261,
        353,
        14,
        361,
        206,
        355,
        189,
        447,
        245,
        445,
        468,
        446,
        243,
        107,
        306,
        399,
        45,
        120,
        332,
        103,
        200,
        159,
        153,
        222,
        2,
        428,
        451
    ],
    "Nb of functions evaluations": 400020,
    "Computational time in seconds": 1757.143315076828,
    "Stopping criterion in evaluations": 400000
}