29° run output:
{
    "Function": "ClusterA100.tsp",
    "Problem dimension": [
        69,
        78,
        93,
        67,
        52,
        70,
        86,
        19,
        32,
        79,
        6,
        26,
        56,
        99,
        22,
        42,
        37,
        53,
        34,
        11,
        55,
        90,
        59,
        31,
        75,
        77,
        87,
        13,
        10,
        9,
        38,
        27,
        2,
        25,
        16,
        63,
        51,
        14,
        96,
        64,
        80,
        49,
        66,
        98,
        68,
        62,
        88,
        92,
        95,
        45,
        91,
        24,
        46,
        71,
        17,
        94,
        89,
        54,
        47,
        48,
        57,
        20,
        23,
        41,
        76,
        21,
        33,
        44,
        84,
        82,
        72,
        12,
        65,
        30,
        15,
        60,
        50,
        8,
        85,
        7,
        1,
        18,
        5,
        74,
        4,
        0,
        43,
        35,
        28,
        3,
        40,
        29,
        97,
        58,
        36,
        39,
        61,
        73,
        83,
        81
    ],
    "Global Optimum": 0,
    "Algorithm": "Genetic algorithm",
    "Parameters": {
        "population": 30,
        "offspring": 30,
        "mutation probability": 0.01,
        "crossover probability": 0.9
    },
    "Fitness": 84361,
    "Solution": [
        69,
        78,
        93,
        67,
        52,
        70,
        86,
        19,
        32,
        79,
        6,
        26,
        56,
        99,
        22,
        42,
        37,
        53,
        34,
        11,
        55,
        90,
        59,
        31,
        75,
        77,
        87,
        13,
        10,
        9,
        38,
        27,
        2,
        25,
        16,
        63,
        51,
        14,
        96,
        64,
        80,
        49,
        66,
        98,
        68,
        62,
        88,
        92,
        95,
        45,
        91,
        24,
        46,
        71,
        17,
        94,
        89,
        54,
        47,
        48,
        57,
        20,
        23,
        41,
        76,
        21,
        33,
        44,
        84,
        82,
        72,
        12,
        65,
        30,
        15,
        60,
        50,
        8,
        85,
        7,
        1,
        18,
        5,
        74,
        4,
        0,
        43,
        35,
        28,
        3,
        40,
        29,
        97,
        58,
        36,
        39,
        61,
        73,
        83,
        81
    ],
    "Nb of functions evaluations": 50010,
    "Computational time in seconds": 24.313056230545044,
    "Stopping criterion in evaluations": 50000
}