18° run output:
{
    "Function": "ClusterA100.tsp",
    "Problem dimension": [
        13,
        67,
        4,
        76,
        84,
        29,
        80,
        61,
        83,
        49,
        73,
        8,
        87,
        26,
        55,
        25,
        2,
        85,
        95,
        60,
        71,
        90,
        99,
        38,
        15,
        14,
        88,
        46,
        20,
        62,
        30,
        52,
        98,
        10,
        27,
        18,
        48,
        57,
        64,
        21,
        47,
        7,
        31,
        94,
        33,
        32,
        16,
        34,
        78,
        69,
        19,
        12,
        66,
        53,
        11,
        22,
        42,
        58,
        79,
        6,
        17,
        1,
        54,
        44,
        93,
        59,
        28,
        75,
        89,
        74,
        96,
        86,
        39,
        97,
        63,
        81,
        91,
        72,
        23,
        5,
        92,
        40,
        3,
        65,
        24,
        82,
        70,
        41,
        51,
        35,
        50,
        37,
        45,
        36,
        77,
        56,
        68,
        0,
        43,
        9
    ],
    "Global Optimum": 0,
    "Algorithm": "Genetic algorithm",
    "Parameters": {
        "population": 30,
        "offspring": 30,
        "mutation probability": 0.01,
        "crossover probability": 0.9
    },
    "Fitness": 89810,
    "Solution": [
        13,
        67,
        4,
        76,
        84,
        29,
        80,
        61,
        83,
        49,
        73,
        8,
        87,
        26,
        55,
        25,
        2,
        85,
        95,
        60,
        71,
        90,
        99,
        38,
        15,
        14,
        88,
        46,
        20,
        62,
        30,
        52,
        98,
        10,
        27,
        18,
        48,
        57,
        64,
        21,
        47,
        7,
        31,
        94,
        33,
        32,
        16,
        34,
        78,
        69,
        19,
        12,
        66,
        53,
        11,
        22,
        42,
        58,
        79,
        6,
        17,
        1,
        54,
        44,
        93,
        59,
        28,
        75,
        89,
        74,
        96,
        86,
        39,
        97,
        63,
        81,
        91,
        72,
        23,
        5,
        92,
        40,
        3,
        65,
        24,
        82,
        70,
        41,
        51,
        35,
        50,
        37,
        45,
        36,
        77,
        56,
        68,
        0,
        43,
        9
    ],
    "Nb of functions evaluations": 50010,
    "Computational time in seconds": 22.9250807762146,
    "Stopping criterion in evaluations": 50000
}