11° run output:
{
    "Function": "ClusterA100.tsp",
    "Problem dimension": [
        23,
        60,
        3,
        28,
        57,
        40,
        76,
        84,
        86,
        48,
        0,
        61,
        15,
        20,
        91,
        19,
        93,
        31,
        59,
        94,
        74,
        89,
        98,
        95,
        63,
        29,
        35,
        39,
        69,
        46,
        52,
        72,
        12,
        41,
        70,
        73,
        51,
        14,
        80,
        97,
        44,
        65,
        24,
        32,
        11,
        8,
        43,
        5,
        27,
        68,
        10,
        75,
        13,
        38,
        56,
        92,
        30,
        78,
        67,
        77,
        33,
        47,
        6,
        85,
        9,
        16,
        54,
        26,
        42,
        87,
        96,
        4,
        83,
        18,
        49,
        66,
        53,
        50,
        37,
        58,
        99,
        45,
        21,
        17,
        81,
        62,
        88,
        36,
        22,
        55,
        34,
        25,
        90,
        2,
        79,
        64,
        1,
        7,
        71,
        82
    ],
    "Global Optimum": 0,
    "Algorithm": "Genetic algorithm",
    "Parameters": {
        "population": 30,
        "offspring": 30,
        "mutation probability": 0.01,
        "crossover probability": 0.9
    },
    "Fitness": 81263,
    "Solution": [
        23,
        60,
        3,
        28,
        57,
        40,
        76,
        84,
        86,
        48,
        0,
        61,
        15,
        20,
        91,
        19,
        93,
        31,
        59,
        94,
        74,
        89,
        98,
        95,
        63,
        29,
        35,
        39,
        69,
        46,
        52,
        72,
        12,
        41,
        70,
        73,
        51,
        14,
        80,
        97,
        44,
        65,
        24,
        32,
        11,
        8,
        43,
        5,
        27,
        68,
        10,
        75,
        13,
        38,
        56,
        92,
        30,
        78,
        67,
        77,
        33,
        47,
        6,
        85,
        9,
        16,
        54,
        26,
        42,
        87,
        96,
        4,
        83,
        18,
        49,
        66,
        53,
        50,
        37,
        58,
        99,
        45,
        21,
        17,
        81,
        62,
        88,
        36,
        22,
        55,
        34,
        25,
        90,
        2,
        79,
        64,
        1,
        7,
        71,
        82
    ],
    "Nb of functions evaluations": 50010,
    "Computational time in seconds": 22.629230976104736,
    "Stopping criterion in evaluations": 50000
}