22° run output:
{
    "Function": "ClusterB500.tsp",
    "Problem dimension": [
        361,
        206,
        247,
        466,
        111,
        490,
        154,
        41,
        199,
        416,
        381,
        391,
        209,
        274,
        348,
        492,
        336,
        323,
        341,
        373,
        378,
        248,
        123,
        333,
        100,
        127,
        148,
        126,
        71,
        436,
        168,
        410,
        189,
        316,
        4,
        438,
        12,
        175,
        187,
        309,
        380,
        254,
        356,
        307,
        203,
        440,
        181,
        332,
        211,
        68,
        278,
        232,
        131,
        0,
        393,
        266,
        277,
        472,
        365,
        15,
        272,
        453,
        35,
        244,
        106,
        120,
        423,
        281,
        66,
        388,
        122,
        28,
        293,
        79,
        417,
        70,
        491,
        411,
        215,
        83,
        88,
        340,
        454,
        456,
        291,
        97,
        431,
        312,
        444,
        162,
        14,
        273,
        467,
        437,
        349,
        63,
        363,
        375,
        372,
        308,
        198,
        164,
        269,
        132,
        397,
        364,
        368,
        493,
        26,
        470,
        136,
        457,
        279,
        150,
        52,
        205,
        226,
        481,
        108,
        227,
        236,
        252,
        283,
        81,
        172,
        408,
        193,
        326,
        59,
        433,
        271,
        251,
        64,
        338,
        184,
        398,
        201,
        303,
        471,
        76,
        134,
        238,
        265,
        23,
        115,
        157,
        112,
        465,
        121,
        359,
        16,
        282,
        124,
        320,
        212,
        208,
        104,
        110,
        468,
        213,
        447,
        200,
        402,
        87,
        483,
        342,
        435,
        48,
        382,
        477,
        25,
        407,
        182,
        415,
        452,
        429,
        178,
        195,
        107,
        413,
        72,
        18,
        141,
        352,
        128,
        19,
        99,
        143,
        8,
        80,
        259,
        95,
        62,
        47,
        462,
        196,
        222,
        476,
        383,
        42,
        170,
        473,
        302,
        54,
        186,
        221,
        163,
        297,
        159,
        262,
        167,
        190,
        133,
        92,
        169,
        2,
        304,
        129,
        339,
        176,
        188,
        292,
        139,
        191,
        459,
        461,
        313,
        94,
        325,
        75,
        53,
        324,
        9,
        204,
        329,
        489,
        130,
        441,
        13,
        449,
        149,
        299,
        294,
        284,
        295,
        21,
        31,
        474,
        296,
        85,
        289,
        27,
        430,
        371,
        422,
        17,
        319,
        255,
        464,
        89,
        469,
        86,
        160,
        239,
        345,
        45,
        105,
        245,
        377,
        264,
        60,
        439,
        270,
        256,
        276,
        487,
        327,
        257,
        29,
        228,
        135,
        450,
        84,
        306,
        158,
        57,
        317,
        180,
        419,
        311,
        197,
        310,
        40,
        22,
        24,
        235,
        395,
        140,
        379,
        478,
        401,
        396,
        358,
        77,
        400,
        233,
        369,
        384,
        387,
        183,
        421,
        46,
        258,
        50,
        263,
        82,
        376,
        275,
        448,
        217,
        96,
        485,
        174,
        55,
        44,
        98,
        385,
        153,
        156,
        230,
        337,
        370,
        1,
        426,
        65,
        321,
        367,
        455,
        155,
        117,
        216,
        243,
        207,
        144,
        394,
        285,
        152,
        151,
        460,
        355,
        38,
        268,
        109,
        102,
        116,
        58,
        119,
        20,
        194,
        192,
        171,
        497,
        484,
        301,
        344,
        240,
        479,
        405,
        390,
        261,
        389,
        147,
        202,
        11,
        260,
        69,
        420,
        214,
        412,
        78,
        220,
        241,
        6,
        114,
        334,
        242,
        330,
        406,
        496,
        432,
        290,
        173,
        229,
        424,
        463,
        73,
        300,
        318,
        33,
        177,
        486,
        39,
        49,
        315,
        223,
        101,
        138,
        414,
        234,
        335,
        366,
        103,
        445,
        3,
        314,
        427,
        267,
        37,
        237,
        219,
        392,
        34,
        146,
        253,
        331,
        353,
        225,
        360,
        350,
        56,
        210,
        32,
        494,
        145,
        347,
        5,
        403,
        498,
        409,
        286,
        51,
        418,
        43,
        7,
        446,
        374,
        480,
        443,
        354,
        362,
        499,
        166,
        322,
        224,
        351,
        451,
        165,
        137,
        442,
        404,
        328,
        298,
        61,
        91,
        425,
        67,
        250,
        287,
        36,
        74,
        495,
        288,
        343,
        482,
        231,
        30,
        90,
        458,
        93,
        428,
        161,
        488,
        142,
        10,
        434,
        125,
        399,
        305,
        475,
        246,
        249,
        346,
        185,
        280,
        118,
        179,
        386,
        218,
        113,
        357
    ],
    "Global Optimum": 0,
    "Algorithm": "Genetic algorithm",
    "Parameters": {
        "population": 30,
        "offspring": 30,
        "mutation probability": 0.002,
        "crossover probability": 0.9
    },
    "Fitness": 690834,
    "Solution": [
        361,
        206,
        247,
        466,
        111,
        490,
        154,
        41,
        199,
        416,
        381,
        391,
        209,
        274,
        348,
        492,
        336,
        323,
        341,
        373,
        378,
        248,
        123,
        333,
        100,
        127,
        148,
        126,
        71,
        436,
        168,
        410,
        189,
        316,
        4,
        438,
        12,
        175,
        187,
        309,
        380,
        254,
        356,
        307,
        203,
        440,
        181,
        332,
        211,
        68,
        278,
        232,
        131,
        0,
        393,
        266,
        277,
        472,
        365,
        15,
        272,
        453,
        35,
        244,
        106,
        120,
        423,
        281,
        66,
        388,
        122,
        28,
        293,
        79,
        417,
        70,
        491,
        411,
        215,
        83,
        88,
        340,
        454,
        456,
        291,
        97,
        431,
        312,
        444,
        162,
        14,
        273,
        467,
        437,
        349,
        63,
        363,
        375,
        372,
        308,
        198,
        164,
        269,
        132,
        397,
        364,
        368,
        493,
        26,
        470,
        136,
        457,
        279,
        150,
        52,
        205,
        226,
        481,
        108,
        227,
        236,
        252,
        283,
        81,
        172,
        408,
        193,
        326,
        59,
        433,
        271,
        251,
        64,
        338,
        184,
        398,
        201,
        303,
        471,
        76,
        134,
        238,
        265,
        23,
        115,
        157,
        112,
        465,
        121,
        359,
        16,
        282,
        124,
        320,
        212,
        208,
        104,
        110,
        468,
        213,
        447,
        200,
        402,
        87,
        483,
        342,
        435,
        48,
        382,
        477,
        25,
        407,
        182,
        415,
        452,
        429,
        178,
        195,
        107,
        413,
        72,
        18,
        141,
        352,
        128,
        19,
        99,
        143,
        8,
        80,
        259,
        95,
        62,
        47,
        462,
        196,
        222,
        476,
        383,
        42,
        170,
        473,
        302,
        54,
        186,
        221,
        163,
        297,
        159,
        262,
        167,
        190,
        133,
        92,
        169,
        2,
        304,
        129,
        339,
        176,
        188,
        292,
        139,
        191,
        459,
        461,
        313,
        94,
        325,
        75,
        53,
        324,
        9,
        204,
        329,
        489,
        130,
        441,
        13,
        449,
        149,
        299,
        294,
        284,
        295,
        21,
        31,
        474,
        296,
        85,
        289,
        27,
        430,
        371,
        422,
        17,
        319,
        255,
        464,
        89,
        469,
        86,
        160,
        239,
        345,
        45,
        105,
        245,
        377,
        264,
        60,
        439,
        270,
        256,
        276,
        487,
        327,
        257,
        29,
        228,
        135,
        450,
        84,
        306,
        158,
        57,
        317,
        180,
        419,
        311,
        197,
        310,
        40,
        22,
        24,
        235,
        395,
        140,
        379,
        478,
        401,
        396,
        358,
        77,
        400,
        233,
        369,
        384,
        387,
        183,
        421,
        46,
        258,
        50,
        263,
        82,
        376,
        275,
        448,
        217,
        96,
        485,
        174,
        55,
        44,
        98,
        385,
        153,
        156,
        230,
        337,
        370,
        1,
        426,
        65,
        321,
        367,
        455,
        155,
        117,
        216,
        243,
        207,
        144,
        394,
        285,
        152,
        151,
        460,
        355,
        38,
        268,
        109,
        102,
        116,
        58,
        119,
        20,
        194,
        192,
        171,
        497,
        484,
        301,
        344,
        240,
        479,
        405,
        390,
        261,
        389,
        147,
        202,
        11,
        260,
        69,
        420,
        214,
        412,
        78,
        220,
        241,
        6,
        114,
        334,
        242,
        330,
        406,
        496,
        432,
        290,
        173,
        229,
        424,
        463,
        73,
        300,
        318,
        33,
        177,
        486,
        39,
        49,
        315,
        223,
        101,
        138,
        414,
        234,
        335,
        366,
        103,
        445,
        3,
        314,
        427,
        267,
        37,
        237,
        219,
        392,
        34,
        146,
        253,
        331,
        353,
        225,
        360,
        350,
        56,
        210,
        32,
        494,
        145,
        347,
        5,
        403,
        498,
        409,
        286,
        51,
        418,
        43,
        7,
        446,
        374,
        480,
        443,
        354,
        362,
        499,
        166,
        322,
        224,
        351,
        451,
        165,
        137,
        442,
        404,
        328,
        298,
        61,
        91,
        425,
        67,
        250,
        287,
        36,
        74,
        495,
        288,
        343,
        482,
        231,
        30,
        90,
        458,
        93,
        428,
        161,
        488,
        142,
        10,
        434,
        125,
        399,
        305,
        475,
        246,
        249,
        346,
        185,
        280,
        118,
        179,
        386,
        218,
        113,
        357
    ],
    "Nb of functions evaluations": 50010,
    "Computational time in seconds": 366.0437126159668,
    "Stopping criterion in evaluations": 50000
}