4° run output:
{
    "Function": "ClusterB500.tsp",
    "Problem dimension": [
        242,
        183,
        372,
        32,
        486,
        344,
        207,
        153,
        102,
        489,
        259,
        453,
        57,
        264,
        463,
        222,
        451,
        444,
        481,
        87,
        482,
        215,
        297,
        269,
        459,
        438,
        493,
        243,
        492,
        85,
        300,
        495,
        202,
        320,
        155,
        92,
        137,
        212,
        232,
        73,
        363,
        193,
        435,
        249,
        458,
        256,
        251,
        186,
        150,
        333,
        440,
        421,
        45,
        485,
        56,
        241,
        427,
        356,
        276,
        419,
        211,
        244,
        340,
        293,
        296,
        98,
        43,
        380,
        107,
        234,
        114,
        84,
        309,
        487,
        327,
        160,
        392,
        258,
        1,
        467,
        93,
        254,
        123,
        255,
        206,
        484,
        425,
        283,
        268,
        337,
        432,
        162,
        72,
        328,
        436,
        166,
        407,
        174,
        341,
        61,
        441,
        390,
        437,
        442,
        471,
        358,
        65,
        138,
        27,
        218,
        71,
        472,
        460,
        468,
        383,
        303,
        439,
        22,
        371,
        278,
        172,
        313,
        52,
        364,
        360,
        361,
        152,
        366,
        475,
        456,
        210,
        108,
        403,
        290,
        90,
        69,
        448,
        316,
        173,
        164,
        257,
        431,
        80,
        16,
        261,
        373,
        4,
        37,
        332,
        231,
        119,
        323,
        182,
        159,
        461,
        132,
        315,
        33,
        170,
        335,
        457,
        11,
        78,
        95,
        263,
        101,
        146,
        430,
        64,
        223,
        205,
        281,
        369,
        89,
        131,
        13,
        178,
        219,
        2,
        318,
        252,
        350,
        190,
        397,
        18,
        422,
        86,
        374,
        336,
        265,
        103,
        29,
        109,
        34,
        116,
        117,
        158,
        168,
        199,
        48,
        135,
        476,
        433,
        208,
        21,
        284,
        370,
        157,
        359,
        129,
        292,
        30,
        44,
        5,
        225,
        319,
        317,
        185,
        386,
        75,
        289,
        260,
        378,
        478,
        179,
        147,
        308,
        416,
        171,
        326,
        106,
        418,
        499,
        188,
        23,
        24,
        187,
        452,
        420,
        77,
        312,
        54,
        473,
        474,
        238,
        381,
        480,
        294,
        31,
        245,
        321,
        423,
        15,
        201,
        228,
        55,
        220,
        273,
        76,
        497,
        130,
        314,
        180,
        330,
        203,
        399,
        465,
        376,
        417,
        236,
        357,
        271,
        237,
        274,
        110,
        189,
        483,
        389,
        148,
        429,
        217,
        277,
        88,
        410,
        395,
        445,
        267,
        41,
        285,
        498,
        112,
        176,
        411,
        398,
        145,
        196,
        134,
        412,
        62,
        334,
        375,
        368,
        393,
        17,
        307,
        25,
        221,
        404,
        354,
        120,
        169,
        142,
        291,
        331,
        191,
        250,
        391,
        388,
        382,
        9,
        413,
        227,
        122,
        302,
        469,
        275,
        355,
        408,
        353,
        70,
        229,
        280,
        8,
        402,
        104,
        396,
        272,
        347,
        362,
        151,
        491,
        346,
        235,
        124,
        97,
        443,
        287,
        329,
        349,
        279,
        105,
        305,
        156,
        167,
        496,
        177,
        446,
        96,
        125,
        214,
        38,
        3,
        91,
        184,
        83,
        163,
        447,
        426,
        406,
        12,
        26,
        479,
        342,
        394,
        409,
        40,
        113,
        377,
        454,
        414,
        246,
        63,
        325,
        14,
        128,
        387,
        367,
        181,
        324,
        195,
        81,
        338,
        424,
        266,
        455,
        311,
        304,
        79,
        59,
        58,
        144,
        20,
        200,
        216,
        139,
        140,
        230,
        434,
        126,
        60,
        466,
        175,
        194,
        310,
        301,
        42,
        400,
        82,
        345,
        348,
        149,
        365,
        10,
        339,
        192,
        165,
        67,
        94,
        282,
        343,
        74,
        19,
        118,
        239,
        449,
        136,
        306,
        288,
        464,
        161,
        488,
        405,
        450,
        385,
        68,
        295,
        121,
        7,
        6,
        299,
        233,
        47,
        115,
        224,
        46,
        28,
        197,
        51,
        494,
        53,
        141,
        204,
        470,
        240,
        401,
        209,
        100,
        66,
        298,
        262,
        36,
        111,
        379,
        248,
        286,
        198,
        462,
        352,
        270,
        415,
        154,
        133,
        35,
        0,
        99,
        428,
        247,
        477,
        490,
        49,
        322,
        213,
        226,
        253,
        384,
        351,
        50,
        143,
        39,
        127
    ],
    "Global Optimum": 0,
    "Algorithm": "Genetic algorithm",
    "Parameters": {
        "population": 30,
        "offspring": 30,
        "mutation probability": 0.002,
        "crossover probability": 0.9
    },
    "Fitness": 698179,
    "Solution": [
        242,
        183,
        372,
        32,
        486,
        344,
        207,
        153,
        102,
        489,
        259,
        453,
        57,
        264,
        463,
        222,
        451,
        444,
        481,
        87,
        482,
        215,
        297,
        269,
        459,
        438,
        493,
        243,
        492,
        85,
        300,
        495,
        202,
        320,
        155,
        92,
        137,
        212,
        232,
        73,
        363,
        193,
        435,
        249,
        458,
        256,
        251,
        186,
        150,
        333,
        440,
        421,
        45,
        485,
        56,
        241,
        427,
        356,
        276,
        419,
        211,
        244,
        340,
        293,
        296,
        98,
        43,
        380,
        107,
        234,
        114,
        84,
        309,
        487,
        327,
        160,
        392,
        258,
        1,
        467,
        93,
        254,
        123,
        255,
        206,
        484,
        425,
        283,
        268,
        337,
        432,
        162,
        72,
        328,
        436,
        166,
        407,
        174,
        341,
        61,
        441,
        390,
        437,
        442,
        471,
        358,
        65,
        138,
        27,
        218,
        71,
        472,
        460,
        468,
        383,
        303,
        439,
        22,
        371,
        278,
        172,
        313,
        52,
        364,
        360,
        361,
        152,
        366,
        475,
        456,
        210,
        108,
        403,
        290,
        90,
        69,
        448,
        316,
        173,
        164,
        257,
        431,
        80,
        16,
        261,
        373,
        4,
        37,
        332,
        231,
        119,
        323,
        182,
        159,
        461,
        132,
        315,
        33,
        170,
        335,
        457,
        11,
        78,
        95,
        263,
        101,
        146,
        430,
        64,
        223,
        205,
        281,
        369,
        89,
        131,
        13,
        178,
        219,
        2,
        318,
        252,
        350,
        190,
        397,
        18,
        422,
        86,
        374,
        336,
        265,
        103,
        29,
        109,
        34,
        116,
        117,
        158,
        168,
        199,
        48,
        135,
        476,
        433,
        208,
        21,
        284,
        370,
        157,
        359,
        129,
        292,
        30,
        44,
        5,
        225,
        319,
        317,
        185,
        386,
        75,
        289,
        260,
        378,
        478,
        179,
        147,
        308,
        416,
        171,
        326,
        106,
        418,
        499,
        188,
        23,
        24,
        187,
        452,
        420,
        77,
        312,
        54,
        473,
        474,
        238,
        381,
        480,
        294,
        31,
        245,
        321,
        423,
        15,
        201,
        228,
        55,
        220,
        273,
        76,
        497,
        130,
        314,
        180,
        330,
        203,
        399,
        465,
        376,
        417,
        236,
        357,
        271,
        237,
        274,
        110,
        189,
        483,
        389,
        148,
        429,
        217,
        277,
        88,
        410,
        395,
        445,
        267,
        41,
        285,
        498,
        112,
        176,
        411,
        398,
        145,
        196,
        134,
        412,
        62,
        334,
        375,
        368,
        393,
        17,
        307,
        25,
        221,
        404,
        354,
        120,
        169,
        142,
        291,
        331,
        191,
        250,
        391,
        388,
        382,
        9,
        413,
        227,
        122,
        302,
        469,
        275,
        355,
        408,
        353,
        70,
        229,
        280,
        8,
        402,
        104,
        396,
        272,
        347,
        362,
        151,
        491,
        346,
        235,
        124,
        97,
        443,
        287,
        329,
        349,
        279,
        105,
        305,
        156,
        167,
        496,
        177,
        446,
        96,
        125,
        214,
        38,
        3,
        91,
        184,
        83,
        163,
        447,
        426,
        406,
        12,
        26,
        479,
        342,
        394,
        409,
        40,
        113,
        377,
        454,
        414,
        246,
        63,
        325,
        14,
        128,
        387,
        367,
        181,
        324,
        195,
        81,
        338,
        424,
        266,
        455,
        311,
        304,
        79,
        59,
        58,
        144,
        20,
        200,
        216,
        139,
        140,
        230,
        434,
        126,
        60,
        466,
        175,
        194,
        310,
        301,
        42,
        400,
        82,
        345,
        348,
        149,
        365,
        10,
        339,
        192,
        165,
        67,
        94,
        282,
        343,
        74,
        19,
        118,
        239,
        449,
        136,
        306,
        288,
        464,
        161,
        488,
        405,
        450,
        385,
        68,
        295,
        121,
        7,
        6,
        299,
        233,
        47,
        115,
        224,
        46,
        28,
        197,
        51,
        494,
        53,
        141,
        204,
        470,
        240,
        401,
        209,
        100,
        66,
        298,
        262,
        36,
        111,
        379,
        248,
        286,
        198,
        462,
        352,
        270,
        415,
        154,
        133,
        35,
        0,
        99,
        428,
        247,
        477,
        490,
        49,
        322,
        213,
        226,
        253,
        384,
        351,
        50,
        143,
        39,
        127
    ],
    "Nb of functions evaluations": 50010,
    "Computational time in seconds": 366.90551948547363,
    "Stopping criterion in evaluations": 50000
}