12° run output:
{
    "Function": "kroD100.tsp",
    "Problem dimension": [
        10,
        88,
        73,
        44,
        67,
        30,
        37,
        49,
        33,
        51,
        45,
        89,
        16,
        93,
        96,
        90,
        2,
        54,
        25,
        84,
        40,
        12,
        26,
        87,
        0,
        97,
        48,
        41,
        65,
        7,
        15,
        63,
        71,
        56,
        17,
        55,
        94,
        18,
        36,
        50,
        91,
        86,
        24,
        19,
        4,
        52,
        59,
        70,
        69,
        21,
        22,
        74,
        75,
        79,
        76,
        58,
        82,
        39,
        5,
        92,
        34,
        1,
        47,
        20,
        11,
        27,
        46,
        81,
        95,
        85,
        64,
        32,
        98,
        77,
        53,
        62,
        83,
        80,
        31,
        57,
        28,
        66,
        35,
        6,
        23,
        78,
        72,
        38,
        14,
        68,
        42,
        3,
        43,
        61,
        29,
        99,
        8,
        9,
        13,
        60
    ],
    "Global Optimum": 0,
    "Algorithm": "Genetic algorithm",
    "Parameters": {
        "population": 30,
        "offspring": 30,
        "mutation probability": 0.01,
        "crossover probability": 0.9
    },
    "Fitness": 57633,
    "Solution": [
        10,
        88,
        73,
        44,
        67,
        30,
        37,
        49,
        33,
        51,
        45,
        89,
        16,
        93,
        96,
        90,
        2,
        54,
        25,
        84,
        40,
        12,
        26,
        87,
        0,
        97,
        48,
        41,
        65,
        7,
        15,
        63,
        71,
        56,
        17,
        55,
        94,
        18,
        36,
        50,
        91,
        86,
        24,
        19,
        4,
        52,
        59,
        70,
        69,
        21,
        22,
        74,
        75,
        79,
        76,
        58,
        82,
        39,
        5,
        92,
        34,
        1,
        47,
        20,
        11,
        27,
        46,
        81,
        95,
        85,
        64,
        32,
        98,
        77,
        53,
        62,
        83,
        80,
        31,
        57,
        28,
        66,
        35,
        6,
        23,
        78,
        72,
        38,
        14,
        68,
        42,
        3,
        43,
        61,
        29,
        99,
        8,
        9,
        13,
        60
    ],
    "Nb of functions evaluations": 200010,
    "Computational time in seconds": 59.912150382995605,
    "Stopping criterion in evaluations": 200000
}