16° run output:
{
    "Function": "kroD100.tsp",
    "Problem dimension": [
        7,
        14,
        72,
        38,
        33,
        80,
        41,
        71,
        56,
        98,
        44,
        27,
        11,
        8,
        99,
        29,
        50,
        32,
        67,
        64,
        79,
        62,
        82,
        39,
        2,
        85,
        58,
        84,
        34,
        1,
        91,
        47,
        4,
        43,
        59,
        42,
        53,
        90,
        70,
        3,
        9,
        46,
        15,
        75,
        60,
        45,
        92,
        18,
        36,
        61,
        52,
        95,
        30,
        37,
        88,
        69,
        51,
        76,
        86,
        25,
        20,
        55,
        94,
        17,
        68,
        31,
        96,
        93,
        0,
        26,
        12,
        49,
        23,
        40,
        73,
        35,
        21,
        97,
        48,
        89,
        78,
        87,
        83,
        63,
        5,
        54,
        19,
        24,
        81,
        13,
        77,
        74,
        66,
        28,
        57,
        22,
        10,
        16,
        65,
        6
    ],
    "Global Optimum": 0,
    "Algorithm": "Genetic algorithm",
    "Parameters": {
        "population": 30,
        "offspring": 30,
        "mutation probability": 0.01,
        "crossover probability": 0.9
    },
    "Fitness": 59552,
    "Solution": [
        7,
        14,
        72,
        38,
        33,
        80,
        41,
        71,
        56,
        98,
        44,
        27,
        11,
        8,
        99,
        29,
        50,
        32,
        67,
        64,
        79,
        62,
        82,
        39,
        2,
        85,
        58,
        84,
        34,
        1,
        91,
        47,
        4,
        43,
        59,
        42,
        53,
        90,
        70,
        3,
        9,
        46,
        15,
        75,
        60,
        45,
        92,
        18,
        36,
        61,
        52,
        95,
        30,
        37,
        88,
        69,
        51,
        76,
        86,
        25,
        20,
        55,
        94,
        17,
        68,
        31,
        96,
        93,
        0,
        26,
        12,
        49,
        23,
        40,
        73,
        35,
        21,
        97,
        48,
        89,
        78,
        87,
        83,
        63,
        5,
        54,
        19,
        24,
        81,
        13,
        77,
        74,
        66,
        28,
        57,
        22,
        10,
        16,
        65,
        6
    ],
    "Nb of functions evaluations": 200010,
    "Computational time in seconds": 59.285226821899414,
    "Stopping criterion in evaluations": 200000
}