2° run output:
{
    "Function": "kroD100.tsp",
    "Problem dimension": [
        67,
        13,
        86,
        25,
        8,
        63,
        88,
        21,
        28,
        57,
        41,
        22,
        73,
        99,
        29,
        34,
        42,
        65,
        33,
        12,
        90,
        92,
        18,
        91,
        61,
        54,
        52,
        50,
        1,
        47,
        36,
        59,
        3,
        43,
        82,
        4,
        14,
        26,
        23,
        0,
        93,
        31,
        48,
        69,
        89,
        80,
        49,
        40,
        38,
        72,
        78,
        87,
        30,
        98,
        44,
        56,
        71,
        2,
        58,
        84,
        17,
        46,
        81,
        15,
        10,
        16,
        96,
        97,
        7,
        68,
        9,
        20,
        11,
        55,
        94,
        39,
        5,
        32,
        79,
        45,
        66,
        74,
        35,
        6,
        85,
        95,
        76,
        70,
        83,
        53,
        62,
        77,
        64,
        75,
        60,
        37,
        51,
        19,
        24,
        27
    ],
    "Global Optimum": 0,
    "Algorithm": "Genetic algorithm",
    "Parameters": {
        "population": 30,
        "offspring": 30,
        "mutation probability": 0.01,
        "crossover probability": 0.9
    },
    "Fitness": 61792,
    "Solution": [
        67,
        13,
        86,
        25,
        8,
        63,
        88,
        21,
        28,
        57,
        41,
        22,
        73,
        99,
        29,
        34,
        42,
        65,
        33,
        12,
        90,
        92,
        18,
        91,
        61,
        54,
        52,
        50,
        1,
        47,
        36,
        59,
        3,
        43,
        82,
        4,
        14,
        26,
        23,
        0,
        93,
        31,
        48,
        69,
        89,
        80,
        49,
        40,
        38,
        72,
        78,
        87,
        30,
        98,
        44,
        56,
        71,
        2,
        58,
        84,
        17,
        46,
        81,
        15,
        10,
        16,
        96,
        97,
        7,
        68,
        9,
        20,
        11,
        55,
        94,
        39,
        5,
        32,
        79,
        45,
        66,
        74,
        35,
        6,
        85,
        95,
        76,
        70,
        83,
        53,
        62,
        77,
        64,
        75,
        60,
        37,
        51,
        19,
        24,
        27
    ],
    "Nb of functions evaluations": 200010,
    "Computational time in seconds": 59.56296420097351,
    "Stopping criterion in evaluations": 200000
}