3° run output:
{
    "Function": "kroD100.tsp",
    "Problem dimension": [
        42,
        17,
        67,
        44,
        56,
        20,
        25,
        8,
        39,
        82,
        19,
        0,
        49,
        87,
        43,
        58,
        5,
        13,
        64,
        32,
        81,
        86,
        94,
        18,
        91,
        99,
        47,
        1,
        29,
        59,
        68,
        33,
        80,
        40,
        3,
        61,
        36,
        79,
        74,
        98,
        24,
        9,
        54,
        52,
        92,
        16,
        10,
        65,
        71,
        30,
        77,
        95,
        85,
        63,
        76,
        90,
        14,
        83,
        72,
        70,
        38,
        23,
        93,
        48,
        97,
        31,
        12,
        78,
        26,
        37,
        7,
        96,
        89,
        45,
        46,
        11,
        27,
        55,
        84,
        15,
        41,
        21,
        57,
        51,
        60,
        73,
        6,
        28,
        35,
        66,
        2,
        4,
        50,
        34,
        62,
        75,
        22,
        69,
        88,
        53
    ],
    "Global Optimum": 0,
    "Algorithm": "Genetic algorithm",
    "Parameters": {
        "population": 30,
        "offspring": 30,
        "mutation probability": 0.01,
        "crossover probability": 0.9
    },
    "Fitness": 67080,
    "Solution": [
        42,
        17,
        67,
        44,
        56,
        20,
        25,
        8,
        39,
        82,
        19,
        0,
        49,
        87,
        43,
        58,
        5,
        13,
        64,
        32,
        81,
        86,
        94,
        18,
        91,
        99,
        47,
        1,
        29,
        59,
        68,
        33,
        80,
        40,
        3,
        61,
        36,
        79,
        74,
        98,
        24,
        9,
        54,
        52,
        92,
        16,
        10,
        65,
        71,
        30,
        77,
        95,
        85,
        63,
        76,
        90,
        14,
        83,
        72,
        70,
        38,
        23,
        93,
        48,
        97,
        31,
        12,
        78,
        26,
        37,
        7,
        96,
        89,
        45,
        46,
        11,
        27,
        55,
        84,
        15,
        41,
        21,
        57,
        51,
        60,
        73,
        6,
        28,
        35,
        66,
        2,
        4,
        50,
        34,
        62,
        75,
        22,
        69,
        88,
        53
    ],
    "Nb of functions evaluations": 200010,
    "Computational time in seconds": 59.41741442680359,
    "Stopping criterion in evaluations": 200000
}