15° run output:
{
    "Function": "kroD100.tsp",
    "Problem dimension": [
        63,
        39,
        5,
        58,
        3,
        59,
        92,
        70,
        53,
        72,
        95,
        15,
        43,
        83,
        40,
        14,
        87,
        33,
        37,
        51,
        12,
        78,
        38,
        90,
        76,
        42,
        61,
        36,
        29,
        99,
        91,
        47,
        86,
        25,
        11,
        27,
        94,
        55,
        8,
        54,
        18,
        34,
        1,
        50,
        4,
        81,
        62,
        6,
        71,
        32,
        44,
        79,
        35,
        28,
        21,
        57,
        41,
        22,
        88,
        10,
        89,
        45,
        77,
        75,
        60,
        80,
        0,
        49,
        23,
        26,
        73,
        74,
        56,
        66,
        69,
        48,
        16,
        97,
        96,
        31,
        93,
        65,
        7,
        68,
        52,
        2,
        82,
        17,
        98,
        30,
        85,
        64,
        67,
        13,
        84,
        9,
        20,
        46,
        19,
        24
    ],
    "Global Optimum": 0,
    "Algorithm": "Genetic algorithm",
    "Parameters": {
        "population": 30,
        "offspring": 30,
        "mutation probability": 0.01,
        "crossover probability": 0.9
    },
    "Fitness": 48952,
    "Solution": [
        63,
        39,
        5,
        58,
        3,
        59,
        92,
        70,
        53,
        72,
        95,
        15,
        43,
        83,
        40,
        14,
        87,
        33,
        37,
        51,
        12,
        78,
        38,
        90,
        76,
        42,
        61,
        36,
        29,
        99,
        91,
        47,
        86,
        25,
        11,
        27,
        94,
        55,
        8,
        54,
        18,
        34,
        1,
        50,
        4,
        81,
        62,
        6,
        71,
        32,
        44,
        79,
        35,
        28,
        21,
        57,
        41,
        22,
        88,
        10,
        89,
        45,
        77,
        75,
        60,
        80,
        0,
        49,
        23,
        26,
        73,
        74,
        56,
        66,
        69,
        48,
        16,
        97,
        96,
        31,
        93,
        65,
        7,
        68,
        52,
        2,
        82,
        17,
        98,
        30,
        85,
        64,
        67,
        13,
        84,
        9,
        20,
        46,
        19,
        24
    ],
    "Nb of functions evaluations": 200010,
    "Computational time in seconds": 59.19336724281311,
    "Stopping criterion in evaluations": 200000
}