20° run output:
{
    "Function": "kroD100.tsp",
    "Problem dimension": [
        53,
        12,
        33,
        37,
        21,
        57,
        73,
        7,
        48,
        89,
        93,
        96,
        97,
        69,
        10,
        40,
        52,
        2,
        59,
        3,
        70,
        38,
        72,
        76,
        92,
        36,
        34,
        78,
        16,
        41,
        88,
        49,
        0,
        31,
        87,
        23,
        64,
        27,
        11,
        80,
        51,
        65,
        56,
        71,
        60,
        6,
        13,
        81,
        20,
        46,
        24,
        17,
        5,
        82,
        39,
        84,
        14,
        26,
        83,
        90,
        42,
        4,
        50,
        29,
        99,
        61,
        18,
        91,
        43,
        85,
        15,
        62,
        45,
        68,
        75,
        79,
        98,
        44,
        8,
        19,
        1,
        47,
        86,
        9,
        35,
        22,
        28,
        74,
        66,
        94,
        55,
        25,
        54,
        58,
        95,
        67,
        32,
        77,
        30,
        63
    ],
    "Global Optimum": 0,
    "Algorithm": "Genetic algorithm",
    "Parameters": {
        "population": 30,
        "offspring": 30,
        "mutation probability": 0.01,
        "crossover probability": 0.9
    },
    "Fitness": 61913,
    "Solution": [
        53,
        12,
        33,
        37,
        21,
        57,
        73,
        7,
        48,
        89,
        93,
        96,
        97,
        69,
        10,
        40,
        52,
        2,
        59,
        3,
        70,
        38,
        72,
        76,
        92,
        36,
        34,
        78,
        16,
        41,
        88,
        49,
        0,
        31,
        87,
        23,
        64,
        27,
        11,
        80,
        51,
        65,
        56,
        71,
        60,
        6,
        13,
        81,
        20,
        46,
        24,
        17,
        5,
        82,
        39,
        84,
        14,
        26,
        83,
        90,
        42,
        4,
        50,
        29,
        99,
        61,
        18,
        91,
        43,
        85,
        15,
        62,
        45,
        68,
        75,
        79,
        98,
        44,
        8,
        19,
        1,
        47,
        86,
        9,
        35,
        22,
        28,
        74,
        66,
        94,
        55,
        25,
        54,
        58,
        95,
        67,
        32,
        77,
        30,
        63
    ],
    "Nb of functions evaluations": 200010,
    "Computational time in seconds": 60.73009967803955,
    "Stopping criterion in evaluations": 200000
}