7° run output:
{
    "Function": "kroD100.tsp",
    "Problem dimension": [
        31,
        0,
        87,
        38,
        90,
        14,
        83,
        48,
        97,
        69,
        37,
        62,
        29,
        1,
        99,
        8,
        19,
        55,
        11,
        67,
        56,
        71,
        95,
        82,
        75,
        28,
        6,
        54,
        47,
        18,
        50,
        36,
        91,
        77,
        30,
        98,
        85,
        53,
        7,
        51,
        22,
        41,
        65,
        33,
        26,
        80,
        15,
        2,
        52,
        9,
        27,
        94,
        46,
        20,
        86,
        25,
        5,
        39,
        63,
        3,
        42,
        76,
        4,
        17,
        58,
        84,
        13,
        64,
        79,
        74,
        35,
        66,
        60,
        45,
        72,
        70,
        59,
        61,
        34,
        43,
        92,
        40,
        93,
        89,
        16,
        73,
        57,
        21,
        88,
        10,
        12,
        78,
        49,
        23,
        68,
        24,
        81,
        32,
        44,
        96
    ],
    "Global Optimum": 0,
    "Algorithm": "Genetic algorithm",
    "Parameters": {
        "population": 30,
        "offspring": 30,
        "mutation probability": 0.01,
        "crossover probability": 0.9
    },
    "Fitness": 60999,
    "Solution": [
        31,
        0,
        87,
        38,
        90,
        14,
        83,
        48,
        97,
        69,
        37,
        62,
        29,
        1,
        99,
        8,
        19,
        55,
        11,
        67,
        56,
        71,
        95,
        82,
        75,
        28,
        6,
        54,
        47,
        18,
        50,
        36,
        91,
        77,
        30,
        98,
        85,
        53,
        7,
        51,
        22,
        41,
        65,
        33,
        26,
        80,
        15,
        2,
        52,
        9,
        27,
        94,
        46,
        20,
        86,
        25,
        5,
        39,
        63,
        3,
        42,
        76,
        4,
        17,
        58,
        84,
        13,
        64,
        79,
        74,
        35,
        66,
        60,
        45,
        72,
        70,
        59,
        61,
        34,
        43,
        92,
        40,
        93,
        89,
        16,
        73,
        57,
        21,
        88,
        10,
        12,
        78,
        49,
        23,
        68,
        24,
        81,
        32,
        44,
        96
    ],
    "Nb of functions evaluations": 200010,
    "Computational time in seconds": 59.51143431663513,
    "Stopping criterion in evaluations": 200000
}