18° run output:
{
    "Function": "kroD100.tsp",
    "Problem dimension": [
        62,
        53,
        70,
        3,
        2,
        42,
        14,
        83,
        88,
        97,
        48,
        89,
        93,
        81,
        19,
        24,
        47,
        99,
        50,
        95,
        75,
        6,
        66,
        71,
        44,
        13,
        54,
        8,
        17,
        98,
        60,
        57,
        33,
        45,
        56,
        67,
        9,
        25,
        86,
        64,
        30,
        85,
        15,
        91,
        34,
        59,
        68,
        35,
        73,
        32,
        27,
        11,
        46,
        20,
        72,
        12,
        49,
        0,
        26,
        7,
        22,
        41,
        21,
        28,
        74,
        79,
        77,
        4,
        1,
        29,
        76,
        90,
        92,
        39,
        84,
        5,
        82,
        38,
        51,
        65,
        37,
        10,
        69,
        16,
        96,
        31,
        80,
        94,
        55,
        58,
        23,
        87,
        78,
        40,
        43,
        52,
        61,
        36,
        18,
        63
    ],
    "Global Optimum": 0,
    "Algorithm": "Genetic algorithm",
    "Parameters": {
        "population": 30,
        "offspring": 30,
        "mutation probability": 0.01,
        "crossover probability": 0.9
    },
    "Fitness": 66816,
    "Solution": [
        62,
        53,
        70,
        3,
        2,
        42,
        14,
        83,
        88,
        97,
        48,
        89,
        93,
        81,
        19,
        24,
        47,
        99,
        50,
        95,
        75,
        6,
        66,
        71,
        44,
        13,
        54,
        8,
        17,
        98,
        60,
        57,
        33,
        45,
        56,
        67,
        9,
        25,
        86,
        64,
        30,
        85,
        15,
        91,
        34,
        59,
        68,
        35,
        73,
        32,
        27,
        11,
        46,
        20,
        72,
        12,
        49,
        0,
        26,
        7,
        22,
        41,
        21,
        28,
        74,
        79,
        77,
        4,
        1,
        29,
        76,
        90,
        92,
        39,
        84,
        5,
        82,
        38,
        51,
        65,
        37,
        10,
        69,
        16,
        96,
        31,
        80,
        94,
        55,
        58,
        23,
        87,
        78,
        40,
        43,
        52,
        61,
        36,
        18,
        63
    ],
    "Nb of functions evaluations": 200010,
    "Computational time in seconds": 59.20017671585083,
    "Stopping criterion in evaluations": 200000
}