20° run output:
{
    "Function": "kroA1000.tsp",
    "Problem dimension": [
        919,
        198,
        379,
        883,
        535,
        876,
        607,
        144,
        582,
        550,
        567,
        618,
        353,
        4,
        605,
        192,
        859,
        542,
        265,
        627,
        499,
        925,
        533,
        889,
        268,
        830,
        139,
        182,
        279,
        388,
        785,
        149,
        281,
        807,
        115,
        396,
        124,
        352,
        216,
        481,
        792,
        912,
        221,
        395,
        548,
        774,
        914,
        742,
        608,
        462,
        94,
        786,
        791,
        274,
        789,
        204,
        819,
        298,
        610,
        828,
        664,
        736,
        220,
        993,
        210,
        646,
        143,
        647,
        857,
        365,
        778,
        19,
        524,
        980,
        454,
        614,
        820,
        320,
        130,
        485,
        572,
        246,
        601,
        969,
        117,
        540,
        851,
        858,
        367,
        636,
        150,
        294,
        293,
        390,
        840,
        777,
        721,
        79,
        932,
        539,
        411,
        56,
        83,
        867,
        218,
        850,
        804,
        113,
        650,
        848,
        71,
        668,
        327,
        397,
        966,
        992,
        392,
        938,
        48,
        989,
        400,
        461,
        935,
        504,
        870,
        901,
        107,
        295,
        72,
        250,
        238,
        465,
        561,
        977,
        663,
        931,
        624,
        831,
        978,
        634,
        165,
        242,
        122,
        325,
        189,
        319,
        681,
        338,
        151,
        145,
        864,
        682,
        798,
        29,
        907,
        326,
        659,
        355,
        85,
        547,
        408,
        2,
        869,
        576,
        343,
        490,
        315,
        119,
        596,
        363,
        961,
        940,
        458,
        21,
        861,
        750,
        519,
        696,
        134,
        579,
        419,
        360,
        156,
        632,
        235,
        227,
        47,
        866,
        599,
        949,
        282,
        770,
        34,
        203,
        105,
        429,
        121,
        323,
        995,
        188,
        171,
        720,
        148,
        340,
        97,
        398,
        541,
        521,
        676,
        902,
        527,
        684,
        642,
        402,
        879,
        671,
        530,
        894,
        251,
        260,
        884,
        555,
        51,
        947,
        69,
        451,
        874,
        622,
        478,
        943,
        272,
        744,
        956,
        998,
        406,
        321,
        904,
        735,
        224,
        253,
        846,
        259,
        878,
        598,
        577,
        906,
        652,
        944,
        615,
        428,
        337,
        450,
        965,
        324,
        43,
        474,
        1,
        258,
        468,
        443,
        266,
        17,
        344,
        617,
        560,
        86,
        628,
        606,
        312,
        334,
        734,
        153,
        297,
        701,
        456,
        487,
        23,
        745,
        430,
        243,
        583,
        899,
        303,
        423,
        132,
        643,
        836,
        691,
        339,
        781,
        930,
        225,
        808,
        928,
        757,
        704,
        473,
        420,
        158,
        809,
        306,
        700,
        939,
        102,
        506,
        59,
        731,
        958,
        637,
        910,
        523,
        101,
        412,
        25,
        926,
        768,
        988,
        358,
        543,
        92,
        88,
        575,
        703,
        586,
        377,
        963,
        629,
        471,
        896,
        964,
        84,
        68,
        52,
        416,
        73,
        159,
        391,
        248,
        190,
        787,
        403,
        160,
        604,
        728,
        67,
        772,
        33,
        301,
        142,
        724,
        163,
        760,
        322,
        811,
        366,
        289,
        813,
        307,
        674,
        773,
        717,
        959,
        727,
        740,
        952,
        475,
        378,
        873,
        856,
        762,
        673,
        780,
        347,
        348,
        620,
        796,
        109,
        600,
        922,
        571,
        559,
        205,
        292,
        927,
        28,
        433,
        915,
        277,
        418,
        135,
        62,
        683,
        234,
        479,
        341,
        13,
        263,
        748,
        356,
        626,
        578,
        45,
        892,
        532,
        775,
        22,
        871,
        603,
        715,
        460,
        463,
        369,
        882,
        973,
        529,
        415,
        816,
        76,
        997,
        893,
        872,
        972,
        285,
        191,
        710,
        887,
        424,
        595,
        758,
        733,
        126,
        254,
        612,
        100,
        66,
        488,
        738,
        994,
        267,
        417,
        655,
        401,
        311,
        133,
        370,
        592,
        438,
        482,
        10,
        249,
        436,
        164,
        18,
        616,
        486,
        821,
        174,
        716,
        20,
        613,
        364,
        694,
        641,
        580,
        255,
        913,
        865,
        476,
        779,
        215,
        229,
        875,
        708,
        207,
        842,
        64,
        631,
        923,
        979,
        455,
        924,
        863,
        834,
        114,
        630,
        666,
        528,
        273,
        137,
        187,
        30,
        824,
        500,
        794,
        929,
        983,
        552,
        991,
        623,
        719,
        387,
        903,
        108,
        503,
        877,
        7,
        241,
        537,
        170,
        897,
        278,
        953,
        123,
        765,
        459,
        975,
        788,
        918,
        667,
        346,
        228,
        688,
        231,
        280,
        58,
        839,
        184,
        104,
        782,
        755,
        98,
        197,
        895,
        689,
        40,
        435,
        520,
        558,
        385,
        262,
        199,
        853,
        739,
        800,
        546,
        82,
        649,
        332,
        654,
        898,
        362,
        37,
        422,
        737,
        564,
        146,
        509,
        286,
        908,
        16,
        185,
        514,
        409,
        909,
        763,
        501,
        936,
        888,
        508,
        128,
        439,
        446,
        342,
        208,
        239,
        823,
        444,
        469,
        690,
        157,
        677,
        996,
        885,
        141,
        833,
        316,
        129,
        186,
        421,
        213,
        562,
        374,
        732,
        591,
        5,
        905,
        181,
        489,
        633,
        722,
        665,
        99,
        513,
        835,
        300,
        237,
        212,
        331,
        0,
        329,
        472,
        749,
        173,
        78,
        982,
        921,
        393,
        507,
        709,
        525,
        565,
        304,
        38,
        61,
        609,
        621,
        381,
        453,
        510,
        373,
        11,
        372,
        566,
        351,
        233,
        147,
        299,
        167,
        826,
        110,
        844,
        837,
        244,
        790,
        619,
        815,
        911,
        261,
        457,
        14,
        383,
        818,
        515,
        120,
        767,
        970,
        584,
        511,
        868,
        376,
        849,
        881,
        60,
        50,
        162,
        880,
        54,
        852,
        951,
        812,
        984,
        764,
        553,
        544,
        753,
        886,
        32,
        793,
        9,
        987,
        695,
        526,
        937,
        556,
        90,
        549,
        497,
        270,
        890,
        15,
        31,
        803,
        752,
        670,
        240,
        551,
        410,
        427,
        81,
        491,
        855,
        955,
        271,
        317,
        288,
        318,
        480,
        70,
        42,
        466,
        118,
        726,
        986,
        206,
        236,
        976,
        257,
        354,
        585,
        247,
        847,
        802,
        103,
        891,
        196,
        169,
        154,
        39,
        375,
        75,
        570,
        55,
        12,
        36,
        414,
        675,
        783,
        177,
        87,
        557,
        573,
        399,
        602,
        593,
        981,
        638,
        920,
        93,
        746,
        713,
        838,
        125,
        495,
        725,
        706,
        498,
        96,
        985,
        761,
        502,
        545,
        680,
        743,
        814,
        954,
        194,
        678,
        657,
        590,
        350,
        111,
        651,
        230,
        200,
        496,
        140,
        287,
        484,
        948,
        74,
        531,
        380,
        44,
        687,
        999,
        801,
        505,
        639,
        49,
        662,
        702,
        57,
        136,
        718,
        522,
        967,
        588,
        223,
        8,
        656,
        711,
        442,
        805,
        672,
        854,
        405,
        517,
        193,
        817,
        359,
        518,
        328,
        483,
        661,
        917,
        63,
        712,
        512,
        494,
        714,
        933,
        784,
        183,
        692,
        845,
        232,
        275,
        384,
        371,
        574,
        175,
        729,
        336,
        536,
        492,
        24,
        827,
        470,
        172,
        464,
        437,
        776,
        934,
        166,
        594,
        597,
        219,
        290,
        112,
        447,
        89,
        202,
        754,
        179,
        843,
        452,
        357,
        404,
        314,
        699,
        211,
        648,
        345,
        116,
        309,
        625,
        493,
        860,
        568,
        6,
        222,
        308,
        333,
        214,
        653,
        698,
        686,
        942,
        41,
        291,
        245,
        389,
        730,
        449,
        217,
        946,
        941,
        131,
        434,
        810,
        310,
        178,
        538,
        962,
        302,
        660,
        180,
        581,
        825,
        209,
        368,
        960,
        974,
        766,
        256,
        269,
        862,
        361,
        226,
        569,
        168,
        425,
        91,
        685,
        138,
        829,
        27,
        276,
        284,
        152,
        155,
        822,
        957,
        296,
        467,
        161,
        176,
        448,
        990,
        195,
        382,
        305,
        832,
        587,
        53,
        26,
        611,
        432,
        635,
        554,
        80,
        945,
        669,
        252,
        386,
        707,
        640,
        679,
        645,
        971,
        916,
        201,
        477,
        900,
        127,
        431,
        426,
        563,
        741,
        950,
        407,
        95,
        3,
        264,
        658,
        335,
        516,
        445,
        799,
        65,
        35,
        751,
        46,
        697,
        797,
        394,
        330,
        77,
        841,
        769,
        283,
        705,
        313,
        441,
        795,
        771,
        349,
        968,
        589,
        759,
        440,
        723,
        644,
        756,
        534,
        106,
        806,
        413,
        747,
        693
    ],
    "Global Optimum": 0,
    "Algorithm": "Genetic algorithm",
    "Parameters": {
        "population": 30,
        "offspring": 30,
        "mutation probability": 0.001,
        "crossover probability": 0.9
    },
    "Fitness": 1299814,
    "Solution": [
        919,
        198,
        379,
        883,
        535,
        876,
        607,
        144,
        582,
        550,
        567,
        618,
        353,
        4,
        605,
        192,
        859,
        542,
        265,
        627,
        499,
        925,
        533,
        889,
        268,
        830,
        139,
        182,
        279,
        388,
        785,
        149,
        281,
        807,
        115,
        396,
        124,
        352,
        216,
        481,
        792,
        912,
        221,
        395,
        548,
        774,
        914,
        742,
        608,
        462,
        94,
        786,
        791,
        274,
        789,
        204,
        819,
        298,
        610,
        828,
        664,
        736,
        220,
        993,
        210,
        646,
        143,
        647,
        857,
        365,
        778,
        19,
        524,
        980,
        454,
        614,
        820,
        320,
        130,
        485,
        572,
        246,
        601,
        969,
        117,
        540,
        851,
        858,
        367,
        636,
        150,
        294,
        293,
        390,
        840,
        777,
        721,
        79,
        932,
        539,
        411,
        56,
        83,
        867,
        218,
        850,
        804,
        113,
        650,
        848,
        71,
        668,
        327,
        397,
        966,
        992,
        392,
        938,
        48,
        989,
        400,
        461,
        935,
        504,
        870,
        901,
        107,
        295,
        72,
        250,
        238,
        465,
        561,
        977,
        663,
        931,
        624,
        831,
        978,
        634,
        165,
        242,
        122,
        325,
        189,
        319,
        681,
        338,
        151,
        145,
        864,
        682,
        798,
        29,
        907,
        326,
        659,
        355,
        85,
        547,
        408,
        2,
        869,
        576,
        343,
        490,
        315,
        119,
        596,
        363,
        961,
        940,
        458,
        21,
        861,
        750,
        519,
        696,
        134,
        579,
        419,
        360,
        156,
        632,
        235,
        227,
        47,
        866,
        599,
        949,
        282,
        770,
        34,
        203,
        105,
        429,
        121,
        323,
        995,
        188,
        171,
        720,
        148,
        340,
        97,
        398,
        541,
        521,
        676,
        902,
        527,
        684,
        642,
        402,
        879,
        671,
        530,
        894,
        251,
        260,
        884,
        555,
        51,
        947,
        69,
        451,
        874,
        622,
        478,
        943,
        272,
        744,
        956,
        998,
        406,
        321,
        904,
        735,
        224,
        253,
        846,
        259,
        878,
        598,
        577,
        906,
        652,
        944,
        615,
        428,
        337,
        450,
        965,
        324,
        43,
        474,
        1,
        258,
        468,
        443,
        266,
        17,
        344,
        617,
        560,
        86,
        628,
        606,
        312,
        334,
        734,
        153,
        297,
        701,
        456,
        487,
        23,
        745,
        430,
        243,
        583,
        899,
        303,
        423,
        132,
        643,
        836,
        691,
        339,
        781,
        930,
        225,
        808,
        928,
        757,
        704,
        473,
        420,
        158,
        809,
        306,
        700,
        939,
        102,
        506,
        59,
        731,
        958,
        637,
        910,
        523,
        101,
        412,
        25,
        926,
        768,
        988,
        358,
        543,
        92,
        88,
        575,
        703,
        586,
        377,
        963,
        629,
        471,
        896,
        964,
        84,
        68,
        52,
        416,
        73,
        159,
        391,
        248,
        190,
        787,
        403,
        160,
        604,
        728,
        67,
        772,
        33,
        301,
        142,
        724,
        163,
        760,
        322,
        811,
        366,
        289,
        813,
        307,
        674,
        773,
        717,
        959,
        727,
        740,
        952,
        475,
        378,
        873,
        856,
        762,
        673,
        780,
        347,
        348,
        620,
        796,
        109,
        600,
        922,
        571,
        559,
        205,
        292,
        927,
        28,
        433,
        915,
        277,
        418,
        135,
        62,
        683,
        234,
        479,
        341,
        13,
        263,
        748,
        356,
        626,
        578,
        45,
        892,
        532,
        775,
        22,
        871,
        603,
        715,
        460,
        463,
        369,
        882,
        973,
        529,
        415,
        816,
        76,
        997,
        893,
        872,
        972,
        285,
        191,
        710,
        887,
        424,
        595,
        758,
        733,
        126,
        254,
        612,
        100,
        66,
        488,
        738,
        994,
        267,
        417,
        655,
        401,
        311,
        133,
        370,
        592,
        438,
        482,
        10,
        249,
        436,
        164,
        18,
        616,
        486,
        821,
        174,
        716,
        20,
        613,
        364,
        694,
        641,
        580,
        255,
        913,
        865,
        476,
        779,
        215,
        229,
        875,
        708,
        207,
        842,
        64,
        631,
        923,
        979,
        455,
        924,
        863,
        834,
        114,
        630,
        666,
        528,
        273,
        137,
        187,
        30,
        824,
        500,
        794,
        929,
        983,
        552,
        991,
        623,
        719,
        387,
        903,
        108,
        503,
        877,
        7,
        241,
        537,
        170,
        897,
        278,
        953,
        123,
        765,
        459,
        975,
        788,
        918,
        667,
        346,
        228,
        688,
        231,
        280,
        58,
        839,
        184,
        104,
        782,
        755,
        98,
        197,
        895,
        689,
        40,
        435,
        520,
        558,
        385,
        262,
        199,
        853,
        739,
        800,
        546,
        82,
        649,
        332,
        654,
        898,
        362,
        37,
        422,
        737,
        564,
        146,
        509,
        286,
        908,
        16,
        185,
        514,
        409,
        909,
        763,
        501,
        936,
        888,
        508,
        128,
        439,
        446,
        342,
        208,
        239,
        823,
        444,
        469,
        690,
        157,
        677,
        996,
        885,
        141,
        833,
        316,
        129,
        186,
        421,
        213,
        562,
        374,
        732,
        591,
        5,
        905,
        181,
        489,
        633,
        722,
        665,
        99,
        513,
        835,
        300,
        237,
        212,
        331,
        0,
        329,
        472,
        749,
        173,
        78,
        982,
        921,
        393,
        507,
        709,
        525,
        565,
        304,
        38,
        61,
        609,
        621,
        381,
        453,
        510,
        373,
        11,
        372,
        566,
        351,
        233,
        147,
        299,
        167,
        826,
        110,
        844,
        837,
        244,
        790,
        619,
        815,
        911,
        261,
        457,
        14,
        383,
        818,
        515,
        120,
        767,
        970,
        584,
        511,
        868,
        376,
        849,
        881,
        60,
        50,
        162,
        880,
        54,
        852,
        951,
        812,
        984,
        764,
        553,
        544,
        753,
        886,
        32,
        793,
        9,
        987,
        695,
        526,
        937,
        556,
        90,
        549,
        497,
        270,
        890,
        15,
        31,
        803,
        752,
        670,
        240,
        551,
        410,
        427,
        81,
        491,
        855,
        955,
        271,
        317,
        288,
        318,
        480,
        70,
        42,
        466,
        118,
        726,
        986,
        206,
        236,
        976,
        257,
        354,
        585,
        247,
        847,
        802,
        103,
        891,
        196,
        169,
        154,
        39,
        375,
        75,
        570,
        55,
        12,
        36,
        414,
        675,
        783,
        177,
        87,
        557,
        573,
        399,
        602,
        593,
        981,
        638,
        920,
        93,
        746,
        713,
        838,
        125,
        495,
        725,
        706,
        498,
        96,
        985,
        761,
        502,
        545,
        680,
        743,
        814,
        954,
        194,
        678,
        657,
        590,
        350,
        111,
        651,
        230,
        200,
        496,
        140,
        287,
        484,
        948,
        74,
        531,
        380,
        44,
        687,
        999,
        801,
        505,
        639,
        49,
        662,
        702,
        57,
        136,
        718,
        522,
        967,
        588,
        223,
        8,
        656,
        711,
        442,
        805,
        672,
        854,
        405,
        517,
        193,
        817,
        359,
        518,
        328,
        483,
        661,
        917,
        63,
        712,
        512,
        494,
        714,
        933,
        784,
        183,
        692,
        845,
        232,
        275,
        384,
        371,
        574,
        175,
        729,
        336,
        536,
        492,
        24,
        827,
        470,
        172,
        464,
        437,
        776,
        934,
        166,
        594,
        597,
        219,
        290,
        112,
        447,
        89,
        202,
        754,
        179,
        843,
        452,
        357,
        404,
        314,
        699,
        211,
        648,
        345,
        116,
        309,
        625,
        493,
        860,
        568,
        6,
        222,
        308,
        333,
        214,
        653,
        698,
        686,
        942,
        41,
        291,
        245,
        389,
        730,
        449,
        217,
        946,
        941,
        131,
        434,
        810,
        310,
        178,
        538,
        962,
        302,
        660,
        180,
        581,
        825,
        209,
        368,
        960,
        974,
        766,
        256,
        269,
        862,
        361,
        226,
        569,
        168,
        425,
        91,
        685,
        138,
        829,
        27,
        276,
        284,
        152,
        155,
        822,
        957,
        296,
        467,
        161,
        176,
        448,
        990,
        195,
        382,
        305,
        832,
        587,
        53,
        26,
        611,
        432,
        635,
        554,
        80,
        945,
        669,
        252,
        386,
        707,
        640,
        679,
        645,
        971,
        916,
        201,
        477,
        900,
        127,
        431,
        426,
        563,
        741,
        950,
        407,
        95,
        3,
        264,
        658,
        335,
        516,
        445,
        799,
        65,
        35,
        751,
        46,
        697,
        797,
        394,
        330,
        77,
        841,
        769,
        283,
        705,
        313,
        441,
        795,
        771,
        349,
        968,
        589,
        759,
        440,
        723,
        644,
        756,
        534,
        106,
        806,
        413,
        747,
        693
    ],
    "Nb of functions evaluations": 400020,
    "Computational time in seconds": 5513.029615879059,
    "Stopping criterion in evaluations": 400000
}