3° run output:
{
    "Function": "kroA1000.tsp",
    "Problem dimension": [
        61,
        121,
        914,
        539,
        426,
        276,
        785,
        162,
        65,
        123,
        564,
        796,
        514,
        846,
        194,
        172,
        246,
        735,
        144,
        449,
        452,
        480,
        810,
        263,
        873,
        482,
        641,
        774,
        753,
        775,
        984,
        947,
        479,
        359,
        244,
        53,
        710,
        935,
        141,
        991,
        931,
        600,
        239,
        599,
        675,
        467,
        218,
        394,
        537,
        854,
        495,
        702,
        290,
        81,
        742,
        639,
        831,
        96,
        526,
        167,
        884,
        704,
        232,
        277,
        613,
        583,
        714,
        906,
        801,
        446,
        501,
        740,
        869,
        196,
        387,
        151,
        291,
        177,
        189,
        856,
        210,
        782,
        965,
        88,
        260,
        647,
        577,
        473,
        715,
        311,
        766,
        996,
        527,
        623,
        673,
        779,
        84,
        570,
        312,
        904,
        528,
        833,
        294,
        378,
        10,
        413,
        29,
        910,
        237,
        353,
        104,
        792,
        383,
        374,
        474,
        425,
        338,
        316,
        431,
        517,
        524,
        950,
        282,
        874,
        687,
        231,
        416,
        122,
        615,
        980,
        731,
        247,
        327,
        198,
        654,
        850,
        868,
        323,
        824,
        228,
        318,
        257,
        756,
        66,
        838,
        839,
        185,
        116,
        795,
        706,
        721,
        9,
        903,
        296,
        926,
        225,
        200,
        100,
        159,
        271,
        878,
        842,
        509,
        150,
        762,
        421,
        912,
        107,
        592,
        415,
        840,
        2,
        437,
        951,
        63,
        692,
        75,
        648,
        992,
        941,
        889,
        8,
        572,
        670,
        820,
        892,
        532,
        968,
        293,
        372,
        805,
        375,
        361,
        640,
        866,
        955,
        32,
        578,
        343,
        153,
        166,
        319,
        380,
        656,
        112,
        611,
        944,
        865,
        909,
        439,
        988,
        780,
        841,
        203,
        250,
        226,
        249,
        23,
        651,
        435,
        360,
        30,
        67,
        56,
        867,
        803,
        191,
        814,
        307,
        163,
        283,
        512,
        328,
        638,
        408,
        709,
        337,
        518,
        649,
        781,
        182,
        339,
        595,
        908,
        696,
        920,
        46,
        429,
        54,
        445,
        925,
        505,
        777,
        939,
        689,
        693,
        491,
        876,
        778,
        694,
        913,
        275,
        302,
        331,
        298,
        270,
        71,
        451,
        213,
        552,
        238,
        994,
        771,
        554,
        433,
        767,
        212,
        668,
        324,
        158,
        103,
        863,
        190,
        684,
        530,
        499,
        966,
        494,
        905,
        197,
        136,
        233,
        832,
        834,
        157,
        618,
        871,
        603,
        363,
        396,
        811,
        142,
        857,
        349,
        631,
        928,
        407,
        677,
        609,
        632,
        461,
        33,
        565,
        254,
        72,
        636,
        199,
        146,
        557,
        934,
        356,
        335,
        438,
        35,
        402,
        38,
        217,
        624,
        691,
        129,
        678,
        115,
        25,
        379,
        699,
        152,
        630,
        381,
        883,
        733,
        457,
        571,
        37,
        813,
        483,
        890,
        44,
        608,
        917,
        440,
        789,
        807,
        240,
        370,
        746,
        758,
        822,
        812,
        923,
        292,
        893,
        297,
        916,
        897,
        488,
        579,
        628,
        453,
        776,
        206,
        979,
        962,
        127,
        497,
        644,
        922,
        993,
        278,
        106,
        220,
        424,
        89,
        879,
        14,
        427,
        428,
        397,
        957,
        134,
        462,
        933,
        207,
        399,
        234,
        755,
        525,
        227,
        744,
        881,
        48,
        581,
        655,
        481,
        773,
        371,
        794,
        236,
        188,
        970,
        224,
        354,
        409,
        154,
        790,
        45,
        34,
        653,
        423,
        26,
        523,
        761,
        870,
        406,
        454,
        114,
        674,
        395,
        313,
        147,
        760,
        340,
        621,
        540,
        901,
        351,
        748,
        999,
        610,
        745,
        573,
        772,
        266,
        885,
        806,
        93,
        705,
        39,
        521,
        3,
        747,
        872,
        1,
        606,
        506,
        108,
        317,
        110,
        752,
        164,
        507,
        729,
        111,
        697,
        549,
        350,
        4,
        267,
        391,
        682,
        69,
        650,
        588,
        825,
        476,
        456,
        77,
        568,
        321,
        835,
        788,
        508,
        43,
        50,
        969,
        109,
        348,
        942,
        544,
        936,
        797,
        262,
        625,
        309,
        140,
        76,
        186,
        535,
        490,
        634,
        460,
        184,
        334,
        551,
        695,
        843,
        58,
        366,
        55,
        749,
        441,
        713,
        981,
        575,
        671,
        308,
        538,
        727,
        414,
        401,
        138,
        315,
        470,
        20,
        299,
        400,
        880,
        862,
        368,
        737,
        135,
        0,
        448,
        898,
        320,
        601,
        255,
        493,
        410,
        214,
        223,
        16,
        120,
        645,
        663,
        924,
        741,
        975,
        388,
        253,
        444,
        286,
        369,
        556,
        681,
        119,
        6,
        948,
        754,
        195,
        614,
        357,
        36,
        998,
        594,
        763,
        515,
        683,
        959,
        851,
        567,
        619,
        586,
        664,
        734,
        272,
        978,
        977,
        173,
        215,
        382,
        921,
        887,
        405,
        864,
        268,
        27,
        170,
        604,
        680,
        718,
        42,
        728,
        932,
        877,
        559,
        485,
        698,
        149,
        306,
        70,
        344,
        826,
        589,
        954,
        183,
        132,
        659,
        815,
        102,
        513,
        471,
        616,
        848,
        222,
        469,
        707,
        392,
        669,
        496,
        248,
        73,
        896,
        128,
        511,
        855,
        582,
        665,
        596,
        940,
        982,
        124,
        288,
        661,
        442,
        274,
        642,
        80,
        303,
        725,
        545,
        990,
        679,
        882,
        915,
        362,
        787,
        420,
        101,
        333,
        974,
        450,
        79,
        417,
        181,
        419,
        78,
        759,
        972,
        143,
        849,
        646,
        783,
        662,
        216,
        627,
        458,
        447,
        902,
        443,
        265,
        465,
        845,
        243,
        658,
        985,
        590,
        750,
        888,
        719,
        847,
        971,
        584,
        52,
        918,
        837,
        563,
        536,
        175,
        346,
        468,
        117,
        853,
        341,
        168,
        459,
        703,
        522,
        943,
        289,
        997,
        861,
        165,
        723,
        279,
        160,
        973,
        542,
        852,
        952,
        629,
        90,
        598,
        685,
        732,
        404,
        325,
        986,
        730,
        711,
        28,
        17,
        823,
        355,
        241,
        364,
        301,
        57,
        956,
        24,
        708,
        620,
        919,
        386,
        886,
        285,
        171,
        635,
        828,
        688,
        118,
        205,
        738,
        927,
        560,
        534,
        484,
        489,
        657,
        7,
        322,
        686,
        180,
        829,
        983,
        133,
        569,
        836,
        701,
        963,
        403,
        786,
        949,
        161,
        389,
        126,
        798,
        720,
        821,
        690,
        252,
        342,
        827,
        178,
        817,
        667,
        208,
        430,
        976,
        743,
        187,
        258,
        91,
        486,
        436,
        961,
        86,
        376,
        179,
        541,
        607,
        859,
        345,
        597,
        155,
        818,
        11,
        242,
        280,
        770,
        332,
        726,
        945,
        712,
        504,
        929,
        352,
        576,
        793,
        202,
        808,
        757,
        800,
        478,
        643,
        219,
        477,
        953,
        390,
        809,
        211,
        566,
        543,
        894,
        125,
        799,
        987,
        130,
        739,
        393,
        964,
        574,
        329,
        558,
        192,
        94,
        765,
        99,
        547,
        751,
        622,
        605,
        553,
        722,
        591,
        938,
        113,
        958,
        300,
        411,
        519,
        637,
        432,
        895,
        156,
        259,
        47,
        498,
        174,
        235,
        377,
        295,
        967,
        516,
        602,
        284,
        51,
        18,
        21,
        145,
        995,
        724,
        19,
        819,
        617,
        12,
        281,
        587,
        326,
        593,
        251,
        764,
        907,
        358,
        561,
        245,
        273,
        716,
        169,
        60,
        791,
        550,
        466,
        546,
        304,
        287,
        15,
        562,
        533,
        875,
        717,
        95,
        860,
        769,
        555,
        82,
        804,
        336,
        930,
        139,
        261,
        305,
        858,
        384,
        105,
        22,
        900,
        367,
        531,
        784,
        62,
        31,
        201,
        633,
        676,
        59,
        652,
        612,
        176,
        373,
        347,
        434,
        660,
        422,
        229,
        802,
        736,
        487,
        520,
        83,
        13,
        87,
        472,
        946,
        585,
        510,
        937,
        899,
        911,
        85,
        492,
        502,
        204,
        500,
        503,
        221,
        92,
        700,
        131,
        398,
        264,
        97,
        672,
        891,
        193,
        816,
        463,
        98,
        960,
        989,
        626,
        418,
        844,
        41,
        529,
        314,
        5,
        74,
        385,
        412,
        464,
        666,
        68,
        40,
        455,
        830,
        768,
        580,
        148,
        256,
        64,
        475,
        269,
        310,
        230,
        137,
        365,
        548,
        330,
        49,
        209
    ],
    "Global Optimum": 0,
    "Algorithm": "Genetic algorithm",
    "Parameters": {
        "population": 30,
        "offspring": 30,
        "mutation probability": 0.001,
        "crossover probability": 0.9
    },
    "Fitness": 1317622,
    "Solution": [
        61,
        121,
        914,
        539,
        426,
        276,
        785,
        162,
        65,
        123,
        564,
        796,
        514,
        846,
        194,
        172,
        246,
        735,
        144,
        449,
        452,
        480,
        810,
        263,
        873,
        482,
        641,
        774,
        753,
        775,
        984,
        947,
        479,
        359,
        244,
        53,
        710,
        935,
        141,
        991,
        931,
        600,
        239,
        599,
        675,
        467,
        218,
        394,
        537,
        854,
        495,
        702,
        290,
        81,
        742,
        639,
        831,
        96,
        526,
        167,
        884,
        704,
        232,
        277,
        613,
        583,
        714,
        906,
        801,
        446,
        501,
        740,
        869,
        196,
        387,
        151,
        291,
        177,
        189,
        856,
        210,
        782,
        965,
        88,
        260,
        647,
        577,
        473,
        715,
        311,
        766,
        996,
        527,
        623,
        673,
        779,
        84,
        570,
        312,
        904,
        528,
        833,
        294,
        378,
        10,
        413,
        29,
        910,
        237,
        353,
        104,
        792,
        383,
        374,
        474,
        425,
        338,
        316,
        431,
        517,
        524,
        950,
        282,
        874,
        687,
        231,
        416,
        122,
        615,
        980,
        731,
        247,
        327,
        198,
        654,
        850,
        868,
        323,
        824,
        228,
        318,
        257,
        756,
        66,
        838,
        839,
        185,
        116,
        795,
        706,
        721,
        9,
        903,
        296,
        926,
        225,
        200,
        100,
        159,
        271,
        878,
        842,
        509,
        150,
        762,
        421,
        912,
        107,
        592,
        415,
        840,
        2,
        437,
        951,
        63,
        692,
        75,
        648,
        992,
        941,
        889,
        8,
        572,
        670,
        820,
        892,
        532,
        968,
        293,
        372,
        805,
        375,
        361,
        640,
        866,
        955,
        32,
        578,
        343,
        153,
        166,
        319,
        380,
        656,
        112,
        611,
        944,
        865,
        909,
        439,
        988,
        780,
        841,
        203,
        250,
        226,
        249,
        23,
        651,
        435,
        360,
        30,
        67,
        56,
        867,
        803,
        191,
        814,
        307,
        163,
        283,
        512,
        328,
        638,
        408,
        709,
        337,
        518,
        649,
        781,
        182,
        339,
        595,
        908,
        696,
        920,
        46,
        429,
        54,
        445,
        925,
        505,
        777,
        939,
        689,
        693,
        491,
        876,
        778,
        694,
        913,
        275,
        302,
        331,
        298,
        270,
        71,
        451,
        213,
        552,
        238,
        994,
        771,
        554,
        433,
        767,
        212,
        668,
        324,
        158,
        103,
        863,
        190,
        684,
        530,
        499,
        966,
        494,
        905,
        197,
        136,
        233,
        832,
        834,
        157,
        618,
        871,
        603,
        363,
        396,
        811,
        142,
        857,
        349,
        631,
        928,
        407,
        677,
        609,
        632,
        461,
        33,
        565,
        254,
        72,
        636,
        199,
        146,
        557,
        934,
        356,
        335,
        438,
        35,
        402,
        38,
        217,
        624,
        691,
        129,
        678,
        115,
        25,
        379,
        699,
        152,
        630,
        381,
        883,
        733,
        457,
        571,
        37,
        813,
        483,
        890,
        44,
        608,
        917,
        440,
        789,
        807,
        240,
        370,
        746,
        758,
        822,
        812,
        923,
        292,
        893,
        297,
        916,
        897,
        488,
        579,
        628,
        453,
        776,
        206,
        979,
        962,
        127,
        497,
        644,
        922,
        993,
        278,
        106,
        220,
        424,
        89,
        879,
        14,
        427,
        428,
        397,
        957,
        134,
        462,
        933,
        207,
        399,
        234,
        755,
        525,
        227,
        744,
        881,
        48,
        581,
        655,
        481,
        773,
        371,
        794,
        236,
        188,
        970,
        224,
        354,
        409,
        154,
        790,
        45,
        34,
        653,
        423,
        26,
        523,
        761,
        870,
        406,
        454,
        114,
        674,
        395,
        313,
        147,
        760,
        340,
        621,
        540,
        901,
        351,
        748,
        999,
        610,
        745,
        573,
        772,
        266,
        885,
        806,
        93,
        705,
        39,
        521,
        3,
        747,
        872,
        1,
        606,
        506,
        108,
        317,
        110,
        752,
        164,
        507,
        729,
        111,
        697,
        549,
        350,
        4,
        267,
        391,
        682,
        69,
        650,
        588,
        825,
        476,
        456,
        77,
        568,
        321,
        835,
        788,
        508,
        43,
        50,
        969,
        109,
        348,
        942,
        544,
        936,
        797,
        262,
        625,
        309,
        140,
        76,
        186,
        535,
        490,
        634,
        460,
        184,
        334,
        551,
        695,
        843,
        58,
        366,
        55,
        749,
        441,
        713,
        981,
        575,
        671,
        308,
        538,
        727,
        414,
        401,
        138,
        315,
        470,
        20,
        299,
        400,
        880,
        862,
        368,
        737,
        135,
        0,
        448,
        898,
        320,
        601,
        255,
        493,
        410,
        214,
        223,
        16,
        120,
        645,
        663,
        924,
        741,
        975,
        388,
        253,
        444,
        286,
        369,
        556,
        681,
        119,
        6,
        948,
        754,
        195,
        614,
        357,
        36,
        998,
        594,
        763,
        515,
        683,
        959,
        851,
        567,
        619,
        586,
        664,
        734,
        272,
        978,
        977,
        173,
        215,
        382,
        921,
        887,
        405,
        864,
        268,
        27,
        170,
        604,
        680,
        718,
        42,
        728,
        932,
        877,
        559,
        485,
        698,
        149,
        306,
        70,
        344,
        826,
        589,
        954,
        183,
        132,
        659,
        815,
        102,
        513,
        471,
        616,
        848,
        222,
        469,
        707,
        392,
        669,
        496,
        248,
        73,
        896,
        128,
        511,
        855,
        582,
        665,
        596,
        940,
        982,
        124,
        288,
        661,
        442,
        274,
        642,
        80,
        303,
        725,
        545,
        990,
        679,
        882,
        915,
        362,
        787,
        420,
        101,
        333,
        974,
        450,
        79,
        417,
        181,
        419,
        78,
        759,
        972,
        143,
        849,
        646,
        783,
        662,
        216,
        627,
        458,
        447,
        902,
        443,
        265,
        465,
        845,
        243,
        658,
        985,
        590,
        750,
        888,
        719,
        847,
        971,
        584,
        52,
        918,
        837,
        563,
        536,
        175,
        346,
        468,
        117,
        853,
        341,
        168,
        459,
        703,
        522,
        943,
        289,
        997,
        861,
        165,
        723,
        279,
        160,
        973,
        542,
        852,
        952,
        629,
        90,
        598,
        685,
        732,
        404,
        325,
        986,
        730,
        711,
        28,
        17,
        823,
        355,
        241,
        364,
        301,
        57,
        956,
        24,
        708,
        620,
        919,
        386,
        886,
        285,
        171,
        635,
        828,
        688,
        118,
        205,
        738,
        927,
        560,
        534,
        484,
        489,
        657,
        7,
        322,
        686,
        180,
        829,
        983,
        133,
        569,
        836,
        701,
        963,
        403,
        786,
        949,
        161,
        389,
        126,
        798,
        720,
        821,
        690,
        252,
        342,
        827,
        178,
        817,
        667,
        208,
        430,
        976,
        743,
        187,
        258,
        91,
        486,
        436,
        961,
        86,
        376,
        179,
        541,
        607,
        859,
        345,
        597,
        155,
        818,
        11,
        242,
        280,
        770,
        332,
        726,
        945,
        712,
        504,
        929,
        352,
        576,
        793,
        202,
        808,
        757,
        800,
        478,
        643,
        219,
        477,
        953,
        390,
        809,
        211,
        566,
        543,
        894,
        125,
        799,
        987,
        130,
        739,
        393,
        964,
        574,
        329,
        558,
        192,
        94,
        765,
        99,
        547,
        751,
        622,
        605,
        553,
        722,
        591,
        938,
        113,
        958,
        300,
        411,
        519,
        637,
        432,
        895,
        156,
        259,
        47,
        498,
        174,
        235,
        377,
        295,
        967,
        516,
        602,
        284,
        51,
        18,
        21,
        145,
        995,
        724,
        19,
        819,
        617,
        12,
        281,
        587,
        326,
        593,
        251,
        764,
        907,
        358,
        561,
        245,
        273,
        716,
        169,
        60,
        791,
        550,
        466,
        546,
        304,
        287,
        15,
        562,
        533,
        875,
        717,
        95,
        860,
        769,
        555,
        82,
        804,
        336,
        930,
        139,
        261,
        305,
        858,
        384,
        105,
        22,
        900,
        367,
        531,
        784,
        62,
        31,
        201,
        633,
        676,
        59,
        652,
        612,
        176,
        373,
        347,
        434,
        660,
        422,
        229,
        802,
        736,
        487,
        520,
        83,
        13,
        87,
        472,
        946,
        585,
        510,
        937,
        899,
        911,
        85,
        492,
        502,
        204,
        500,
        503,
        221,
        92,
        700,
        131,
        398,
        264,
        97,
        672,
        891,
        193,
        816,
        463,
        98,
        960,
        989,
        626,
        418,
        844,
        41,
        529,
        314,
        5,
        74,
        385,
        412,
        464,
        666,
        68,
        40,
        455,
        830,
        768,
        580,
        148,
        256,
        64,
        475,
        269,
        310,
        230,
        137,
        365,
        548,
        330,
        49,
        209
    ],
    "Nb of functions evaluations": 400020,
    "Computational time in seconds": 5389.876354932785,
    "Stopping criterion in evaluations": 400000
}