6° run output:
{
    "Function": "kroA1000.tsp",
    "Problem dimension": [
        74,
        401,
        714,
        199,
        460,
        35,
        736,
        645,
        735,
        441,
        66,
        778,
        753,
        215,
        232,
        988,
        293,
        103,
        901,
        749,
        424,
        128,
        854,
        491,
        228,
        143,
        655,
        905,
        575,
        345,
        775,
        204,
        817,
        420,
        819,
        282,
        870,
        939,
        789,
        836,
        761,
        713,
        948,
        34,
        510,
        765,
        623,
        633,
        931,
        316,
        859,
        117,
        339,
        375,
        325,
        866,
        799,
        976,
        764,
        910,
        519,
        6,
        872,
        762,
        96,
        842,
        885,
        780,
        960,
        14,
        734,
        266,
        435,
        956,
        647,
        496,
        802,
        434,
        119,
        946,
        609,
        428,
        880,
        255,
        825,
        938,
        794,
        620,
        179,
        191,
        105,
        707,
        275,
        335,
        21,
        891,
        694,
        926,
        8,
        899,
        573,
        798,
        983,
        384,
        86,
        998,
        398,
        312,
        41,
        717,
        173,
        572,
        487,
        65,
        544,
        205,
        916,
        236,
        37,
        807,
        217,
        688,
        507,
        12,
        746,
        176,
        953,
        568,
        439,
        40,
        213,
        218,
        476,
        447,
        19,
        849,
        343,
        438,
        900,
        622,
        500,
        101,
        245,
        604,
        318,
        574,
        88,
        677,
        950,
        91,
        909,
        189,
        468,
        639,
        49,
        277,
        920,
        860,
        686,
        650,
        914,
        624,
        30,
        307,
        321,
        533,
        684,
        888,
        747,
        392,
        45,
        214,
        669,
        368,
        281,
        317,
        591,
        727,
        405,
        32,
        364,
        942,
        930,
        121,
        874,
        726,
        541,
        294,
        559,
        169,
        379,
        837,
        682,
        449,
        589,
        158,
        580,
        719,
        843,
        535,
        229,
        404,
        372,
        993,
        742,
        206,
        495,
        841,
        269,
        664,
        470,
        815,
        235,
        999,
        673,
        745,
        728,
        203,
        155,
        175,
        276,
        133,
        367,
        285,
        140,
        820,
        875,
        832,
        264,
        289,
        43,
        61,
        924,
        354,
        126,
        419,
        81,
        578,
        957,
        725,
        450,
        336,
        896,
        201,
        416,
        879,
        477,
        221,
        20,
        894,
        964,
        936,
        599,
        68,
        733,
        554,
        149,
        786,
        828,
        70,
        683,
        584,
        223,
        811,
        521,
        889,
        308,
        782,
        211,
        342,
        994,
        393,
        177,
        582,
        187,
        632,
        515,
        911,
        494,
        410,
        851,
        252,
        596,
        151,
        587,
        857,
        253,
        648,
        129,
        481,
        168,
        244,
        949,
        139,
        55,
        527,
        992,
        611,
        69,
        813,
        157,
        478,
        937,
        388,
        366,
        99,
        940,
        490,
        641,
        193,
        440,
        493,
        220,
        791,
        750,
        805,
        445,
        249,
        743,
        706,
        28,
        53,
        225,
        417,
        756,
        984,
        840,
        642,
        658,
        448,
        113,
        0,
        577,
        94,
        27,
        67,
        501,
        730,
        453,
        980,
        305,
        386,
        459,
        52,
        254,
        297,
        887,
        328,
        760,
        666,
        576,
        986,
        474,
        973,
        347,
        812,
        951,
        796,
        333,
        480,
        360,
        779,
        675,
        662,
        619,
        991,
        835,
        373,
        561,
        163,
        549,
        804,
        485,
        208,
        370,
        708,
        772,
        975,
        144,
        748,
        955,
        558,
        171,
        935,
        855,
        341,
        547,
        838,
        502,
        63,
        676,
        878,
        451,
        1,
        892,
        304,
        26,
        369,
        895,
        770,
        443,
        427,
        808,
        286,
        310,
        78,
        563,
        287,
        777,
        845,
        219,
        771,
        383,
        394,
        918,
        349,
        556,
        862,
        224,
        523,
        831,
        36,
        858,
        844,
        869,
        631,
        314,
        646,
        409,
        881,
        475,
        693,
        182,
        454,
        146,
        853,
        106,
        112,
        972,
        334,
        661,
        16,
        656,
        553,
        598,
        922,
        752,
        437,
        108,
        539,
        583,
        327,
        923,
        358,
        29,
        279,
        446,
        469,
        489,
        421,
        301,
        565,
        555,
        118,
        518,
        606,
        483,
        699,
        654,
        603,
        299,
        326,
        323,
        302,
        755,
        679,
        425,
        551,
        514,
        698,
        247,
        180,
        691,
        408,
        274,
        516,
        183,
        164,
        703,
        529,
        414,
        422,
        788,
        692,
        150,
        337,
        672,
        465,
        188,
        377,
        538,
        226,
        784,
        47,
        295,
        617,
        197,
        306,
        506,
        104,
        897,
        552,
        138,
        585,
        492,
        42,
        499,
        768,
        852,
        737,
        696,
        166,
        411,
        73,
        33,
        503,
        365,
        744,
        458,
        567,
        883,
        695,
        989,
        787,
        628,
        667,
        962,
        17,
        626,
        457,
        200,
        273,
        303,
        738,
        630,
        262,
        71,
        557,
        322,
        54,
        613,
        280,
        689,
        586,
        827,
        87,
        423,
        850,
        259,
        625,
        352,
        678,
        357,
        433,
        801,
        240,
        471,
        537,
        227,
        3,
        776,
        141,
        608,
        111,
        378,
        76,
        644,
        970,
        415,
        635,
        890,
        248,
        350,
        159,
        194,
        652,
        231,
        89,
        209,
        705,
        272,
        944,
        241,
        50,
        132,
        46,
        142,
        243,
        95,
        351,
        653,
        498,
        58,
        374,
        462,
        114,
        826,
        868,
        512,
        320,
        504,
        361,
        978,
        291,
        382,
        601,
        109,
        385,
        517,
        505,
        803,
        324,
        192,
        185,
        134,
        72,
        657,
        11,
        724,
        484,
        131,
        958,
        154,
        170,
        660,
        390,
        871,
        90,
        110,
        376,
        97,
        461,
        797,
        348,
        614,
        135,
        355,
        597,
        965,
        560,
        77,
        497,
        56,
        463,
        917,
        612,
        758,
        267,
        990,
        757,
        85,
        137,
        701,
        721,
        346,
        882,
        120,
        526,
        893,
        161,
        429,
        595,
        311,
        671,
        830,
        943,
        739,
        60,
        407,
        396,
        861,
        912,
        400,
        329,
        466,
        766,
        536,
        534,
        270,
        115,
        284,
        697,
        300,
        48,
        663,
        913,
        261,
        127,
        528,
        867,
        486,
        399,
        513,
        397,
        615,
        987,
        472,
        522,
        569,
        927,
        979,
        359,
        977,
        681,
        174,
        216,
        426,
        186,
        124,
        230,
        834,
        856,
        24,
        718,
        996,
        233,
        704,
        482,
        690,
        763,
        711,
        412,
        846,
        824,
        932,
        51,
        847,
        550,
        959,
        5,
        829,
        963,
        531,
        903,
        823,
        616,
        702,
        863,
        906,
        670,
        38,
        605,
        18,
        391,
        431,
        436,
        876,
        467,
        800,
        884,
        600,
        145,
        751,
        59,
        403,
        256,
        13,
        638,
        571,
        709,
        239,
        296,
        985,
        107,
        156,
        290,
        136,
        181,
        381,
        380,
        833,
        627,
        822,
        848,
        548,
        810,
        542,
        570,
        511,
        212,
        246,
        952,
        974,
        759,
        265,
        947,
        545,
        344,
        530,
        877,
        588,
        665,
        839,
        455,
        904,
        621,
        356,
        966,
        313,
        710,
        790,
        57,
        195,
        729,
        581,
        864,
        153,
        637,
        590,
        9,
        592,
        969,
        330,
        202,
        919,
        184,
        659,
        967,
        7,
        915,
        629,
        982,
        873,
        237,
        147,
        98,
        740,
        319,
        464,
        685,
        781,
        809,
        785,
        731,
        945,
        488,
        907,
        283,
        473,
        250,
        674,
        564,
        148,
        178,
        432,
        39,
        315,
        152,
        479,
        508,
        31,
        251,
        387,
        649,
        100,
        524,
        925,
        242,
        636,
        23,
        816,
        402,
        722,
        263,
        995,
        298,
        165,
        92,
        594,
        125,
        332,
        680,
        430,
        543,
        353,
        340,
        792,
        754,
        634,
        418,
        774,
        190,
        712,
        331,
        814,
        80,
        62,
        389,
        160,
        643,
        22,
        562,
        64,
        122,
        258,
        130,
        821,
        196,
        395,
        93,
        997,
        10,
        902,
        818,
        566,
        278,
        968,
        363,
        116,
        2,
        610,
        234,
        268,
        908,
        444,
        413,
        961,
        540,
        602,
        82,
        520,
        406,
        651,
        928,
        593,
        933,
        793,
        271,
        715,
        929,
        532,
        15,
        162,
        44,
        886,
        898,
        371,
        687,
        767,
        79,
        741,
        865,
        198,
        700,
        716,
        222,
        260,
        452,
        921,
        732,
        309,
        210,
        806,
        442,
        362,
        75,
        618,
        579,
        172,
        981,
        338,
        971,
        723,
        84,
        795,
        546,
        238,
        4,
        773,
        640,
        668,
        207,
        954,
        607,
        167,
        720,
        123,
        769,
        456,
        941,
        509,
        25,
        292,
        288,
        783,
        257,
        83,
        934,
        525,
        102
    ],
    "Global Optimum": 0,
    "Algorithm": "Genetic algorithm",
    "Parameters": {
        "population": 30,
        "offspring": 30,
        "mutation probability": 0.001,
        "crossover probability": 0.9
    },
    "Fitness": 1293806,
    "Solution": [
        74,
        401,
        714,
        199,
        460,
        35,
        736,
        645,
        735,
        441,
        66,
        778,
        753,
        215,
        232,
        988,
        293,
        103,
        901,
        749,
        424,
        128,
        854,
        491,
        228,
        143,
        655,
        905,
        575,
        345,
        775,
        204,
        817,
        420,
        819,
        282,
        870,
        939,
        789,
        836,
        761,
        713,
        948,
        34,
        510,
        765,
        623,
        633,
        931,
        316,
        859,
        117,
        339,
        375,
        325,
        866,
        799,
        976,
        764,
        910,
        519,
        6,
        872,
        762,
        96,
        842,
        885,
        780,
        960,
        14,
        734,
        266,
        435,
        956,
        647,
        496,
        802,
        434,
        119,
        946,
        609,
        428,
        880,
        255,
        825,
        938,
        794,
        620,
        179,
        191,
        105,
        707,
        275,
        335,
        21,
        891,
        694,
        926,
        8,
        899,
        573,
        798,
        983,
        384,
        86,
        998,
        398,
        312,
        41,
        717,
        173,
        572,
        487,
        65,
        544,
        205,
        916,
        236,
        37,
        807,
        217,
        688,
        507,
        12,
        746,
        176,
        953,
        568,
        439,
        40,
        213,
        218,
        476,
        447,
        19,
        849,
        343,
        438,
        900,
        622,
        500,
        101,
        245,
        604,
        318,
        574,
        88,
        677,
        950,
        91,
        909,
        189,
        468,
        639,
        49,
        277,
        920,
        860,
        686,
        650,
        914,
        624,
        30,
        307,
        321,
        533,
        684,
        888,
        747,
        392,
        45,
        214,
        669,
        368,
        281,
        317,
        591,
        727,
        405,
        32,
        364,
        942,
        930,
        121,
        874,
        726,
        541,
        294,
        559,
        169,
        379,
        837,
        682,
        449,
        589,
        158,
        580,
        719,
        843,
        535,
        229,
        404,
        372,
        993,
        742,
        206,
        495,
        841,
        269,
        664,
        470,
        815,
        235,
        999,
        673,
        745,
        728,
        203,
        155,
        175,
        276,
        133,
        367,
        285,
        140,
        820,
        875,
        832,
        264,
        289,
        43,
        61,
        924,
        354,
        126,
        419,
        81,
        578,
        957,
        725,
        450,
        336,
        896,
        201,
        416,
        879,
        477,
        221,
        20,
        894,
        964,
        936,
        599,
        68,
        733,
        554,
        149,
        786,
        828,
        70,
        683,
        584,
        223,
        811,
        521,
        889,
        308,
        782,
        211,
        342,
        994,
        393,
        177,
        582,
        187,
        632,
        515,
        911,
        494,
        410,
        851,
        252,
        596,
        151,
        587,
        857,
        253,
        648,
        129,
        481,
        168,
        244,
        949,
        139,
        55,
        527,
        992,
        611,
        69,
        813,
        157,
        478,
        937,
        388,
        366,
        99,
        940,
        490,
        641,
        193,
        440,
        493,
        220,
        791,
        750,
        805,
        445,
        249,
        743,
        706,
        28,
        53,
        225,
        417,
        756,
        984,
        840,
        642,
        658,
        448,
        113,
        0,
        577,
        94,
        27,
        67,
        501,
        730,
        453,
        980,
        305,
        386,
        459,
        52,
        254,
        297,
        887,
        328,
        760,
        666,
        576,
        986,
        474,
        973,
        347,
        812,
        951,
        796,
        333,
        480,
        360,
        779,
        675,
        662,
        619,
        991,
        835,
        373,
        561,
        163,
        549,
        804,
        485,
        208,
        370,
        708,
        772,
        975,
        144,
        748,
        955,
        558,
        171,
        935,
        855,
        341,
        547,
        838,
        502,
        63,
        676,
        878,
        451,
        1,
        892,
        304,
        26,
        369,
        895,
        770,
        443,
        427,
        808,
        286,
        310,
        78,
        563,
        287,
        777,
        845,
        219,
        771,
        383,
        394,
        918,
        349,
        556,
        862,
        224,
        523,
        831,
        36,
        858,
        844,
        869,
        631,
        314,
        646,
        409,
        881,
        475,
        693,
        182,
        454,
        146,
        853,
        106,
        112,
        972,
        334,
        661,
        16,
        656,
        553,
        598,
        922,
        752,
        437,
        108,
        539,
        583,
        327,
        923,
        358,
        29,
        279,
        446,
        469,
        489,
        421,
        301,
        565,
        555,
        118,
        518,
        606,
        483,
        699,
        654,
        603,
        299,
        326,
        323,
        302,
        755,
        679,
        425,
        551,
        514,
        698,
        247,
        180,
        691,
        408,
        274,
        516,
        183,
        164,
        703,
        529,
        414,
        422,
        788,
        692,
        150,
        337,
        672,
        465,
        188,
        377,
        538,
        226,
        784,
        47,
        295,
        617,
        197,
        306,
        506,
        104,
        897,
        552,
        138,
        585,
        492,
        42,
        499,
        768,
        852,
        737,
        696,
        166,
        411,
        73,
        33,
        503,
        365,
        744,
        458,
        567,
        883,
        695,
        989,
        787,
        628,
        667,
        962,
        17,
        626,
        457,
        200,
        273,
        303,
        738,
        630,
        262,
        71,
        557,
        322,
        54,
        613,
        280,
        689,
        586,
        827,
        87,
        423,
        850,
        259,
        625,
        352,
        678,
        357,
        433,
        801,
        240,
        471,
        537,
        227,
        3,
        776,
        141,
        608,
        111,
        378,
        76,
        644,
        970,
        415,
        635,
        890,
        248,
        350,
        159,
        194,
        652,
        231,
        89,
        209,
        705,
        272,
        944,
        241,
        50,
        132,
        46,
        142,
        243,
        95,
        351,
        653,
        498,
        58,
        374,
        462,
        114,
        826,
        868,
        512,
        320,
        504,
        361,
        978,
        291,
        382,
        601,
        109,
        385,
        517,
        505,
        803,
        324,
        192,
        185,
        134,
        72,
        657,
        11,
        724,
        484,
        131,
        958,
        154,
        170,
        660,
        390,
        871,
        90,
        110,
        376,
        97,
        461,
        797,
        348,
        614,
        135,
        355,
        597,
        965,
        560,
        77,
        497,
        56,
        463,
        917,
        612,
        758,
        267,
        990,
        757,
        85,
        137,
        701,
        721,
        346,
        882,
        120,
        526,
        893,
        161,
        429,
        595,
        311,
        671,
        830,
        943,
        739,
        60,
        407,
        396,
        861,
        912,
        400,
        329,
        466,
        766,
        536,
        534,
        270,
        115,
        284,
        697,
        300,
        48,
        663,
        913,
        261,
        127,
        528,
        867,
        486,
        399,
        513,
        397,
        615,
        987,
        472,
        522,
        569,
        927,
        979,
        359,
        977,
        681,
        174,
        216,
        426,
        186,
        124,
        230,
        834,
        856,
        24,
        718,
        996,
        233,
        704,
        482,
        690,
        763,
        711,
        412,
        846,
        824,
        932,
        51,
        847,
        550,
        959,
        5,
        829,
        963,
        531,
        903,
        823,
        616,
        702,
        863,
        906,
        670,
        38,
        605,
        18,
        391,
        431,
        436,
        876,
        467,
        800,
        884,
        600,
        145,
        751,
        59,
        403,
        256,
        13,
        638,
        571,
        709,
        239,
        296,
        985,
        107,
        156,
        290,
        136,
        181,
        381,
        380,
        833,
        627,
        822,
        848,
        548,
        810,
        542,
        570,
        511,
        212,
        246,
        952,
        974,
        759,
        265,
        947,
        545,
        344,
        530,
        877,
        588,
        665,
        839,
        455,
        904,
        621,
        356,
        966,
        313,
        710,
        790,
        57,
        195,
        729,
        581,
        864,
        153,
        637,
        590,
        9,
        592,
        969,
        330,
        202,
        919,
        184,
        659,
        967,
        7,
        915,
        629,
        982,
        873,
        237,
        147,
        98,
        740,
        319,
        464,
        685,
        781,
        809,
        785,
        731,
        945,
        488,
        907,
        283,
        473,
        250,
        674,
        564,
        148,
        178,
        432,
        39,
        315,
        152,
        479,
        508,
        31,
        251,
        387,
        649,
        100,
        524,
        925,
        242,
        636,
        23,
        816,
        402,
        722,
        263,
        995,
        298,
        165,
        92,
        594,
        125,
        332,
        680,
        430,
        543,
        353,
        340,
        792,
        754,
        634,
        418,
        774,
        190,
        712,
        331,
        814,
        80,
        62,
        389,
        160,
        643,
        22,
        562,
        64,
        122,
        258,
        130,
        821,
        196,
        395,
        93,
        997,
        10,
        902,
        818,
        566,
        278,
        968,
        363,
        116,
        2,
        610,
        234,
        268,
        908,
        444,
        413,
        961,
        540,
        602,
        82,
        520,
        406,
        651,
        928,
        593,
        933,
        793,
        271,
        715,
        929,
        532,
        15,
        162,
        44,
        886,
        898,
        371,
        687,
        767,
        79,
        741,
        865,
        198,
        700,
        716,
        222,
        260,
        452,
        921,
        732,
        309,
        210,
        806,
        442,
        362,
        75,
        618,
        579,
        172,
        981,
        338,
        971,
        723,
        84,
        795,
        546,
        238,
        4,
        773,
        640,
        668,
        207,
        954,
        607,
        167,
        720,
        123,
        769,
        456,
        941,
        509,
        25,
        292,
        288,
        783,
        257,
        83,
        934,
        525,
        102
    ],
    "Nb of functions evaluations": 400020,
    "Computational time in seconds": 5390.3018963336945,
    "Stopping criterion in evaluations": 400000
}