4° run output:
{
    "Function": "kroA1000.tsp",
    "Problem dimension": [
        911,
        565,
        343,
        406,
        0,
        534,
        525,
        268,
        56,
        760,
        326,
        880,
        192,
        330,
        835,
        186,
        693,
        376,
        475,
        28,
        15,
        708,
        791,
        733,
        543,
        67,
        372,
        220,
        18,
        738,
        905,
        712,
        552,
        856,
        604,
        483,
        800,
        464,
        864,
        306,
        747,
        955,
        245,
        988,
        129,
        286,
        848,
        812,
        78,
        515,
        751,
        872,
        997,
        432,
        550,
        314,
        101,
        255,
        709,
        878,
        609,
        799,
        894,
        159,
        717,
        174,
        438,
        313,
        273,
        237,
        377,
        745,
        614,
        317,
        183,
        84,
        95,
        424,
        643,
        847,
        441,
        202,
        150,
        429,
        503,
        499,
        875,
        702,
        442,
        744,
        100,
        924,
        576,
        826,
        834,
        426,
        401,
        4,
        151,
        390,
        128,
        216,
        770,
        914,
        559,
        694,
        518,
        939,
        194,
        195,
        414,
        933,
        772,
        980,
        922,
        925,
        846,
        86,
        178,
        278,
        917,
        558,
        6,
        720,
        402,
        294,
        93,
        773,
        718,
        285,
        664,
        668,
        492,
        597,
        54,
        96,
        649,
        866,
        318,
        930,
        731,
        779,
        701,
        513,
        325,
        134,
        266,
        533,
        229,
        622,
        897,
        357,
        132,
        589,
        628,
        867,
        361,
        580,
        544,
        223,
        394,
        855,
        267,
        410,
        226,
        651,
        561,
        587,
        956,
        282,
        189,
        861,
        557,
        949,
        504,
        481,
        316,
        240,
        823,
        704,
        36,
        600,
        696,
        727,
        270,
        993,
        107,
        417,
        863,
        568,
        524,
        430,
        290,
        680,
        841,
        479,
        869,
        461,
        563,
        831,
        422,
        111,
        329,
        203,
        554,
        621,
        801,
        501,
        498,
        353,
        488,
        741,
        113,
        185,
        995,
        601,
        976,
        970,
        339,
        811,
        616,
        673,
        213,
        215,
        984,
        248,
        617,
        667,
        548,
        281,
        697,
        927,
        246,
        749,
        960,
        814,
        471,
        416,
        193,
        123,
        507,
        623,
        516,
        979,
        445,
        243,
        882,
        574,
        764,
        303,
        775,
        346,
        280,
        541,
        674,
        753,
        683,
        809,
        368,
        413,
        104,
        218,
        379,
        435,
        409,
        506,
        620,
        177,
        72,
        380,
        484,
        33,
        788,
        22,
        180,
        813,
        385,
        340,
        957,
        828,
        127,
        328,
        793,
        803,
        68,
        395,
        388,
        757,
        421,
        676,
        392,
        746,
        973,
        723,
        636,
        982,
        94,
        971,
        135,
        666,
        366,
        9,
        689,
        966,
        926,
        954,
        344,
        936,
        76,
        176,
        153,
        598,
        11,
        661,
        271,
        635,
        254,
        577,
        879,
        230,
        642,
        284,
        996,
        232,
        319,
        932,
        892,
        771,
        436,
        573,
        787,
        114,
        92,
        369,
        526,
        32,
        162,
        358,
        638,
        890,
        144,
        762,
        212,
        838,
        795,
        895,
        572,
        948,
        244,
        815,
        564,
        907,
        24,
        654,
        963,
        52,
        298,
        583,
        341,
        527,
        179,
        289,
        474,
        35,
        235,
        698,
        25,
        287,
        83,
        265,
        633,
        686,
        670,
        141,
        928,
        769,
        542,
        536,
        759,
        448,
        364,
        241,
        992,
        756,
        415,
        754,
        44,
        454,
        269,
        467,
        789,
        647,
        782,
        170,
        238,
        679,
        485,
        371,
        447,
        427,
        888,
        761,
        207,
        611,
        16,
        297,
        824,
        469,
        567,
        276,
        896,
        34,
        460,
        732,
        874,
        735,
        347,
        431,
        236,
        716,
        315,
        508,
        590,
        902,
        90,
        619,
        332,
        985,
        478,
        320,
        190,
        164,
        743,
        197,
        657,
        41,
        877,
        105,
        152,
        300,
        487,
        860,
        885,
        457,
        740,
        374,
        721,
        531,
        126,
        260,
        224,
        210,
        66,
        121,
        200,
        605,
        596,
        491,
        337,
        219,
        640,
        734,
        351,
        575,
        998,
        38,
        272,
        822,
        578,
        901,
        923,
        173,
        671,
        646,
        736,
        65,
        61,
        510,
        27,
        796,
        309,
        650,
        182,
        843,
        678,
        842,
        950,
        14,
        181,
        571,
        120,
        311,
        233,
        520,
        663,
        389,
        205,
        940,
        198,
        456,
        530,
        323,
        916,
        514,
        161,
        853,
        434,
        816,
        352,
        53,
        873,
        742,
        283,
        615,
        47,
        312,
        517,
        370,
        208,
        495,
        322,
        915,
        653,
        160,
        692,
        889,
        70,
        906,
        19,
        171,
        630,
        367,
        277,
        854,
        579,
        798,
        490,
        912,
        529,
        729,
        553,
        411,
        473,
        355,
        275,
        125,
        428,
        130,
        777,
        910,
        726,
        480,
        30,
        288,
        1,
        523,
        211,
        334,
        500,
        634,
        199,
        154,
        797,
        398,
        338,
        833,
        806,
        310,
        780,
        990,
        209,
        786,
        146,
        391,
        91,
        331,
        808,
        904,
        512,
        143,
        133,
        206,
        418,
        493,
        345,
        399,
        60,
        375,
        705,
        677,
        302,
        299,
        102,
        64,
        790,
        87,
        227,
        440,
        13,
        825,
        458,
        494,
        191,
        626,
        252,
        584,
        149,
        840,
        699,
        148,
        724,
        381,
        444,
        476,
        97,
        124,
        168,
        588,
        688,
        958,
        684,
        965,
        85,
        472,
        522,
        46,
        459,
        593,
        21,
        714,
        560,
        613,
        566,
        362,
        935,
        496,
        739,
        425,
        261,
        962,
        655,
        862,
        99,
        397,
        110,
        612,
        396,
        109,
        10,
        943,
        116,
        703,
        603,
        71,
        685,
        156,
        952,
        163,
        49,
        830,
        730,
        55,
        532,
        648,
        818,
        119,
        521,
        941,
        682,
        155,
        321,
        951,
        204,
        75,
        857,
        342,
        767,
        929,
        887,
        695,
        639,
        687,
        291,
        259,
        82,
        247,
        827,
        117,
        728,
        511,
        69,
        167,
        944,
        81,
        378,
        870,
        891,
        700,
        595,
        5,
        608,
        884,
        470,
        625,
        582,
        837,
        656,
        931,
        264,
        136,
        12,
        783,
        80,
        118,
        737,
        356,
        886,
        437,
        607,
        231,
        785,
        549,
        752,
        900,
        98,
        819,
        169,
        292,
        333,
        722,
        669,
        58,
        131,
        909,
        263,
        849,
        710,
        449,
        239,
        974,
        881,
        217,
        63,
        978,
        188,
        251,
        73,
        658,
        166,
        234,
        62,
        451,
        865,
        781,
        659,
        794,
        196,
        26,
        937,
        938,
        172,
        898,
        59,
        774,
        400,
        74,
        832,
        953,
        103,
        403,
        423,
        660,
        629,
        88,
        585,
        592,
        844,
        637,
        349,
        850,
        139,
        412,
        921,
        632,
        175,
        804,
        690,
        618,
        497,
        363,
        222,
        365,
        624,
        807,
        969,
        122,
        959,
        983,
        836,
        528,
        489,
        644,
        641,
        23,
        405,
        546,
        465,
        443,
        821,
        570,
        463,
        147,
        439,
        893,
        360,
        610,
        991,
        778,
        258,
        784,
        768,
        393,
        581,
        810,
        706,
        967,
        77,
        839,
        158,
        214,
        763,
        404,
        304,
        228,
        140,
        336,
        307,
        964,
        968,
        257,
        662,
        3,
        681,
        946,
        672,
        106,
        466,
        981,
        858,
        591,
        599,
        994,
        868,
        108,
        29,
        373,
        972,
        2,
        919,
        350,
        7,
        201,
        545,
        50,
        594,
        295,
        645,
        256,
        562,
        242,
        725,
        539,
        305,
        975,
        987,
        187,
        468,
        802,
        420,
        45,
        569,
        711,
        112,
        505,
        817,
        253,
        852,
        462,
        301,
        765,
        707,
        383,
        51,
        450,
        382,
        407,
        384,
        899,
        920,
        535,
        250,
        482,
        348,
        225,
        918,
        324,
        20,
        537,
        820,
        748,
        776,
        296,
        221,
        602,
        556,
        908,
        446,
        961,
        165,
        977,
        509,
        137,
        586,
        519,
        40,
        555,
        606,
        327,
        627,
        691,
        419,
        631,
        17,
        359,
        335,
        538,
        48,
        792,
        947,
        455,
        262,
        989,
        913,
        408,
        433,
        486,
        805,
        675,
        719,
        876,
        942,
        851,
        89,
        829,
        57,
        758,
        477,
        42,
        755,
        43,
        157,
        274,
        999,
        453,
        8,
        859,
        115,
        540,
        354,
        452,
        713,
        883,
        386,
        249,
        145,
        37,
        845,
        945,
        766,
        142,
        184,
        551,
        547,
        665,
        715,
        308,
        652,
        138,
        502,
        903,
        279,
        387,
        39,
        986,
        293,
        871,
        934,
        79,
        750,
        31
    ],
    "Global Optimum": 0,
    "Algorithm": "Genetic algorithm",
    "Parameters": {
        "population": 30,
        "offspring": 30,
        "mutation probability": 0.001,
        "crossover probability": 0.9
    },
    "Fitness": 1305166,
    "Solution": [
        911,
        565,
        343,
        406,
        0,
        534,
        525,
        268,
        56,
        760,
        326,
        880,
        192,
        330,
        835,
        186,
        693,
        376,
        475,
        28,
        15,
        708,
        791,
        733,
        543,
        67,
        372,
        220,
        18,
        738,
        905,
        712,
        552,
        856,
        604,
        483,
        800,
        464,
        864,
        306,
        747,
        955,
        245,
        988,
        129,
        286,
        848,
        812,
        78,
        515,
        751,
        872,
        997,
        432,
        550,
        314,
        101,
        255,
        709,
        878,
        609,
        799,
        894,
        159,
        717,
        174,
        438,
        313,
        273,
        237,
        377,
        745,
        614,
        317,
        183,
        84,
        95,
        424,
        643,
        847,
        441,
        202,
        150,
        429,
        503,
        499,
        875,
        702,
        442,
        744,
        100,
        924,
        576,
        826,
        834,
        426,
        401,
        4,
        151,
        390,
        128,
        216,
        770,
        914,
        559,
        694,
        518,
        939,
        194,
        195,
        414,
        933,
        772,
        980,
        922,
        925,
        846,
        86,
        178,
        278,
        917,
        558,
        6,
        720,
        402,
        294,
        93,
        773,
        718,
        285,
        664,
        668,
        492,
        597,
        54,
        96,
        649,
        866,
        318,
        930,
        731,
        779,
        701,
        513,
        325,
        134,
        266,
        533,
        229,
        622,
        897,
        357,
        132,
        589,
        628,
        867,
        361,
        580,
        544,
        223,
        394,
        855,
        267,
        410,
        226,
        651,
        561,
        587,
        956,
        282,
        189,
        861,
        557,
        949,
        504,
        481,
        316,
        240,
        823,
        704,
        36,
        600,
        696,
        727,
        270,
        993,
        107,
        417,
        863,
        568,
        524,
        430,
        290,
        680,
        841,
        479,
        869,
        461,
        563,
        831,
        422,
        111,
        329,
        203,
        554,
        621,
        801,
        501,
        498,
        353,
        488,
        741,
        113,
        185,
        995,
        601,
        976,
        970,
        339,
        811,
        616,
        673,
        213,
        215,
        984,
        248,
        617,
        667,
        548,
        281,
        697,
        927,
        246,
        749,
        960,
        814,
        471,
        416,
        193,
        123,
        507,
        623,
        516,
        979,
        445,
        243,
        882,
        574,
        764,
        303,
        775,
        346,
        280,
        541,
        674,
        753,
        683,
        809,
        368,
        413,
        104,
        218,
        379,
        435,
        409,
        506,
        620,
        177,
        72,
        380,
        484,
        33,
        788,
        22,
        180,
        813,
        385,
        340,
        957,
        828,
        127,
        328,
        793,
        803,
        68,
        395,
        388,
        757,
        421,
        676,
        392,
        746,
        973,
        723,
        636,
        982,
        94,
        971,
        135,
        666,
        366,
        9,
        689,
        966,
        926,
        954,
        344,
        936,
        76,
        176,
        153,
        598,
        11,
        661,
        271,
        635,
        254,
        577,
        879,
        230,
        642,
        284,
        996,
        232,
        319,
        932,
        892,
        771,
        436,
        573,
        787,
        114,
        92,
        369,
        526,
        32,
        162,
        358,
        638,
        890,
        144,
        762,
        212,
        838,
        795,
        895,
        572,
        948,
        244,
        815,
        564,
        907,
        24,
        654,
        963,
        52,
        298,
        583,
        341,
        527,
        179,
        289,
        474,
        35,
        235,
        698,
        25,
        287,
        83,
        265,
        633,
        686,
        670,
        141,
        928,
        769,
        542,
        536,
        759,
        448,
        364,
        241,
        992,
        756,
        415,
        754,
        44,
        454,
        269,
        467,
        789,
        647,
        782,
        170,
        238,
        679,
        485,
        371,
        447,
        427,
        888,
        761,
        207,
        611,
        16,
        297,
        824,
        469,
        567,
        276,
        896,
        34,
        460,
        732,
        874,
        735,
        347,
        431,
        236,
        716,
        315,
        508,
        590,
        902,
        90,
        619,
        332,
        985,
        478,
        320,
        190,
        164,
        743,
        197,
        657,
        41,
        877,
        105,
        152,
        300,
        487,
        860,
        885,
        457,
        740,
        374,
        721,
        531,
        126,
        260,
        224,
        210,
        66,
        121,
        200,
        605,
        596,
        491,
        337,
        219,
        640,
        734,
        351,
        575,
        998,
        38,
        272,
        822,
        578,
        901,
        923,
        173,
        671,
        646,
        736,
        65,
        61,
        510,
        27,
        796,
        309,
        650,
        182,
        843,
        678,
        842,
        950,
        14,
        181,
        571,
        120,
        311,
        233,
        520,
        663,
        389,
        205,
        940,
        198,
        456,
        530,
        323,
        916,
        514,
        161,
        853,
        434,
        816,
        352,
        53,
        873,
        742,
        283,
        615,
        47,
        312,
        517,
        370,
        208,
        495,
        322,
        915,
        653,
        160,
        692,
        889,
        70,
        906,
        19,
        171,
        630,
        367,
        277,
        854,
        579,
        798,
        490,
        912,
        529,
        729,
        553,
        411,
        473,
        355,
        275,
        125,
        428,
        130,
        777,
        910,
        726,
        480,
        30,
        288,
        1,
        523,
        211,
        334,
        500,
        634,
        199,
        154,
        797,
        398,
        338,
        833,
        806,
        310,
        780,
        990,
        209,
        786,
        146,
        391,
        91,
        331,
        808,
        904,
        512,
        143,
        133,
        206,
        418,
        493,
        345,
        399,
        60,
        375,
        705,
        677,
        302,
        299,
        102,
        64,
        790,
        87,
        227,
        440,
        13,
        825,
        458,
        494,
        191,
        626,
        252,
        584,
        149,
        840,
        699,
        148,
        724,
        381,
        444,
        476,
        97,
        124,
        168,
        588,
        688,
        958,
        684,
        965,
        85,
        472,
        522,
        46,
        459,
        593,
        21,
        714,
        560,
        613,
        566,
        362,
        935,
        496,
        739,
        425,
        261,
        962,
        655,
        862,
        99,
        397,
        110,
        612,
        396,
        109,
        10,
        943,
        116,
        703,
        603,
        71,
        685,
        156,
        952,
        163,
        49,
        830,
        730,
        55,
        532,
        648,
        818,
        119,
        521,
        941,
        682,
        155,
        321,
        951,
        204,
        75,
        857,
        342,
        767,
        929,
        887,
        695,
        639,
        687,
        291,
        259,
        82,
        247,
        827,
        117,
        728,
        511,
        69,
        167,
        944,
        81,
        378,
        870,
        891,
        700,
        595,
        5,
        608,
        884,
        470,
        625,
        582,
        837,
        656,
        931,
        264,
        136,
        12,
        783,
        80,
        118,
        737,
        356,
        886,
        437,
        607,
        231,
        785,
        549,
        752,
        900,
        98,
        819,
        169,
        292,
        333,
        722,
        669,
        58,
        131,
        909,
        263,
        849,
        710,
        449,
        239,
        974,
        881,
        217,
        63,
        978,
        188,
        251,
        73,
        658,
        166,
        234,
        62,
        451,
        865,
        781,
        659,
        794,
        196,
        26,
        937,
        938,
        172,
        898,
        59,
        774,
        400,
        74,
        832,
        953,
        103,
        403,
        423,
        660,
        629,
        88,
        585,
        592,
        844,
        637,
        349,
        850,
        139,
        412,
        921,
        632,
        175,
        804,
        690,
        618,
        497,
        363,
        222,
        365,
        624,
        807,
        969,
        122,
        959,
        983,
        836,
        528,
        489,
        644,
        641,
        23,
        405,
        546,
        465,
        443,
        821,
        570,
        463,
        147,
        439,
        893,
        360,
        610,
        991,
        778,
        258,
        784,
        768,
        393,
        581,
        810,
        706,
        967,
        77,
        839,
        158,
        214,
        763,
        404,
        304,
        228,
        140,
        336,
        307,
        964,
        968,
        257,
        662,
        3,
        681,
        946,
        672,
        106,
        466,
        981,
        858,
        591,
        599,
        994,
        868,
        108,
        29,
        373,
        972,
        2,
        919,
        350,
        7,
        201,
        545,
        50,
        594,
        295,
        645,
        256,
        562,
        242,
        725,
        539,
        305,
        975,
        987,
        187,
        468,
        802,
        420,
        45,
        569,
        711,
        112,
        505,
        817,
        253,
        852,
        462,
        301,
        765,
        707,
        383,
        51,
        450,
        382,
        407,
        384,
        899,
        920,
        535,
        250,
        482,
        348,
        225,
        918,
        324,
        20,
        537,
        820,
        748,
        776,
        296,
        221,
        602,
        556,
        908,
        446,
        961,
        165,
        977,
        509,
        137,
        586,
        519,
        40,
        555,
        606,
        327,
        627,
        691,
        419,
        631,
        17,
        359,
        335,
        538,
        48,
        792,
        947,
        455,
        262,
        989,
        913,
        408,
        433,
        486,
        805,
        675,
        719,
        876,
        942,
        851,
        89,
        829,
        57,
        758,
        477,
        42,
        755,
        43,
        157,
        274,
        999,
        453,
        8,
        859,
        115,
        540,
        354,
        452,
        713,
        883,
        386,
        249,
        145,
        37,
        845,
        945,
        766,
        142,
        184,
        551,
        547,
        665,
        715,
        308,
        652,
        138,
        502,
        903,
        279,
        387,
        39,
        986,
        293,
        871,
        934,
        79,
        750,
        31
    ],
    "Nb of functions evaluations": 400020,
    "Computational time in seconds": 5518.071219444275,
    "Stopping criterion in evaluations": 400000
}