18° run output:
{
    "Function": "kroA300.tsp",
    "Problem dimension": [
        156,
        178,
        28,
        18,
        174,
        243,
        20,
        64,
        186,
        116,
        45,
        168,
        153,
        212,
        241,
        80,
        73,
        16,
        270,
        263,
        196,
        72,
        59,
        130,
        35,
        81,
        15,
        296,
        139,
        225,
        172,
        258,
        2,
        122,
        173,
        23,
        46,
        87,
        199,
        274,
        249,
        281,
        84,
        279,
        148,
        188,
        284,
        230,
        118,
        109,
        213,
        164,
        200,
        134,
        226,
        238,
        218,
        287,
        292,
        21,
        255,
        82,
        201,
        240,
        149,
        49,
        229,
        204,
        268,
        100,
        141,
        112,
        293,
        42,
        33,
        91,
        83,
        117,
        165,
        47,
        271,
        232,
        41,
        106,
        1,
        108,
        22,
        297,
        121,
        11,
        197,
        67,
        219,
        175,
        191,
        12,
        48,
        17,
        124,
        182,
        114,
        0,
        217,
        97,
        120,
        110,
        192,
        252,
        70,
        29,
        163,
        259,
        8,
        77,
        3,
        167,
        180,
        190,
        288,
        58,
        181,
        113,
        129,
        235,
        152,
        207,
        6,
        150,
        239,
        269,
        278,
        102,
        94,
        261,
        50,
        86,
        36,
        183,
        193,
        96,
        103,
        31,
        85,
        147,
        299,
        135,
        65,
        9,
        202,
        98,
        242,
        158,
        184,
        78,
        285,
        69,
        277,
        24,
        159,
        57,
        214,
        32,
        61,
        128,
        75,
        215,
        234,
        203,
        245,
        55,
        170,
        89,
        136,
        208,
        154,
        265,
        177,
        211,
        53,
        247,
        171,
        131,
        187,
        220,
        123,
        286,
        160,
        79,
        40,
        253,
        104,
        132,
        99,
        233,
        27,
        88,
        51,
        282,
        176,
        54,
        92,
        5,
        119,
        140,
        66,
        95,
        146,
        185,
        133,
        244,
        63,
        68,
        262,
        290,
        38,
        209,
        151,
        145,
        161,
        25,
        10,
        237,
        283,
        246,
        107,
        44,
        115,
        105,
        14,
        43,
        251,
        273,
        295,
        205,
        162,
        206,
        275,
        4,
        257,
        222,
        93,
        194,
        216,
        267,
        227,
        101,
        179,
        34,
        228,
        210,
        76,
        60,
        7,
        52,
        56,
        231,
        294,
        71,
        276,
        13,
        157,
        30,
        143,
        250,
        90,
        195,
        256,
        26,
        291,
        166,
        298,
        264,
        19,
        144,
        127,
        37,
        39,
        248,
        198,
        221,
        138,
        189,
        272,
        266,
        280,
        223,
        126,
        111,
        224,
        236,
        142,
        137,
        155,
        125,
        169,
        62,
        74,
        289,
        254,
        260
    ],
    "Global Optimum": 0,
    "Algorithm": "Genetic algorithm",
    "Parameters": {
        "population": 30,
        "offspring": 30,
        "mutation probability": 0.0033333333333333335,
        "crossover probability": 0.9
    },
    "Fitness": 353543,
    "Solution": [
        156,
        178,
        28,
        18,
        174,
        243,
        20,
        64,
        186,
        116,
        45,
        168,
        153,
        212,
        241,
        80,
        73,
        16,
        270,
        263,
        196,
        72,
        59,
        130,
        35,
        81,
        15,
        296,
        139,
        225,
        172,
        258,
        2,
        122,
        173,
        23,
        46,
        87,
        199,
        274,
        249,
        281,
        84,
        279,
        148,
        188,
        284,
        230,
        118,
        109,
        213,
        164,
        200,
        134,
        226,
        238,
        218,
        287,
        292,
        21,
        255,
        82,
        201,
        240,
        149,
        49,
        229,
        204,
        268,
        100,
        141,
        112,
        293,
        42,
        33,
        91,
        83,
        117,
        165,
        47,
        271,
        232,
        41,
        106,
        1,
        108,
        22,
        297,
        121,
        11,
        197,
        67,
        219,
        175,
        191,
        12,
        48,
        17,
        124,
        182,
        114,
        0,
        217,
        97,
        120,
        110,
        192,
        252,
        70,
        29,
        163,
        259,
        8,
        77,
        3,
        167,
        180,
        190,
        288,
        58,
        181,
        113,
        129,
        235,
        152,
        207,
        6,
        150,
        239,
        269,
        278,
        102,
        94,
        261,
        50,
        86,
        36,
        183,
        193,
        96,
        103,
        31,
        85,
        147,
        299,
        135,
        65,
        9,
        202,
        98,
        242,
        158,
        184,
        78,
        285,
        69,
        277,
        24,
        159,
        57,
        214,
        32,
        61,
        128,
        75,
        215,
        234,
        203,
        245,
        55,
        170,
        89,
        136,
        208,
        154,
        265,
        177,
        211,
        53,
        247,
        171,
        131,
        187,
        220,
        123,
        286,
        160,
        79,
        40,
        253,
        104,
        132,
        99,
        233,
        27,
        88,
        51,
        282,
        176,
        54,
        92,
        5,
        119,
        140,
        66,
        95,
        146,
        185,
        133,
        244,
        63,
        68,
        262,
        290,
        38,
        209,
        151,
        145,
        161,
        25,
        10,
        237,
        283,
        246,
        107,
        44,
        115,
        105,
        14,
        43,
        251,
        273,
        295,
        205,
        162,
        206,
        275,
        4,
        257,
        222,
        93,
        194,
        216,
        267,
        227,
        101,
        179,
        34,
        228,
        210,
        76,
        60,
        7,
        52,
        56,
        231,
        294,
        71,
        276,
        13,
        157,
        30,
        143,
        250,
        90,
        195,
        256,
        26,
        291,
        166,
        298,
        264,
        19,
        144,
        127,
        37,
        39,
        248,
        198,
        221,
        138,
        189,
        272,
        266,
        280,
        223,
        126,
        111,
        224,
        236,
        142,
        137,
        155,
        125,
        169,
        62,
        74,
        289,
        254,
        260
    ],
    "Nb of functions evaluations": 50010,
    "Computational time in seconds": 142.67298007011414,
    "Stopping criterion in evaluations": 50000
}