27° run output:
{
    "Function": "kroA300.tsp",
    "Problem dimension": [
        145,
        179,
        65,
        207,
        109,
        213,
        232,
        289,
        222,
        219,
        250,
        156,
        79,
        244,
        1,
        149,
        240,
        273,
        169,
        31,
        52,
        94,
        51,
        10,
        274,
        61,
        160,
        293,
        18,
        13,
        72,
        132,
        181,
        194,
        228,
        175,
        36,
        148,
        133,
        168,
        220,
        137,
        187,
        241,
        172,
        112,
        173,
        45,
        28,
        77,
        296,
        92,
        158,
        275,
        147,
        265,
        214,
        264,
        224,
        84,
        271,
        15,
        111,
        19,
        34,
        208,
        281,
        74,
        47,
        8,
        58,
        215,
        17,
        171,
        4,
        102,
        217,
        87,
        159,
        197,
        6,
        62,
        117,
        242,
        198,
        32,
        243,
        91,
        257,
        201,
        70,
        297,
        11,
        286,
        154,
        67,
        115,
        251,
        143,
        153,
        290,
        260,
        180,
        89,
        40,
        53,
        227,
        199,
        218,
        226,
        23,
        248,
        221,
        43,
        107,
        266,
        141,
        152,
        7,
        24,
        16,
        206,
        146,
        184,
        288,
        140,
        280,
        68,
        3,
        88,
        9,
        162,
        64,
        20,
        212,
        0,
        131,
        189,
        190,
        150,
        276,
        14,
        49,
        209,
        104,
        216,
        151,
        299,
        127,
        205,
        118,
        26,
        120,
        83,
        259,
        254,
        41,
        130,
        193,
        114,
        178,
        282,
        291,
        48,
        80,
        73,
        233,
        95,
        245,
        155,
        99,
        86,
        81,
        234,
        144,
        196,
        256,
        161,
        128,
        22,
        69,
        283,
        96,
        262,
        285,
        66,
        202,
        108,
        229,
        191,
        204,
        121,
        177,
        170,
        267,
        55,
        238,
        97,
        237,
        203,
        44,
        42,
        195,
        5,
        103,
        263,
        119,
        39,
        35,
        298,
        295,
        278,
        186,
        176,
        57,
        85,
        136,
        71,
        268,
        12,
        230,
        125,
        225,
        211,
        139,
        33,
        292,
        46,
        106,
        239,
        255,
        235,
        167,
        29,
        30,
        135,
        165,
        60,
        210,
        21,
        188,
        56,
        261,
        126,
        27,
        78,
        183,
        174,
        100,
        192,
        50,
        258,
        166,
        93,
        76,
        287,
        182,
        122,
        164,
        200,
        246,
        157,
        142,
        38,
        236,
        82,
        247,
        110,
        54,
        223,
        59,
        249,
        63,
        272,
        279,
        101,
        163,
        134,
        185,
        37,
        253,
        270,
        252,
        25,
        269,
        2,
        124,
        284,
        123,
        98,
        105,
        113,
        231,
        116,
        75,
        90,
        277,
        129,
        294,
        138
    ],
    "Global Optimum": 0,
    "Algorithm": "Genetic algorithm",
    "Parameters": {
        "population": 30,
        "offspring": 30,
        "mutation probability": 0.0033333333333333335,
        "crossover probability": 0.9
    },
    "Fitness": 358890,
    "Solution": [
        145,
        179,
        65,
        207,
        109,
        213,
        232,
        289,
        222,
        219,
        250,
        156,
        79,
        244,
        1,
        149,
        240,
        273,
        169,
        31,
        52,
        94,
        51,
        10,
        274,
        61,
        160,
        293,
        18,
        13,
        72,
        132,
        181,
        194,
        228,
        175,
        36,
        148,
        133,
        168,
        220,
        137,
        187,
        241,
        172,
        112,
        173,
        45,
        28,
        77,
        296,
        92,
        158,
        275,
        147,
        265,
        214,
        264,
        224,
        84,
        271,
        15,
        111,
        19,
        34,
        208,
        281,
        74,
        47,
        8,
        58,
        215,
        17,
        171,
        4,
        102,
        217,
        87,
        159,
        197,
        6,
        62,
        117,
        242,
        198,
        32,
        243,
        91,
        257,
        201,
        70,
        297,
        11,
        286,
        154,
        67,
        115,
        251,
        143,
        153,
        290,
        260,
        180,
        89,
        40,
        53,
        227,
        199,
        218,
        226,
        23,
        248,
        221,
        43,
        107,
        266,
        141,
        152,
        7,
        24,
        16,
        206,
        146,
        184,
        288,
        140,
        280,
        68,
        3,
        88,
        9,
        162,
        64,
        20,
        212,
        0,
        131,
        189,
        190,
        150,
        276,
        14,
        49,
        209,
        104,
        216,
        151,
        299,
        127,
        205,
        118,
        26,
        120,
        83,
        259,
        254,
        41,
        130,
        193,
        114,
        178,
        282,
        291,
        48,
        80,
        73,
        233,
        95,
        245,
        155,
        99,
        86,
        81,
        234,
        144,
        196,
        256,
        161,
        128,
        22,
        69,
        283,
        96,
        262,
        285,
        66,
        202,
        108,
        229,
        191,
        204,
        121,
        177,
        170,
        267,
        55,
        238,
        97,
        237,
        203,
        44,
        42,
        195,
        5,
        103,
        263,
        119,
        39,
        35,
        298,
        295,
        278,
        186,
        176,
        57,
        85,
        136,
        71,
        268,
        12,
        230,
        125,
        225,
        211,
        139,
        33,
        292,
        46,
        106,
        239,
        255,
        235,
        167,
        29,
        30,
        135,
        165,
        60,
        210,
        21,
        188,
        56,
        261,
        126,
        27,
        78,
        183,
        174,
        100,
        192,
        50,
        258,
        166,
        93,
        76,
        287,
        182,
        122,
        164,
        200,
        246,
        157,
        142,
        38,
        236,
        82,
        247,
        110,
        54,
        223,
        59,
        249,
        63,
        272,
        279,
        101,
        163,
        134,
        185,
        37,
        253,
        270,
        252,
        25,
        269,
        2,
        124,
        284,
        123,
        98,
        105,
        113,
        231,
        116,
        75,
        90,
        277,
        129,
        294,
        138
    ],
    "Nb of functions evaluations": 50010,
    "Computational time in seconds": 141.63472938537598,
    "Stopping criterion in evaluations": 50000
}