4° run output:
{
    "Function": "kroA300.tsp",
    "Problem dimension": [
        247,
        177,
        214,
        172,
        143,
        261,
        271,
        189,
        284,
        68,
        56,
        131,
        162,
        83,
        204,
        139,
        179,
        187,
        259,
        117,
        45,
        201,
        42,
        71,
        264,
        30,
        89,
        263,
        260,
        295,
        202,
        76,
        128,
        235,
        108,
        27,
        39,
        51,
        265,
        195,
        50,
        135,
        12,
        8,
        81,
        245,
        152,
        205,
        147,
        44,
        181,
        298,
        212,
        48,
        157,
        296,
        273,
        121,
        275,
        282,
        35,
        142,
        113,
        299,
        251,
        248,
        159,
        154,
        26,
        36,
        138,
        219,
        3,
        232,
        203,
        150,
        74,
        33,
        70,
        293,
        180,
        144,
        116,
        122,
        34,
        290,
        277,
        257,
        85,
        23,
        79,
        134,
        1,
        21,
        0,
        164,
        10,
        280,
        191,
        19,
        244,
        123,
        11,
        84,
        158,
        258,
        103,
        65,
        262,
        242,
        61,
        167,
        266,
        156,
        246,
        141,
        17,
        115,
        252,
        43,
        185,
        199,
        90,
        250,
        41,
        160,
        124,
        193,
        218,
        101,
        86,
        60,
        105,
        78,
        268,
        110,
        149,
        132,
        145,
        52,
        197,
        291,
        285,
        106,
        230,
        297,
        215,
        163,
        272,
        220,
        72,
        228,
        112,
        100,
        198,
        137,
        29,
        99,
        15,
        286,
        240,
        96,
        183,
        146,
        279,
        249,
        210,
        57,
        170,
        208,
        211,
        22,
        238,
        24,
        20,
        254,
        54,
        5,
        2,
        107,
        66,
        294,
        233,
        111,
        88,
        97,
        4,
        53,
        69,
        58,
        7,
        190,
        213,
        75,
        281,
        49,
        229,
        168,
        276,
        270,
        289,
        165,
        95,
        206,
        6,
        274,
        46,
        253,
        166,
        127,
        148,
        129,
        267,
        226,
        67,
        32,
        155,
        269,
        151,
        140,
        102,
        237,
        91,
        18,
        207,
        14,
        243,
        125,
        25,
        9,
        13,
        153,
        40,
        234,
        188,
        216,
        37,
        130,
        63,
        186,
        126,
        109,
        80,
        200,
        221,
        120,
        236,
        239,
        133,
        231,
        62,
        241,
        59,
        288,
        82,
        64,
        178,
        169,
        47,
        256,
        171,
        77,
        292,
        118,
        73,
        93,
        192,
        176,
        174,
        287,
        283,
        94,
        87,
        182,
        104,
        175,
        136,
        224,
        92,
        225,
        194,
        38,
        196,
        173,
        255,
        209,
        217,
        227,
        98,
        31,
        28,
        223,
        114,
        119,
        161,
        222,
        16,
        55,
        278,
        184
    ],
    "Global Optimum": 0,
    "Algorithm": "Genetic algorithm",
    "Parameters": {
        "population": 30,
        "offspring": 30,
        "mutation probability": 0.0033333333333333335,
        "crossover probability": 0.9
    },
    "Fitness": 360036,
    "Solution": [
        247,
        177,
        214,
        172,
        143,
        261,
        271,
        189,
        284,
        68,
        56,
        131,
        162,
        83,
        204,
        139,
        179,
        187,
        259,
        117,
        45,
        201,
        42,
        71,
        264,
        30,
        89,
        263,
        260,
        295,
        202,
        76,
        128,
        235,
        108,
        27,
        39,
        51,
        265,
        195,
        50,
        135,
        12,
        8,
        81,
        245,
        152,
        205,
        147,
        44,
        181,
        298,
        212,
        48,
        157,
        296,
        273,
        121,
        275,
        282,
        35,
        142,
        113,
        299,
        251,
        248,
        159,
        154,
        26,
        36,
        138,
        219,
        3,
        232,
        203,
        150,
        74,
        33,
        70,
        293,
        180,
        144,
        116,
        122,
        34,
        290,
        277,
        257,
        85,
        23,
        79,
        134,
        1,
        21,
        0,
        164,
        10,
        280,
        191,
        19,
        244,
        123,
        11,
        84,
        158,
        258,
        103,
        65,
        262,
        242,
        61,
        167,
        266,
        156,
        246,
        141,
        17,
        115,
        252,
        43,
        185,
        199,
        90,
        250,
        41,
        160,
        124,
        193,
        218,
        101,
        86,
        60,
        105,
        78,
        268,
        110,
        149,
        132,
        145,
        52,
        197,
        291,
        285,
        106,
        230,
        297,
        215,
        163,
        272,
        220,
        72,
        228,
        112,
        100,
        198,
        137,
        29,
        99,
        15,
        286,
        240,
        96,
        183,
        146,
        279,
        249,
        210,
        57,
        170,
        208,
        211,
        22,
        238,
        24,
        20,
        254,
        54,
        5,
        2,
        107,
        66,
        294,
        233,
        111,
        88,
        97,
        4,
        53,
        69,
        58,
        7,
        190,
        213,
        75,
        281,
        49,
        229,
        168,
        276,
        270,
        289,
        165,
        95,
        206,
        6,
        274,
        46,
        253,
        166,
        127,
        148,
        129,
        267,
        226,
        67,
        32,
        155,
        269,
        151,
        140,
        102,
        237,
        91,
        18,
        207,
        14,
        243,
        125,
        25,
        9,
        13,
        153,
        40,
        234,
        188,
        216,
        37,
        130,
        63,
        186,
        126,
        109,
        80,
        200,
        221,
        120,
        236,
        239,
        133,
        231,
        62,
        241,
        59,
        288,
        82,
        64,
        178,
        169,
        47,
        256,
        171,
        77,
        292,
        118,
        73,
        93,
        192,
        176,
        174,
        287,
        283,
        94,
        87,
        182,
        104,
        175,
        136,
        224,
        92,
        225,
        194,
        38,
        196,
        173,
        255,
        209,
        217,
        227,
        98,
        31,
        28,
        223,
        114,
        119,
        161,
        222,
        16,
        55,
        278,
        184
    ],
    "Nb of functions evaluations": 50010,
    "Computational time in seconds": 142.15254497528076,
    "Stopping criterion in evaluations": 50000
}