30° run output:
{
    "Function": "ClusterA300.tsp",
    "Problem dimension": [
        30,
        197,
        290,
        122,
        109,
        171,
        162,
        6,
        210,
        285,
        202,
        270,
        53,
        73,
        104,
        124,
        142,
        190,
        139,
        5,
        102,
        273,
        113,
        49,
        61,
        88,
        140,
        35,
        201,
        269,
        74,
        29,
        2,
        289,
        60,
        237,
        94,
        84,
        0,
        218,
        90,
        265,
        295,
        39,
        101,
        266,
        287,
        26,
        98,
        108,
        276,
        89,
        132,
        249,
        125,
        274,
        17,
        291,
        28,
        238,
        153,
        271,
        284,
        31,
        128,
        245,
        227,
        177,
        255,
        18,
        112,
        50,
        13,
        44,
        272,
        278,
        203,
        259,
        131,
        135,
        286,
        82,
        189,
        65,
        11,
        253,
        119,
        254,
        293,
        118,
        168,
        169,
        129,
        216,
        172,
        96,
        141,
        235,
        78,
        46,
        224,
        103,
        43,
        258,
        195,
        283,
        157,
        45,
        130,
        211,
        97,
        67,
        120,
        75,
        115,
        107,
        161,
        212,
        268,
        294,
        149,
        263,
        229,
        23,
        296,
        133,
        105,
        222,
        281,
        213,
        264,
        55,
        134,
        63,
        236,
        7,
        80,
        54,
        106,
        158,
        196,
        192,
        267,
        117,
        36,
        143,
        282,
        64,
        181,
        95,
        159,
        48,
        234,
        56,
        3,
        71,
        37,
        114,
        152,
        242,
        8,
        214,
        155,
        70,
        246,
        241,
        277,
        16,
        247,
        52,
        19,
        239,
        163,
        69,
        260,
        86,
        175,
        257,
        59,
        207,
        262,
        25,
        184,
        121,
        174,
        204,
        230,
        33,
        240,
        83,
        72,
        279,
        147,
        92,
        208,
        40,
        166,
        209,
        66,
        91,
        42,
        148,
        297,
        68,
        199,
        298,
        221,
        231,
        226,
        145,
        217,
        127,
        200,
        188,
        20,
        12,
        243,
        76,
        144,
        32,
        182,
        1,
        219,
        170,
        87,
        38,
        93,
        228,
        193,
        9,
        178,
        58,
        180,
        220,
        244,
        34,
        151,
        4,
        252,
        205,
        10,
        136,
        110,
        191,
        173,
        225,
        292,
        51,
        21,
        116,
        250,
        215,
        146,
        223,
        22,
        198,
        24,
        99,
        232,
        57,
        77,
        126,
        47,
        176,
        156,
        62,
        27,
        299,
        280,
        186,
        194,
        187,
        79,
        81,
        111,
        15,
        185,
        41,
        275,
        206,
        150,
        100,
        167,
        256,
        85,
        123,
        164,
        261,
        251,
        248,
        183,
        154,
        138,
        288,
        179,
        165,
        160,
        137,
        14,
        233
    ],
    "Global Optimum": 0,
    "Algorithm": "Genetic algorithm",
    "Parameters": {
        "population": 30,
        "offspring": 30,
        "mutation probability": 0.0033333333333333335,
        "crossover probability": 0.9
    },
    "Fitness": 373897,
    "Solution": [
        30,
        197,
        290,
        122,
        109,
        171,
        162,
        6,
        210,
        285,
        202,
        270,
        53,
        73,
        104,
        124,
        142,
        190,
        139,
        5,
        102,
        273,
        113,
        49,
        61,
        88,
        140,
        35,
        201,
        269,
        74,
        29,
        2,
        289,
        60,
        237,
        94,
        84,
        0,
        218,
        90,
        265,
        295,
        39,
        101,
        266,
        287,
        26,
        98,
        108,
        276,
        89,
        132,
        249,
        125,
        274,
        17,
        291,
        28,
        238,
        153,
        271,
        284,
        31,
        128,
        245,
        227,
        177,
        255,
        18,
        112,
        50,
        13,
        44,
        272,
        278,
        203,
        259,
        131,
        135,
        286,
        82,
        189,
        65,
        11,
        253,
        119,
        254,
        293,
        118,
        168,
        169,
        129,
        216,
        172,
        96,
        141,
        235,
        78,
        46,
        224,
        103,
        43,
        258,
        195,
        283,
        157,
        45,
        130,
        211,
        97,
        67,
        120,
        75,
        115,
        107,
        161,
        212,
        268,
        294,
        149,
        263,
        229,
        23,
        296,
        133,
        105,
        222,
        281,
        213,
        264,
        55,
        134,
        63,
        236,
        7,
        80,
        54,
        106,
        158,
        196,
        192,
        267,
        117,
        36,
        143,
        282,
        64,
        181,
        95,
        159,
        48,
        234,
        56,
        3,
        71,
        37,
        114,
        152,
        242,
        8,
        214,
        155,
        70,
        246,
        241,
        277,
        16,
        247,
        52,
        19,
        239,
        163,
        69,
        260,
        86,
        175,
        257,
        59,
        207,
        262,
        25,
        184,
        121,
        174,
        204,
        230,
        33,
        240,
        83,
        72,
        279,
        147,
        92,
        208,
        40,
        166,
        209,
        66,
        91,
        42,
        148,
        297,
        68,
        199,
        298,
        221,
        231,
        226,
        145,
        217,
        127,
        200,
        188,
        20,
        12,
        243,
        76,
        144,
        32,
        182,
        1,
        219,
        170,
        87,
        38,
        93,
        228,
        193,
        9,
        178,
        58,
        180,
        220,
        244,
        34,
        151,
        4,
        252,
        205,
        10,
        136,
        110,
        191,
        173,
        225,
        292,
        51,
        21,
        116,
        250,
        215,
        146,
        223,
        22,
        198,
        24,
        99,
        232,
        57,
        77,
        126,
        47,
        176,
        156,
        62,
        27,
        299,
        280,
        186,
        194,
        187,
        79,
        81,
        111,
        15,
        185,
        41,
        275,
        206,
        150,
        100,
        167,
        256,
        85,
        123,
        164,
        261,
        251,
        248,
        183,
        154,
        138,
        288,
        179,
        165,
        160,
        137,
        14,
        233
    ],
    "Nb of functions evaluations": 50010,
    "Computational time in seconds": 145.23512268066406,
    "Stopping criterion in evaluations": 50000
}