15° run output:
{
    "Function": "ClusterA300.tsp",
    "Problem dimension": [
        271,
        2,
        16,
        153,
        101,
        108,
        216,
        265,
        26,
        109,
        221,
        252,
        15,
        137,
        155,
        11,
        146,
        270,
        58,
        169,
        141,
        22,
        89,
        209,
        25,
        160,
        20,
        18,
        67,
        253,
        272,
        78,
        32,
        267,
        43,
        119,
        226,
        202,
        231,
        246,
        172,
        152,
        266,
        35,
        258,
        92,
        73,
        206,
        48,
        63,
        232,
        229,
        189,
        69,
        31,
        144,
        52,
        219,
        128,
        273,
        84,
        218,
        239,
        295,
        75,
        127,
        166,
        81,
        132,
        3,
        74,
        182,
        145,
        64,
        281,
        27,
        297,
        254,
        104,
        163,
        299,
        207,
        186,
        9,
        174,
        138,
        291,
        243,
        19,
        248,
        193,
        59,
        238,
        282,
        224,
        133,
        40,
        197,
        175,
        47,
        269,
        200,
        184,
        122,
        1,
        212,
        293,
        192,
        276,
        102,
        38,
        30,
        259,
        171,
        167,
        233,
        198,
        260,
        62,
        190,
        54,
        113,
        124,
        111,
        112,
        77,
        178,
        149,
        250,
        298,
        60,
        28,
        203,
        103,
        236,
        83,
        61,
        147,
        129,
        37,
        29,
        165,
        277,
        87,
        263,
        106,
        286,
        97,
        256,
        45,
        223,
        41,
        10,
        136,
        98,
        195,
        91,
        225,
        66,
        95,
        268,
        123,
        117,
        194,
        17,
        156,
        49,
        220,
        33,
        50,
        13,
        23,
        285,
        217,
        76,
        7,
        72,
        114,
        70,
        196,
        99,
        44,
        179,
        234,
        93,
        176,
        204,
        177,
        215,
        228,
        107,
        279,
        159,
        249,
        125,
        188,
        82,
        6,
        183,
        14,
        211,
        150,
        296,
        288,
        71,
        261,
        173,
        139,
        80,
        90,
        5,
        154,
        56,
        39,
        94,
        264,
        105,
        251,
        140,
        42,
        162,
        46,
        118,
        148,
        131,
        168,
        280,
        142,
        24,
        274,
        157,
        181,
        120,
        208,
        8,
        213,
        134,
        245,
        283,
        262,
        257,
        247,
        100,
        79,
        199,
        275,
        292,
        170,
        143,
        0,
        244,
        121,
        284,
        34,
        151,
        115,
        158,
        185,
        214,
        65,
        210,
        55,
        205,
        57,
        240,
        187,
        278,
        222,
        164,
        237,
        126,
        201,
        227,
        289,
        110,
        86,
        130,
        116,
        180,
        135,
        255,
        88,
        230,
        53,
        235,
        191,
        68,
        242,
        21,
        294,
        290,
        96,
        36,
        85,
        51,
        241,
        161,
        12,
        4,
        287
    ],
    "Global Optimum": 0,
    "Algorithm": "Genetic algorithm",
    "Parameters": {
        "population": 30,
        "offspring": 30,
        "mutation probability": 0.0033333333333333335,
        "crossover probability": 0.9
    },
    "Fitness": 365473,
    "Solution": [
        271,
        2,
        16,
        153,
        101,
        108,
        216,
        265,
        26,
        109,
        221,
        252,
        15,
        137,
        155,
        11,
        146,
        270,
        58,
        169,
        141,
        22,
        89,
        209,
        25,
        160,
        20,
        18,
        67,
        253,
        272,
        78,
        32,
        267,
        43,
        119,
        226,
        202,
        231,
        246,
        172,
        152,
        266,
        35,
        258,
        92,
        73,
        206,
        48,
        63,
        232,
        229,
        189,
        69,
        31,
        144,
        52,
        219,
        128,
        273,
        84,
        218,
        239,
        295,
        75,
        127,
        166,
        81,
        132,
        3,
        74,
        182,
        145,
        64,
        281,
        27,
        297,
        254,
        104,
        163,
        299,
        207,
        186,
        9,
        174,
        138,
        291,
        243,
        19,
        248,
        193,
        59,
        238,
        282,
        224,
        133,
        40,
        197,
        175,
        47,
        269,
        200,
        184,
        122,
        1,
        212,
        293,
        192,
        276,
        102,
        38,
        30,
        259,
        171,
        167,
        233,
        198,
        260,
        62,
        190,
        54,
        113,
        124,
        111,
        112,
        77,
        178,
        149,
        250,
        298,
        60,
        28,
        203,
        103,
        236,
        83,
        61,
        147,
        129,
        37,
        29,
        165,
        277,
        87,
        263,
        106,
        286,
        97,
        256,
        45,
        223,
        41,
        10,
        136,
        98,
        195,
        91,
        225,
        66,
        95,
        268,
        123,
        117,
        194,
        17,
        156,
        49,
        220,
        33,
        50,
        13,
        23,
        285,
        217,
        76,
        7,
        72,
        114,
        70,
        196,
        99,
        44,
        179,
        234,
        93,
        176,
        204,
        177,
        215,
        228,
        107,
        279,
        159,
        249,
        125,
        188,
        82,
        6,
        183,
        14,
        211,
        150,
        296,
        288,
        71,
        261,
        173,
        139,
        80,
        90,
        5,
        154,
        56,
        39,
        94,
        264,
        105,
        251,
        140,
        42,
        162,
        46,
        118,
        148,
        131,
        168,
        280,
        142,
        24,
        274,
        157,
        181,
        120,
        208,
        8,
        213,
        134,
        245,
        283,
        262,
        257,
        247,
        100,
        79,
        199,
        275,
        292,
        170,
        143,
        0,
        244,
        121,
        284,
        34,
        151,
        115,
        158,
        185,
        214,
        65,
        210,
        55,
        205,
        57,
        240,
        187,
        278,
        222,
        164,
        237,
        126,
        201,
        227,
        289,
        110,
        86,
        130,
        116,
        180,
        135,
        255,
        88,
        230,
        53,
        235,
        191,
        68,
        242,
        21,
        294,
        290,
        96,
        36,
        85,
        51,
        241,
        161,
        12,
        4,
        287
    ],
    "Nb of functions evaluations": 50010,
    "Computational time in seconds": 153.2948615550995,
    "Stopping criterion in evaluations": 50000
}