7° run output:
{
    "Function": "ClusterA300.tsp",
    "Problem dimension": [
        207,
        80,
        89,
        157,
        247,
        120,
        90,
        287,
        199,
        141,
        166,
        122,
        205,
        99,
        17,
        179,
        154,
        249,
        84,
        291,
        44,
        125,
        12,
        108,
        225,
        83,
        165,
        294,
        181,
        241,
        208,
        38,
        223,
        13,
        216,
        206,
        62,
        204,
        150,
        193,
        36,
        101,
        114,
        123,
        293,
        130,
        117,
        47,
        92,
        33,
        112,
        129,
        58,
        88,
        274,
        65,
        263,
        234,
        172,
        271,
        257,
        55,
        250,
        167,
        219,
        7,
        144,
        96,
        45,
        184,
        132,
        60,
        143,
        298,
        0,
        267,
        177,
        106,
        134,
        173,
        218,
        128,
        192,
        64,
        174,
        145,
        136,
        9,
        87,
        277,
        203,
        40,
        296,
        187,
        283,
        66,
        56,
        221,
        59,
        290,
        217,
        53,
        231,
        104,
        279,
        46,
        72,
        107,
        21,
        275,
        246,
        3,
        71,
        50,
        191,
        240,
        180,
        137,
        168,
        43,
        37,
        254,
        285,
        14,
        24,
        197,
        226,
        85,
        153,
        42,
        19,
        175,
        131,
        270,
        260,
        127,
        278,
        162,
        139,
        113,
        195,
        102,
        121,
        118,
        222,
        159,
        164,
        23,
        86,
        282,
        4,
        54,
        215,
        227,
        93,
        61,
        82,
        288,
        8,
        110,
        126,
        10,
        299,
        194,
        67,
        284,
        286,
        266,
        280,
        98,
        170,
        256,
        75,
        18,
        261,
        258,
        49,
        77,
        63,
        239,
        109,
        214,
        161,
        81,
        242,
        48,
        264,
        295,
        103,
        6,
        265,
        91,
        151,
        185,
        281,
        16,
        232,
        245,
        182,
        292,
        238,
        30,
        115,
        196,
        27,
        253,
        25,
        209,
        183,
        210,
        213,
        105,
        158,
        142,
        252,
        273,
        155,
        268,
        236,
        69,
        34,
        244,
        138,
        212,
        111,
        259,
        149,
        233,
        224,
        94,
        186,
        51,
        95,
        22,
        11,
        147,
        188,
        2,
        189,
        52,
        152,
        190,
        31,
        237,
        171,
        289,
        76,
        1,
        243,
        229,
        78,
        35,
        297,
        255,
        202,
        251,
        228,
        262,
        135,
        211,
        15,
        276,
        169,
        201,
        116,
        148,
        32,
        160,
        124,
        29,
        178,
        57,
        73,
        41,
        200,
        146,
        156,
        198,
        176,
        119,
        100,
        79,
        230,
        97,
        68,
        26,
        248,
        140,
        39,
        163,
        269,
        220,
        235,
        74,
        28,
        70,
        20,
        5,
        272,
        133
    ],
    "Global Optimum": 0,
    "Algorithm": "Genetic algorithm",
    "Parameters": {
        "population": 30,
        "offspring": 30,
        "mutation probability": 0.0033333333333333335,
        "crossover probability": 0.9
    },
    "Fitness": 363526,
    "Solution": [
        207,
        80,
        89,
        157,
        247,
        120,
        90,
        287,
        199,
        141,
        166,
        122,
        205,
        99,
        17,
        179,
        154,
        249,
        84,
        291,
        44,
        125,
        12,
        108,
        225,
        83,
        165,
        294,
        181,
        241,
        208,
        38,
        223,
        13,
        216,
        206,
        62,
        204,
        150,
        193,
        36,
        101,
        114,
        123,
        293,
        130,
        117,
        47,
        92,
        33,
        112,
        129,
        58,
        88,
        274,
        65,
        263,
        234,
        172,
        271,
        257,
        55,
        250,
        167,
        219,
        7,
        144,
        96,
        45,
        184,
        132,
        60,
        143,
        298,
        0,
        267,
        177,
        106,
        134,
        173,
        218,
        128,
        192,
        64,
        174,
        145,
        136,
        9,
        87,
        277,
        203,
        40,
        296,
        187,
        283,
        66,
        56,
        221,
        59,
        290,
        217,
        53,
        231,
        104,
        279,
        46,
        72,
        107,
        21,
        275,
        246,
        3,
        71,
        50,
        191,
        240,
        180,
        137,
        168,
        43,
        37,
        254,
        285,
        14,
        24,
        197,
        226,
        85,
        153,
        42,
        19,
        175,
        131,
        270,
        260,
        127,
        278,
        162,
        139,
        113,
        195,
        102,
        121,
        118,
        222,
        159,
        164,
        23,
        86,
        282,
        4,
        54,
        215,
        227,
        93,
        61,
        82,
        288,
        8,
        110,
        126,
        10,
        299,
        194,
        67,
        284,
        286,
        266,
        280,
        98,
        170,
        256,
        75,
        18,
        261,
        258,
        49,
        77,
        63,
        239,
        109,
        214,
        161,
        81,
        242,
        48,
        264,
        295,
        103,
        6,
        265,
        91,
        151,
        185,
        281,
        16,
        232,
        245,
        182,
        292,
        238,
        30,
        115,
        196,
        27,
        253,
        25,
        209,
        183,
        210,
        213,
        105,
        158,
        142,
        252,
        273,
        155,
        268,
        236,
        69,
        34,
        244,
        138,
        212,
        111,
        259,
        149,
        233,
        224,
        94,
        186,
        51,
        95,
        22,
        11,
        147,
        188,
        2,
        189,
        52,
        152,
        190,
        31,
        237,
        171,
        289,
        76,
        1,
        243,
        229,
        78,
        35,
        297,
        255,
        202,
        251,
        228,
        262,
        135,
        211,
        15,
        276,
        169,
        201,
        116,
        148,
        32,
        160,
        124,
        29,
        178,
        57,
        73,
        41,
        200,
        146,
        156,
        198,
        176,
        119,
        100,
        79,
        230,
        97,
        68,
        26,
        248,
        140,
        39,
        163,
        269,
        220,
        235,
        74,
        28,
        70,
        20,
        5,
        272,
        133
    ],
    "Nb of functions evaluations": 50010,
    "Computational time in seconds": 144.88220620155334,
    "Stopping criterion in evaluations": 50000
}