20° run output:
{
    "Function": "kroB100.tsp",
    "Problem dimension": [
        59,
        36,
        71,
        42,
        49,
        54,
        53,
        64,
        61,
        38,
        69,
        70,
        31,
        28,
        0,
        48,
        85,
        45,
        60,
        34,
        50,
        30,
        91,
        95,
        44,
        35,
        17,
        23,
        76,
        6,
        93,
        11,
        89,
        9,
        68,
        4,
        66,
        39,
        94,
        97,
        26,
        24,
        87,
        22,
        21,
        57,
        83,
        51,
        41,
        1,
        12,
        77,
        81,
        3,
        65,
        55,
        99,
        25,
        29,
        19,
        37,
        79,
        78,
        80,
        46,
        74,
        7,
        75,
        98,
        58,
        72,
        84,
        52,
        67,
        20,
        90,
        27,
        96,
        2,
        10,
        92,
        8,
        33,
        56,
        73,
        47,
        62,
        16,
        40,
        43,
        18,
        15,
        88,
        86,
        82,
        5,
        63,
        13,
        32,
        14
    ],
    "Global Optimum": 0,
    "Algorithm": "Genetic algorithm",
    "Parameters": {
        "population": 30,
        "offspring": 30,
        "mutation probability": 0.01,
        "crossover probability": 0.9
    },
    "Fitness": 51214,
    "Solution": [
        59,
        36,
        71,
        42,
        49,
        54,
        53,
        64,
        61,
        38,
        69,
        70,
        31,
        28,
        0,
        48,
        85,
        45,
        60,
        34,
        50,
        30,
        91,
        95,
        44,
        35,
        17,
        23,
        76,
        6,
        93,
        11,
        89,
        9,
        68,
        4,
        66,
        39,
        94,
        97,
        26,
        24,
        87,
        22,
        21,
        57,
        83,
        51,
        41,
        1,
        12,
        77,
        81,
        3,
        65,
        55,
        99,
        25,
        29,
        19,
        37,
        79,
        78,
        80,
        46,
        74,
        7,
        75,
        98,
        58,
        72,
        84,
        52,
        67,
        20,
        90,
        27,
        96,
        2,
        10,
        92,
        8,
        33,
        56,
        73,
        47,
        62,
        16,
        40,
        43,
        18,
        15,
        88,
        86,
        82,
        5,
        63,
        13,
        32,
        14
    ],
    "Nb of functions evaluations": 400020,
    "Computational time in seconds": 107.19085931777954,
    "Stopping criterion in evaluations": 400000
}