29° run output:
{
    "Function": "kroB100.tsp",
    "Problem dimension": [
        31,
        58,
        0,
        45,
        37,
        85,
        89,
        11,
        65,
        47,
        30,
        62,
        77,
        1,
        12,
        81,
        41,
        63,
        3,
        86,
        34,
        60,
        93,
        59,
        73,
        56,
        33,
        42,
        13,
        15,
        40,
        95,
        43,
        21,
        87,
        51,
        83,
        6,
        53,
        64,
        46,
        78,
        74,
        55,
        99,
        25,
        61,
        4,
        66,
        7,
        98,
        28,
        2,
        10,
        92,
        84,
        72,
        38,
        94,
        20,
        79,
        19,
        29,
        9,
        67,
        48,
        18,
        91,
        50,
        32,
        14,
        5,
        82,
        88,
        26,
        70,
        24,
        8,
        36,
        71,
        68,
        80,
        22,
        23,
        17,
        54,
        39,
        69,
        52,
        27,
        90,
        96,
        75,
        49,
        16,
        35,
        44,
        76,
        57,
        97
    ],
    "Global Optimum": 0,
    "Algorithm": "Genetic algorithm",
    "Parameters": {
        "population": 30,
        "offspring": 30,
        "mutation probability": 0.01,
        "crossover probability": 0.9
    },
    "Fitness": 51962,
    "Solution": [
        31,
        58,
        0,
        45,
        37,
        85,
        89,
        11,
        65,
        47,
        30,
        62,
        77,
        1,
        12,
        81,
        41,
        63,
        3,
        86,
        34,
        60,
        93,
        59,
        73,
        56,
        33,
        42,
        13,
        15,
        40,
        95,
        43,
        21,
        87,
        51,
        83,
        6,
        53,
        64,
        46,
        78,
        74,
        55,
        99,
        25,
        61,
        4,
        66,
        7,
        98,
        28,
        2,
        10,
        92,
        84,
        72,
        38,
        94,
        20,
        79,
        19,
        29,
        9,
        67,
        48,
        18,
        91,
        50,
        32,
        14,
        5,
        82,
        88,
        26,
        70,
        24,
        8,
        36,
        71,
        68,
        80,
        22,
        23,
        17,
        54,
        39,
        69,
        52,
        27,
        90,
        96,
        75,
        49,
        16,
        35,
        44,
        76,
        57,
        97
    ],
    "Nb of functions evaluations": 400020,
    "Computational time in seconds": 106.65238118171692,
    "Stopping criterion in evaluations": 400000
}