14° run output:
{
    "Function": "kroB100.tsp",
    "Problem dimension": [
        52,
        94,
        0,
        70,
        19,
        79,
        8,
        33,
        88,
        13,
        15,
        91,
        18,
        43,
        40,
        62,
        30,
        1,
        17,
        76,
        49,
        53,
        10,
        92,
        39,
        61,
        68,
        25,
        55,
        80,
        64,
        72,
        84,
        48,
        85,
        24,
        45,
        9,
        66,
        4,
        38,
        20,
        34,
        60,
        27,
        90,
        98,
        28,
        11,
        93,
        41,
        63,
        86,
        31,
        7,
        75,
        58,
        97,
        26,
        6,
        51,
        56,
        73,
        59,
        83,
        57,
        78,
        99,
        74,
        29,
        67,
        37,
        14,
        50,
        47,
        12,
        77,
        44,
        23,
        54,
        42,
        3,
        5,
        32,
        71,
        36,
        46,
        87,
        21,
        22,
        89,
        2,
        96,
        65,
        82,
        81,
        16,
        35,
        95,
        69
    ],
    "Global Optimum": 0,
    "Algorithm": "Genetic algorithm",
    "Parameters": {
        "population": 30,
        "offspring": 30,
        "mutation probability": 0.01,
        "crossover probability": 0.9
    },
    "Fitness": 59187,
    "Solution": [
        52,
        94,
        0,
        70,
        19,
        79,
        8,
        33,
        88,
        13,
        15,
        91,
        18,
        43,
        40,
        62,
        30,
        1,
        17,
        76,
        49,
        53,
        10,
        92,
        39,
        61,
        68,
        25,
        55,
        80,
        64,
        72,
        84,
        48,
        85,
        24,
        45,
        9,
        66,
        4,
        38,
        20,
        34,
        60,
        27,
        90,
        98,
        28,
        11,
        93,
        41,
        63,
        86,
        31,
        7,
        75,
        58,
        97,
        26,
        6,
        51,
        56,
        73,
        59,
        83,
        57,
        78,
        99,
        74,
        29,
        67,
        37,
        14,
        50,
        47,
        12,
        77,
        44,
        23,
        54,
        42,
        3,
        5,
        32,
        71,
        36,
        46,
        87,
        21,
        22,
        89,
        2,
        96,
        65,
        82,
        81,
        16,
        35,
        95,
        69
    ],
    "Nb of functions evaluations": 400020,
    "Computational time in seconds": 107.39285707473755,
    "Stopping criterion in evaluations": 400000
}