15° run output:
{
    "Function": "kroB100.tsp",
    "Problem dimension": [
        33,
        8,
        31,
        58,
        56,
        42,
        49,
        15,
        35,
        40,
        47,
        88,
        65,
        60,
        70,
        39,
        66,
        38,
        92,
        10,
        96,
        28,
        97,
        89,
        0,
        94,
        69,
        48,
        68,
        99,
        25,
        67,
        9,
        85,
        16,
        44,
        17,
        76,
        21,
        22,
        87,
        36,
        24,
        45,
        19,
        79,
        64,
        51,
        53,
        23,
        12,
        62,
        30,
        77,
        57,
        83,
        6,
        59,
        3,
        14,
        50,
        32,
        86,
        73,
        20,
        72,
        84,
        90,
        27,
        2,
        52,
        4,
        61,
        55,
        80,
        46,
        95,
        18,
        43,
        91,
        54,
        11,
        7,
        98,
        75,
        34,
        26,
        93,
        37,
        29,
        74,
        78,
        71,
        41,
        63,
        81,
        5,
        82,
        13,
        1
    ],
    "Global Optimum": 0,
    "Algorithm": "Genetic algorithm",
    "Parameters": {
        "population": 30,
        "offspring": 30,
        "mutation probability": 0.01,
        "crossover probability": 0.9
    },
    "Fitness": 56569,
    "Solution": [
        33,
        8,
        31,
        58,
        56,
        42,
        49,
        15,
        35,
        40,
        47,
        88,
        65,
        60,
        70,
        39,
        66,
        38,
        92,
        10,
        96,
        28,
        97,
        89,
        0,
        94,
        69,
        48,
        68,
        99,
        25,
        67,
        9,
        85,
        16,
        44,
        17,
        76,
        21,
        22,
        87,
        36,
        24,
        45,
        19,
        79,
        64,
        51,
        53,
        23,
        12,
        62,
        30,
        77,
        57,
        83,
        6,
        59,
        3,
        14,
        50,
        32,
        86,
        73,
        20,
        72,
        84,
        90,
        27,
        2,
        52,
        4,
        61,
        55,
        80,
        46,
        95,
        18,
        43,
        91,
        54,
        11,
        7,
        98,
        75,
        34,
        26,
        93,
        37,
        29,
        74,
        78,
        71,
        41,
        63,
        81,
        5,
        82,
        13,
        1
    ],
    "Nb of functions evaluations": 400020,
    "Computational time in seconds": 106.66351532936096,
    "Stopping criterion in evaluations": 400000
}