13° run output:
{
    "Function": "kroB100.tsp",
    "Problem dimension": [
        86,
        73,
        57,
        79,
        19,
        74,
        48,
        9,
        72,
        92,
        10,
        2,
        96,
        7,
        98,
        65,
        35,
        44,
        15,
        42,
        51,
        67,
        20,
        45,
        6,
        59,
        5,
        32,
        47,
        62,
        76,
        49,
        21,
        22,
        4,
        66,
        39,
        69,
        38,
        52,
        84,
        28,
        37,
        85,
        24,
        83,
        93,
        60,
        90,
        27,
        75,
        58,
        31,
        97,
        11,
        8,
        33,
        94,
        0,
        89,
        34,
        13,
        14,
        50,
        30,
        40,
        18,
        43,
        91,
        95,
        23,
        54,
        53,
        71,
        64,
        80,
        55,
        29,
        70,
        26,
        56,
        88,
        3,
        82,
        81,
        41,
        12,
        77,
        16,
        17,
        36,
        68,
        25,
        61,
        99,
        78,
        46,
        87,
        1,
        63
    ],
    "Global Optimum": 0,
    "Algorithm": "Genetic algorithm",
    "Parameters": {
        "population": 30,
        "offspring": 30,
        "mutation probability": 0.01,
        "crossover probability": 0.9
    },
    "Fitness": 52027,
    "Solution": [
        86,
        73,
        57,
        79,
        19,
        74,
        48,
        9,
        72,
        92,
        10,
        2,
        96,
        7,
        98,
        65,
        35,
        44,
        15,
        42,
        51,
        67,
        20,
        45,
        6,
        59,
        5,
        32,
        47,
        62,
        76,
        49,
        21,
        22,
        4,
        66,
        39,
        69,
        38,
        52,
        84,
        28,
        37,
        85,
        24,
        83,
        93,
        60,
        90,
        27,
        75,
        58,
        31,
        97,
        11,
        8,
        33,
        94,
        0,
        89,
        34,
        13,
        14,
        50,
        30,
        40,
        18,
        43,
        91,
        95,
        23,
        54,
        53,
        71,
        64,
        80,
        55,
        29,
        70,
        26,
        56,
        88,
        3,
        82,
        81,
        41,
        12,
        77,
        16,
        17,
        36,
        68,
        25,
        61,
        99,
        78,
        46,
        87,
        1,
        63
    ],
    "Nb of functions evaluations": 400020,
    "Computational time in seconds": 106.72909379005432,
    "Stopping criterion in evaluations": 400000
}