21° run output:
{
    "Function": "kroB100.tsp",
    "Problem dimension": [
        18,
        43,
        40,
        35,
        16,
        1,
        33,
        58,
        75,
        98,
        96,
        7,
        31,
        97,
        26,
        60,
        93,
        56,
        32,
        5,
        82,
        3,
        29,
        68,
        25,
        61,
        72,
        84,
        86,
        65,
        34,
        90,
        27,
        92,
        10,
        48,
        74,
        79,
        64,
        22,
        21,
        85,
        37,
        42,
        13,
        15,
        49,
        99,
        55,
        78,
        63,
        81,
        14,
        47,
        30,
        50,
        62,
        41,
        12,
        77,
        88,
        51,
        57,
        6,
        83,
        59,
        73,
        53,
        76,
        23,
        87,
        71,
        19,
        4,
        66,
        39,
        89,
        0,
        11,
        70,
        8,
        24,
        45,
        20,
        52,
        69,
        38,
        67,
        9,
        28,
        2,
        94,
        36,
        54,
        17,
        44,
        95,
        91,
        46,
        80
    ],
    "Global Optimum": 0,
    "Algorithm": "Genetic algorithm",
    "Parameters": {
        "population": 30,
        "offspring": 30,
        "mutation probability": 0.01,
        "crossover probability": 0.9
    },
    "Fitness": 57062,
    "Solution": [
        18,
        43,
        40,
        35,
        16,
        1,
        33,
        58,
        75,
        98,
        96,
        7,
        31,
        97,
        26,
        60,
        93,
        56,
        32,
        5,
        82,
        3,
        29,
        68,
        25,
        61,
        72,
        84,
        86,
        65,
        34,
        90,
        27,
        92,
        10,
        48,
        74,
        79,
        64,
        22,
        21,
        85,
        37,
        42,
        13,
        15,
        49,
        99,
        55,
        78,
        63,
        81,
        14,
        47,
        30,
        50,
        62,
        41,
        12,
        77,
        88,
        51,
        57,
        6,
        83,
        59,
        73,
        53,
        76,
        23,
        87,
        71,
        19,
        4,
        66,
        39,
        89,
        0,
        11,
        70,
        8,
        24,
        45,
        20,
        52,
        69,
        38,
        67,
        9,
        28,
        2,
        94,
        36,
        54,
        17,
        44,
        95,
        91,
        46,
        80
    ],
    "Nb of functions evaluations": 400020,
    "Computational time in seconds": 106.89079070091248,
    "Stopping criterion in evaluations": 400000
}