24° run output:
{
    "Function": "kroB200.tsp",
    "Problem dimension": [
        75,
        135,
        85,
        106,
        174,
        166,
        42,
        64,
        36,
        145,
        117,
        150,
        199,
        95,
        159,
        87,
        92,
        121,
        3,
        119,
        108,
        15,
        139,
        41,
        63,
        120,
        146,
        13,
        73,
        0,
        9,
        169,
        141,
        110,
        188,
        122,
        180,
        68,
        67,
        153,
        162,
        127,
        81,
        17,
        23,
        124,
        5,
        175,
        20,
        72,
        10,
        52,
        69,
        123,
        80,
        46,
        178,
        114,
        33,
        83,
        184,
        161,
        18,
        22,
        190,
        185,
        93,
        138,
        158,
        49,
        62,
        50,
        155,
        1,
        35,
        40,
        43,
        118,
        147,
        91,
        77,
        8,
        173,
        164,
        156,
        34,
        70,
        165,
        192,
        51,
        186,
        125,
        47,
        109,
        53,
        115,
        111,
        194,
        30,
        103,
        39,
        197,
        148,
        28,
        113,
        59,
        168,
        79,
        37,
        133,
        149,
        137,
        107,
        65,
        144,
        14,
        32,
        152,
        134,
        104,
        163,
        143,
        142,
        132,
        181,
        101,
        129,
        136,
        12,
        191,
        44,
        6,
        56,
        130,
        167,
        89,
        94,
        29,
        112,
        100,
        172,
        78,
        54,
        102,
        140,
        126,
        183,
        177,
        198,
        74,
        193,
        196,
        4,
        131,
        19,
        16,
        76,
        88,
        195,
        86,
        179,
        57,
        176,
        154,
        105,
        182,
        82,
        45,
        24,
        11,
        171,
        60,
        27,
        128,
        26,
        170,
        21,
        71,
        160,
        187,
        55,
        25,
        99,
        151,
        157,
        7,
        31,
        97,
        2,
        58,
        48,
        61,
        38,
        66,
        84,
        116,
        189,
        90,
        96,
        98
    ],
    "Global Optimum": 0,
    "Algorithm": "Genetic algorithm",
    "Parameters": {
        "population": 30,
        "offspring": 30,
        "mutation probability": 0.005,
        "crossover probability": 0.9
    },
    "Fitness": 139686,
    "Solution": [
        75,
        135,
        85,
        106,
        174,
        166,
        42,
        64,
        36,
        145,
        117,
        150,
        199,
        95,
        159,
        87,
        92,
        121,
        3,
        119,
        108,
        15,
        139,
        41,
        63,
        120,
        146,
        13,
        73,
        0,
        9,
        169,
        141,
        110,
        188,
        122,
        180,
        68,
        67,
        153,
        162,
        127,
        81,
        17,
        23,
        124,
        5,
        175,
        20,
        72,
        10,
        52,
        69,
        123,
        80,
        46,
        178,
        114,
        33,
        83,
        184,
        161,
        18,
        22,
        190,
        185,
        93,
        138,
        158,
        49,
        62,
        50,
        155,
        1,
        35,
        40,
        43,
        118,
        147,
        91,
        77,
        8,
        173,
        164,
        156,
        34,
        70,
        165,
        192,
        51,
        186,
        125,
        47,
        109,
        53,
        115,
        111,
        194,
        30,
        103,
        39,
        197,
        148,
        28,
        113,
        59,
        168,
        79,
        37,
        133,
        149,
        137,
        107,
        65,
        144,
        14,
        32,
        152,
        134,
        104,
        163,
        143,
        142,
        132,
        181,
        101,
        129,
        136,
        12,
        191,
        44,
        6,
        56,
        130,
        167,
        89,
        94,
        29,
        112,
        100,
        172,
        78,
        54,
        102,
        140,
        126,
        183,
        177,
        198,
        74,
        193,
        196,
        4,
        131,
        19,
        16,
        76,
        88,
        195,
        86,
        179,
        57,
        176,
        154,
        105,
        182,
        82,
        45,
        24,
        11,
        171,
        60,
        27,
        128,
        26,
        170,
        21,
        71,
        160,
        187,
        55,
        25,
        99,
        151,
        157,
        7,
        31,
        97,
        2,
        58,
        48,
        61,
        38,
        66,
        84,
        116,
        189,
        90,
        96,
        98
    ],
    "Nb of functions evaluations": 400020,
    "Computational time in seconds": 326.5463671684265,
    "Stopping criterion in evaluations": 400000
}