7° run output:
{
    "Function": "kroB200.tsp",
    "Problem dimension": [
        109,
        14,
        82,
        128,
        96,
        10,
        141,
        160,
        70,
        25,
        61,
        184,
        88,
        182,
        15,
        32,
        194,
        41,
        158,
        162,
        142,
        183,
        123,
        26,
        156,
        81,
        50,
        30,
        76,
        102,
        18,
        150,
        16,
        44,
        47,
        120,
        28,
        157,
        174,
        106,
        144,
        3,
        105,
        63,
        53,
        139,
        35,
        101,
        199,
        192,
        33,
        24,
        19,
        107,
        80,
        64,
        83,
        36,
        46,
        140,
        126,
        178,
        187,
        143,
        138,
        37,
        169,
        72,
        89,
        122,
        188,
        110,
        197,
        131,
        180,
        134,
        161,
        154,
        12,
        40,
        87,
        11,
        97,
        173,
        93,
        179,
        59,
        42,
        111,
        127,
        146,
        43,
        129,
        86,
        73,
        185,
        66,
        196,
        121,
        92,
        1,
        108,
        170,
        22,
        21,
        168,
        175,
        145,
        137,
        67,
        29,
        151,
        6,
        0,
        34,
        149,
        55,
        74,
        133,
        100,
        68,
        90,
        75,
        98,
        31,
        177,
        13,
        155,
        186,
        54,
        78,
        112,
        48,
        116,
        85,
        9,
        189,
        69,
        2,
        52,
        165,
        56,
        132,
        164,
        124,
        119,
        5,
        23,
        159,
        91,
        118,
        95,
        104,
        71,
        27,
        58,
        166,
        135,
        148,
        38,
        39,
        4,
        57,
        114,
        195,
        115,
        190,
        153,
        103,
        172,
        191,
        125,
        181,
        163,
        176,
        79,
        99,
        49,
        17,
        136,
        62,
        113,
        198,
        51,
        117,
        65,
        167,
        171,
        7,
        8,
        45,
        20,
        193,
        84,
        94,
        60,
        130,
        152,
        147,
        77
    ],
    "Global Optimum": 0,
    "Algorithm": "Genetic algorithm",
    "Parameters": {
        "population": 30,
        "offspring": 30,
        "mutation probability": 0.005,
        "crossover probability": 0.9
    },
    "Fitness": 143064,
    "Solution": [
        109,
        14,
        82,
        128,
        96,
        10,
        141,
        160,
        70,
        25,
        61,
        184,
        88,
        182,
        15,
        32,
        194,
        41,
        158,
        162,
        142,
        183,
        123,
        26,
        156,
        81,
        50,
        30,
        76,
        102,
        18,
        150,
        16,
        44,
        47,
        120,
        28,
        157,
        174,
        106,
        144,
        3,
        105,
        63,
        53,
        139,
        35,
        101,
        199,
        192,
        33,
        24,
        19,
        107,
        80,
        64,
        83,
        36,
        46,
        140,
        126,
        178,
        187,
        143,
        138,
        37,
        169,
        72,
        89,
        122,
        188,
        110,
        197,
        131,
        180,
        134,
        161,
        154,
        12,
        40,
        87,
        11,
        97,
        173,
        93,
        179,
        59,
        42,
        111,
        127,
        146,
        43,
        129,
        86,
        73,
        185,
        66,
        196,
        121,
        92,
        1,
        108,
        170,
        22,
        21,
        168,
        175,
        145,
        137,
        67,
        29,
        151,
        6,
        0,
        34,
        149,
        55,
        74,
        133,
        100,
        68,
        90,
        75,
        98,
        31,
        177,
        13,
        155,
        186,
        54,
        78,
        112,
        48,
        116,
        85,
        9,
        189,
        69,
        2,
        52,
        165,
        56,
        132,
        164,
        124,
        119,
        5,
        23,
        159,
        91,
        118,
        95,
        104,
        71,
        27,
        58,
        166,
        135,
        148,
        38,
        39,
        4,
        57,
        114,
        195,
        115,
        190,
        153,
        103,
        172,
        191,
        125,
        181,
        163,
        176,
        79,
        99,
        49,
        17,
        136,
        62,
        113,
        198,
        51,
        117,
        65,
        167,
        171,
        7,
        8,
        45,
        20,
        193,
        84,
        94,
        60,
        130,
        152,
        147,
        77
    ],
    "Nb of functions evaluations": 400020,
    "Computational time in seconds": 327.1237871646881,
    "Stopping criterion in evaluations": 400000
}