10° run output:
{
    "Function": "euclidA300.tsp",
    "Problem dimension": [
        136,
        229,
        20,
        255,
        289,
        135,
        27,
        160,
        200,
        122,
        118,
        138,
        226,
        47,
        233,
        78,
        283,
        132,
        157,
        51,
        70,
        100,
        272,
        12,
        50,
        17,
        176,
        187,
        1,
        238,
        196,
        148,
        240,
        44,
        54,
        111,
        210,
        252,
        182,
        40,
        281,
        66,
        168,
        98,
        259,
        273,
        126,
        178,
        124,
        152,
        174,
        55,
        34,
        270,
        220,
        221,
        71,
        91,
        282,
        279,
        163,
        263,
        11,
        49,
        170,
        231,
        298,
        149,
        114,
        277,
        222,
        30,
        251,
        271,
        146,
        201,
        191,
        244,
        228,
        166,
        35,
        253,
        198,
        29,
        293,
        243,
        33,
        147,
        4,
        207,
        41,
        59,
        131,
        242,
        164,
        204,
        129,
        57,
        265,
        184,
        109,
        92,
        266,
        108,
        181,
        156,
        61,
        139,
        223,
        211,
        276,
        95,
        173,
        93,
        101,
        232,
        190,
        285,
        106,
        224,
        256,
        56,
        7,
        64,
        175,
        26,
        69,
        142,
        241,
        62,
        215,
        186,
        188,
        143,
        239,
        74,
        32,
        67,
        158,
        203,
        21,
        180,
        296,
        102,
        250,
        172,
        197,
        53,
        96,
        202,
        60,
        227,
        247,
        274,
        45,
        225,
        90,
        177,
        46,
        121,
        230,
        249,
        199,
        194,
        209,
        141,
        25,
        82,
        264,
        278,
        284,
        161,
        151,
        258,
        262,
        248,
        23,
        79,
        120,
        212,
        31,
        105,
        185,
        13,
        28,
        125,
        299,
        88,
        269,
        140,
        237,
        275,
        153,
        2,
        189,
        94,
        137,
        65,
        58,
        144,
        214,
        9,
        8,
        103,
        24,
        235,
        218,
        110,
        206,
        145,
        128,
        133,
        119,
        159,
        287,
        84,
        22,
        234,
        127,
        83,
        97,
        87,
        52,
        81,
        219,
        0,
        246,
        268,
        86,
        216,
        294,
        267,
        16,
        10,
        115,
        36,
        117,
        130,
        75,
        208,
        236,
        112,
        288,
        254,
        68,
        38,
        14,
        165,
        292,
        19,
        213,
        104,
        48,
        37,
        63,
        18,
        116,
        5,
        257,
        155,
        260,
        76,
        167,
        77,
        15,
        73,
        99,
        43,
        123,
        297,
        89,
        171,
        107,
        162,
        6,
        113,
        169,
        150,
        3,
        192,
        154,
        195,
        42,
        261,
        295,
        193,
        217,
        245,
        80,
        205,
        85,
        39,
        286,
        280,
        183,
        134,
        72,
        290,
        291,
        179
    ],
    "Global Optimum": 0,
    "Algorithm": "Genetic algorithm",
    "Parameters": {
        "population": 30,
        "offspring": 30,
        "mutation probability": 0.0033333333333333335,
        "crossover probability": 0.9
    },
    "Fitness": 382331,
    "Solution": [
        136,
        229,
        20,
        255,
        289,
        135,
        27,
        160,
        200,
        122,
        118,
        138,
        226,
        47,
        233,
        78,
        283,
        132,
        157,
        51,
        70,
        100,
        272,
        12,
        50,
        17,
        176,
        187,
        1,
        238,
        196,
        148,
        240,
        44,
        54,
        111,
        210,
        252,
        182,
        40,
        281,
        66,
        168,
        98,
        259,
        273,
        126,
        178,
        124,
        152,
        174,
        55,
        34,
        270,
        220,
        221,
        71,
        91,
        282,
        279,
        163,
        263,
        11,
        49,
        170,
        231,
        298,
        149,
        114,
        277,
        222,
        30,
        251,
        271,
        146,
        201,
        191,
        244,
        228,
        166,
        35,
        253,
        198,
        29,
        293,
        243,
        33,
        147,
        4,
        207,
        41,
        59,
        131,
        242,
        164,
        204,
        129,
        57,
        265,
        184,
        109,
        92,
        266,
        108,
        181,
        156,
        61,
        139,
        223,
        211,
        276,
        95,
        173,
        93,
        101,
        232,
        190,
        285,
        106,
        224,
        256,
        56,
        7,
        64,
        175,
        26,
        69,
        142,
        241,
        62,
        215,
        186,
        188,
        143,
        239,
        74,
        32,
        67,
        158,
        203,
        21,
        180,
        296,
        102,
        250,
        172,
        197,
        53,
        96,
        202,
        60,
        227,
        247,
        274,
        45,
        225,
        90,
        177,
        46,
        121,
        230,
        249,
        199,
        194,
        209,
        141,
        25,
        82,
        264,
        278,
        284,
        161,
        151,
        258,
        262,
        248,
        23,
        79,
        120,
        212,
        31,
        105,
        185,
        13,
        28,
        125,
        299,
        88,
        269,
        140,
        237,
        275,
        153,
        2,
        189,
        94,
        137,
        65,
        58,
        144,
        214,
        9,
        8,
        103,
        24,
        235,
        218,
        110,
        206,
        145,
        128,
        133,
        119,
        159,
        287,
        84,
        22,
        234,
        127,
        83,
        97,
        87,
        52,
        81,
        219,
        0,
        246,
        268,
        86,
        216,
        294,
        267,
        16,
        10,
        115,
        36,
        117,
        130,
        75,
        208,
        236,
        112,
        288,
        254,
        68,
        38,
        14,
        165,
        292,
        19,
        213,
        104,
        48,
        37,
        63,
        18,
        116,
        5,
        257,
        155,
        260,
        76,
        167,
        77,
        15,
        73,
        99,
        43,
        123,
        297,
        89,
        171,
        107,
        162,
        6,
        113,
        169,
        150,
        3,
        192,
        154,
        195,
        42,
        261,
        295,
        193,
        217,
        245,
        80,
        205,
        85,
        39,
        286,
        280,
        183,
        134,
        72,
        290,
        291,
        179
    ],
    "Nb of functions evaluations": 50010,
    "Computational time in seconds": 141.81835436820984,
    "Stopping criterion in evaluations": 50000
}