21° run output:
{
    "Function": "ClusterA100.tsp",
    "Problem dimension": [
        47,
        58,
        8,
        53,
        22,
        92,
        66,
        37,
        42,
        77,
        26,
        16,
        25,
        74,
        89,
        39,
        35,
        15,
        0,
        43,
        29,
        63,
        3,
        40,
        73,
        84,
        46,
        52,
        86,
        68,
        95,
        28,
        80,
        97,
        18,
        5,
        27,
        99,
        75,
        10,
        50,
        38,
        88,
        12,
        72,
        24,
        31,
        94,
        7,
        21,
        64,
        60,
        48,
        57,
        70,
        23,
        91,
        19,
        71,
        4,
        67,
        1,
        11,
        87,
        13,
        45,
        32,
        59,
        33,
        85,
        36,
        9,
        44,
        65,
        76,
        93,
        17,
        55,
        34,
        90,
        79,
        54,
        6,
        2,
        56,
        98,
        30,
        82,
        69,
        20,
        61,
        14,
        49,
        83,
        51,
        41,
        62,
        81,
        78,
        96
    ],
    "Global Optimum": 0,
    "Algorithm": "Genetic algorithm",
    "Parameters": {
        "population": 30,
        "offspring": 30,
        "mutation probability": 0.01,
        "crossover probability": 0.9
    },
    "Fitness": 61905,
    "Solution": [
        47,
        58,
        8,
        53,
        22,
        92,
        66,
        37,
        42,
        77,
        26,
        16,
        25,
        74,
        89,
        39,
        35,
        15,
        0,
        43,
        29,
        63,
        3,
        40,
        73,
        84,
        46,
        52,
        86,
        68,
        95,
        28,
        80,
        97,
        18,
        5,
        27,
        99,
        75,
        10,
        50,
        38,
        88,
        12,
        72,
        24,
        31,
        94,
        7,
        21,
        64,
        60,
        48,
        57,
        70,
        23,
        91,
        19,
        71,
        4,
        67,
        1,
        11,
        87,
        13,
        45,
        32,
        59,
        33,
        85,
        36,
        9,
        44,
        65,
        76,
        93,
        17,
        55,
        34,
        90,
        79,
        54,
        6,
        2,
        56,
        98,
        30,
        82,
        69,
        20,
        61,
        14,
        49,
        83,
        51,
        41,
        62,
        81,
        78,
        96
    ],
    "Nb of functions evaluations": 400020,
    "Computational time in seconds": 111.66275072097778,
    "Stopping criterion in evaluations": 400000
}