23° run output:
{
    "Function": "ClusterA100.tsp",
    "Problem dimension": [
        48,
        57,
        53,
        68,
        88,
        76,
        72,
        24,
        84,
        65,
        12,
        93,
        32,
        71,
        89,
        21,
        98,
        45,
        56,
        85,
        9,
        95,
        5,
        63,
        51,
        83,
        29,
        97,
        80,
        0,
        61,
        96,
        47,
        26,
        77,
        42,
        22,
        75,
        78,
        86,
        41,
        23,
        91,
        82,
        52,
        81,
        62,
        20,
        46,
        19,
        70,
        69,
        30,
        7,
        1,
        54,
        74,
        4,
        67,
        17,
        39,
        3,
        73,
        40,
        43,
        14,
        66,
        38,
        15,
        28,
        35,
        60,
        33,
        64,
        59,
        94,
        44,
        31,
        13,
        99,
        92,
        37,
        50,
        27,
        49,
        18,
        34,
        55,
        16,
        25,
        90,
        87,
        36,
        11,
        79,
        6,
        2,
        58,
        8,
        10
    ],
    "Global Optimum": 0,
    "Algorithm": "Genetic algorithm",
    "Parameters": {
        "population": 30,
        "offspring": 30,
        "mutation probability": 0.01,
        "crossover probability": 0.9
    },
    "Fitness": 56657,
    "Solution": [
        48,
        57,
        53,
        68,
        88,
        76,
        72,
        24,
        84,
        65,
        12,
        93,
        32,
        71,
        89,
        21,
        98,
        45,
        56,
        85,
        9,
        95,
        5,
        63,
        51,
        83,
        29,
        97,
        80,
        0,
        61,
        96,
        47,
        26,
        77,
        42,
        22,
        75,
        78,
        86,
        41,
        23,
        91,
        82,
        52,
        81,
        62,
        20,
        46,
        19,
        70,
        69,
        30,
        7,
        1,
        54,
        74,
        4,
        67,
        17,
        39,
        3,
        73,
        40,
        43,
        14,
        66,
        38,
        15,
        28,
        35,
        60,
        33,
        64,
        59,
        94,
        44,
        31,
        13,
        99,
        92,
        37,
        50,
        27,
        49,
        18,
        34,
        55,
        16,
        25,
        90,
        87,
        36,
        11,
        79,
        6,
        2,
        58,
        8,
        10
    ],
    "Nb of functions evaluations": 400020,
    "Computational time in seconds": 114.40815615653992,
    "Stopping criterion in evaluations": 400000
}