6° run output:
{
    "Function": "ClusterA100.tsp",
    "Problem dimension": [
        12,
        93,
        90,
        79,
        47,
        54,
        67,
        7,
        71,
        31,
        35,
        80,
        18,
        64,
        21,
        96,
        1,
        94,
        17,
        59,
        6,
        85,
        87,
        2,
        34,
        25,
        55,
        26,
        86,
        70,
        91,
        76,
        65,
        44,
        88,
        60,
        15,
        28,
        61,
        39,
        78,
        30,
        81,
        23,
        41,
        62,
        73,
        5,
        27,
        37,
        42,
        66,
        92,
        10,
        98,
        11,
        77,
        22,
        33,
        89,
        74,
        4,
        16,
        45,
        95,
        8,
        58,
        36,
        13,
        9,
        38,
        97,
        0,
        43,
        40,
        3,
        29,
        68,
        56,
        99,
        75,
        53,
        50,
        49,
        14,
        83,
        63,
        51,
        48,
        57,
        20,
        82,
        24,
        72,
        32,
        84,
        19,
        46,
        52,
        69
    ],
    "Global Optimum": 0,
    "Algorithm": "Genetic algorithm",
    "Parameters": {
        "population": 30,
        "offspring": 30,
        "mutation probability": 0.01,
        "crossover probability": 0.9
    },
    "Fitness": 51108,
    "Solution": [
        12,
        93,
        90,
        79,
        47,
        54,
        67,
        7,
        71,
        31,
        35,
        80,
        18,
        64,
        21,
        96,
        1,
        94,
        17,
        59,
        6,
        85,
        87,
        2,
        34,
        25,
        55,
        26,
        86,
        70,
        91,
        76,
        65,
        44,
        88,
        60,
        15,
        28,
        61,
        39,
        78,
        30,
        81,
        23,
        41,
        62,
        73,
        5,
        27,
        37,
        42,
        66,
        92,
        10,
        98,
        11,
        77,
        22,
        33,
        89,
        74,
        4,
        16,
        45,
        95,
        8,
        58,
        36,
        13,
        9,
        38,
        97,
        0,
        43,
        40,
        3,
        29,
        68,
        56,
        99,
        75,
        53,
        50,
        49,
        14,
        83,
        63,
        51,
        48,
        57,
        20,
        82,
        24,
        72,
        32,
        84,
        19,
        46,
        52,
        69
    ],
    "Nb of functions evaluations": 400020,
    "Computational time in seconds": 108.78761506080627,
    "Stopping criterion in evaluations": 400000
}