23° run output:
{
    "Function": "euclidB100.tsp",
    "Problem dimension": [
        67,
        69,
        90,
        82,
        25,
        38,
        64,
        57,
        92,
        18,
        0,
        6,
        42,
        15,
        22,
        40,
        61,
        27,
        19,
        77,
        29,
        70,
        3,
        30,
        96,
        9,
        62,
        95,
        31,
        88,
        71,
        26,
        5,
        63,
        21,
        28,
        49,
        59,
        4,
        13,
        10,
        23,
        14,
        17,
        11,
        68,
        32,
        41,
        37,
        2,
        34,
        52,
        47,
        97,
        53,
        55,
        7,
        94,
        72,
        89,
        60,
        56,
        93,
        39,
        43,
        58,
        33,
        20,
        80,
        83,
        24,
        91,
        66,
        35,
        1,
        73,
        76,
        75,
        54,
        44,
        36,
        48,
        81,
        74,
        99,
        79,
        8,
        45,
        86,
        84,
        46,
        87,
        85,
        50,
        78,
        98,
        65,
        12,
        51,
        16
    ],
    "Global Optimum": 0,
    "Algorithm": "Genetic algorithm",
    "Parameters": {
        "population": 30,
        "offspring": 30,
        "mutation probability": 0.01,
        "crossover probability": 0.9
    },
    "Fitness": 62198,
    "Solution": [
        67,
        69,
        90,
        82,
        25,
        38,
        64,
        57,
        92,
        18,
        0,
        6,
        42,
        15,
        22,
        40,
        61,
        27,
        19,
        77,
        29,
        70,
        3,
        30,
        96,
        9,
        62,
        95,
        31,
        88,
        71,
        26,
        5,
        63,
        21,
        28,
        49,
        59,
        4,
        13,
        10,
        23,
        14,
        17,
        11,
        68,
        32,
        41,
        37,
        2,
        34,
        52,
        47,
        97,
        53,
        55,
        7,
        94,
        72,
        89,
        60,
        56,
        93,
        39,
        43,
        58,
        33,
        20,
        80,
        83,
        24,
        91,
        66,
        35,
        1,
        73,
        76,
        75,
        54,
        44,
        36,
        48,
        81,
        74,
        99,
        79,
        8,
        45,
        86,
        84,
        46,
        87,
        85,
        50,
        78,
        98,
        65,
        12,
        51,
        16
    ],
    "Nb of functions evaluations": 200010,
    "Computational time in seconds": 69.80298185348511,
    "Stopping criterion in evaluations": 200000
}