17° run output:
{
    "Function": "euclidB100.tsp",
    "Problem dimension": [
        56,
        1,
        68,
        41,
        11,
        8,
        33,
        27,
        73,
        45,
        91,
        24,
        37,
        4,
        70,
        75,
        77,
        59,
        44,
        29,
        96,
        46,
        9,
        71,
        88,
        95,
        31,
        92,
        39,
        2,
        15,
        80,
        43,
        42,
        50,
        85,
        87,
        57,
        5,
        64,
        63,
        48,
        21,
        28,
        36,
        55,
        72,
        89,
        6,
        98,
        32,
        17,
        14,
        20,
        61,
        58,
        34,
        22,
        40,
        3,
        19,
        97,
        86,
        60,
        0,
        94,
        7,
        93,
        18,
        66,
        76,
        30,
        54,
        49,
        23,
        52,
        79,
        13,
        53,
        51,
        12,
        99,
        38,
        25,
        10,
        47,
        16,
        67,
        69,
        90,
        26,
        62,
        82,
        74,
        81,
        84,
        65,
        35,
        83,
        78
    ],
    "Global Optimum": 0,
    "Algorithm": "Genetic algorithm",
    "Parameters": {
        "population": 30,
        "offspring": 30,
        "mutation probability": 0.01,
        "crossover probability": 0.9
    },
    "Fitness": 63576,
    "Solution": [
        56,
        1,
        68,
        41,
        11,
        8,
        33,
        27,
        73,
        45,
        91,
        24,
        37,
        4,
        70,
        75,
        77,
        59,
        44,
        29,
        96,
        46,
        9,
        71,
        88,
        95,
        31,
        92,
        39,
        2,
        15,
        80,
        43,
        42,
        50,
        85,
        87,
        57,
        5,
        64,
        63,
        48,
        21,
        28,
        36,
        55,
        72,
        89,
        6,
        98,
        32,
        17,
        14,
        20,
        61,
        58,
        34,
        22,
        40,
        3,
        19,
        97,
        86,
        60,
        0,
        94,
        7,
        93,
        18,
        66,
        76,
        30,
        54,
        49,
        23,
        52,
        79,
        13,
        53,
        51,
        12,
        99,
        38,
        25,
        10,
        47,
        16,
        67,
        69,
        90,
        26,
        62,
        82,
        74,
        81,
        84,
        65,
        35,
        83,
        78
    ],
    "Nb of functions evaluations": 200010,
    "Computational time in seconds": 69.02300333976746,
    "Stopping criterion in evaluations": 200000
}