11° run output:
{
    "Function": "euclidB100.tsp",
    "Problem dimension": [
        51,
        89,
        2,
        39,
        15,
        43,
        34,
        20,
        50,
        85,
        56,
        69,
        53,
        95,
        31,
        26,
        4,
        47,
        29,
        44,
        49,
        90,
        65,
        98,
        83,
        68,
        11,
        55,
        67,
        87,
        71,
        88,
        18,
        24,
        41,
        76,
        16,
        28,
        57,
        99,
        92,
        1,
        66,
        81,
        84,
        25,
        38,
        86,
        40,
        80,
        58,
        93,
        6,
        78,
        35,
        5,
        63,
        23,
        52,
        27,
        97,
        73,
        12,
        82,
        46,
        74,
        21,
        9,
        62,
        91,
        0,
        32,
        60,
        37,
        17,
        14,
        8,
        72,
        94,
        7,
        42,
        22,
        45,
        13,
        59,
        54,
        96,
        77,
        75,
        19,
        33,
        61,
        79,
        10,
        30,
        3,
        70,
        36,
        64,
        48
    ],
    "Global Optimum": 0,
    "Algorithm": "Genetic algorithm",
    "Parameters": {
        "population": 30,
        "offspring": 30,
        "mutation probability": 0.01,
        "crossover probability": 0.9
    },
    "Fitness": 66496,
    "Solution": [
        51,
        89,
        2,
        39,
        15,
        43,
        34,
        20,
        50,
        85,
        56,
        69,
        53,
        95,
        31,
        26,
        4,
        47,
        29,
        44,
        49,
        90,
        65,
        98,
        83,
        68,
        11,
        55,
        67,
        87,
        71,
        88,
        18,
        24,
        41,
        76,
        16,
        28,
        57,
        99,
        92,
        1,
        66,
        81,
        84,
        25,
        38,
        86,
        40,
        80,
        58,
        93,
        6,
        78,
        35,
        5,
        63,
        23,
        52,
        27,
        97,
        73,
        12,
        82,
        46,
        74,
        21,
        9,
        62,
        91,
        0,
        32,
        60,
        37,
        17,
        14,
        8,
        72,
        94,
        7,
        42,
        22,
        45,
        13,
        59,
        54,
        96,
        77,
        75,
        19,
        33,
        61,
        79,
        10,
        30,
        3,
        70,
        36,
        64,
        48
    ],
    "Nb of functions evaluations": 200010,
    "Computational time in seconds": 72.8150007724762,
    "Stopping criterion in evaluations": 200000
}