6° run output:
{
    "Function": "euclidB100.tsp",
    "Problem dimension": [
        4,
        53,
        55,
        85,
        86,
        45,
        33,
        80,
        43,
        93,
        60,
        83,
        66,
        1,
        67,
        96,
        29,
        54,
        21,
        25,
        38,
        64,
        5,
        37,
        68,
        99,
        87,
        57,
        74,
        46,
        84,
        62,
        95,
        18,
        88,
        71,
        81,
        36,
        23,
        75,
        47,
        27,
        79,
        8,
        22,
        40,
        58,
        89,
        7,
        94,
        31,
        9,
        92,
        82,
        12,
        26,
        90,
        35,
        97,
        13,
        76,
        49,
        16,
        73,
        98,
        11,
        6,
        0,
        24,
        65,
        32,
        34,
        15,
        2,
        72,
        39,
        69,
        51,
        28,
        48,
        63,
        78,
        56,
        91,
        70,
        30,
        3,
        19,
        77,
        61,
        20,
        14,
        17,
        42,
        50,
        41,
        10,
        59,
        44,
        52
    ],
    "Global Optimum": 0,
    "Algorithm": "Genetic algorithm",
    "Parameters": {
        "population": 30,
        "offspring": 30,
        "mutation probability": 0.01,
        "crossover probability": 0.9
    },
    "Fitness": 65334,
    "Solution": [
        4,
        53,
        55,
        85,
        86,
        45,
        33,
        80,
        43,
        93,
        60,
        83,
        66,
        1,
        67,
        96,
        29,
        54,
        21,
        25,
        38,
        64,
        5,
        37,
        68,
        99,
        87,
        57,
        74,
        46,
        84,
        62,
        95,
        18,
        88,
        71,
        81,
        36,
        23,
        75,
        47,
        27,
        79,
        8,
        22,
        40,
        58,
        89,
        7,
        94,
        31,
        9,
        92,
        82,
        12,
        26,
        90,
        35,
        97,
        13,
        76,
        49,
        16,
        73,
        98,
        11,
        6,
        0,
        24,
        65,
        32,
        34,
        15,
        2,
        72,
        39,
        69,
        51,
        28,
        48,
        63,
        78,
        56,
        91,
        70,
        30,
        3,
        19,
        77,
        61,
        20,
        14,
        17,
        42,
        50,
        41,
        10,
        59,
        44,
        52
    ],
    "Nb of functions evaluations": 200010,
    "Computational time in seconds": 70.281001329422,
    "Stopping criterion in evaluations": 200000
}