1° run output:
{
    "Function": "euclidB100.tsp",
    "Problem dimension": [
        45,
        38,
        25,
        36,
        33,
        27,
        52,
        47,
        11,
        60,
        42,
        43,
        15,
        89,
        39,
        2,
        93,
        66,
        35,
        90,
        99,
        69,
        34,
        80,
        58,
        22,
        37,
        53,
        73,
        23,
        4,
        50,
        61,
        79,
        13,
        76,
        49,
        29,
        77,
        19,
        59,
        10,
        86,
        85,
        12,
        51,
        57,
        67,
        83,
        98,
        92,
        87,
        21,
        63,
        8,
        40,
        72,
        94,
        7,
        41,
        32,
        9,
        82,
        71,
        55,
        6,
        17,
        14,
        97,
        75,
        30,
        3,
        96,
        16,
        84,
        26,
        65,
        68,
        18,
        88,
        31,
        95,
        62,
        91,
        0,
        24,
        48,
        5,
        56,
        1,
        78,
        74,
        81,
        46,
        64,
        28,
        70,
        54,
        44,
        20
    ],
    "Global Optimum": 0,
    "Algorithm": "Genetic algorithm",
    "Parameters": {
        "population": 30,
        "offspring": 30,
        "mutation probability": 0.01,
        "crossover probability": 0.9
    },
    "Fitness": 69544,
    "Solution": [
        45,
        38,
        25,
        36,
        33,
        27,
        52,
        47,
        11,
        60,
        42,
        43,
        15,
        89,
        39,
        2,
        93,
        66,
        35,
        90,
        99,
        69,
        34,
        80,
        58,
        22,
        37,
        53,
        73,
        23,
        4,
        50,
        61,
        79,
        13,
        76,
        49,
        29,
        77,
        19,
        59,
        10,
        86,
        85,
        12,
        51,
        57,
        67,
        83,
        98,
        92,
        87,
        21,
        63,
        8,
        40,
        72,
        94,
        7,
        41,
        32,
        9,
        82,
        71,
        55,
        6,
        17,
        14,
        97,
        75,
        30,
        3,
        96,
        16,
        84,
        26,
        65,
        68,
        18,
        88,
        31,
        95,
        62,
        91,
        0,
        24,
        48,
        5,
        56,
        1,
        78,
        74,
        81,
        46,
        64,
        28,
        70,
        54,
        44,
        20
    ],
    "Nb of functions evaluations": 200010,
    "Computational time in seconds": 75.57200241088867,
    "Stopping criterion in evaluations": 200000
}