30° run output:
{
    "Function": "euclidB100.tsp",
    "Problem dimension": [
        66,
        12,
        48,
        64,
        36,
        16,
        20,
        22,
        58,
        80,
        53,
        82,
        65,
        72,
        2,
        39,
        42,
        14,
        89,
        7,
        93,
        18,
        91,
        68,
        98,
        99,
        84,
        81,
        74,
        67,
        11,
        15,
        43,
        34,
        86,
        97,
        76,
        4,
        10,
        23,
        5,
        25,
        38,
        46,
        51,
        40,
        61,
        17,
        8,
        45,
        13,
        52,
        27,
        73,
        28,
        63,
        21,
        88,
        9,
        92,
        1,
        32,
        70,
        3,
        30,
        55,
        0,
        24,
        94,
        50,
        85,
        87,
        57,
        59,
        29,
        75,
        77,
        19,
        79,
        33,
        47,
        54,
        96,
        44,
        49,
        69,
        35,
        26,
        71,
        62,
        95,
        31,
        60,
        37,
        6,
        41,
        78,
        90,
        56,
        83
    ],
    "Global Optimum": 0,
    "Algorithm": "Genetic algorithm",
    "Parameters": {
        "population": 30,
        "offspring": 30,
        "mutation probability": 0.01,
        "crossover probability": 0.9
    },
    "Fitness": 64772,
    "Solution": [
        66,
        12,
        48,
        64,
        36,
        16,
        20,
        22,
        58,
        80,
        53,
        82,
        65,
        72,
        2,
        39,
        42,
        14,
        89,
        7,
        93,
        18,
        91,
        68,
        98,
        99,
        84,
        81,
        74,
        67,
        11,
        15,
        43,
        34,
        86,
        97,
        76,
        4,
        10,
        23,
        5,
        25,
        38,
        46,
        51,
        40,
        61,
        17,
        8,
        45,
        13,
        52,
        27,
        73,
        28,
        63,
        21,
        88,
        9,
        92,
        1,
        32,
        70,
        3,
        30,
        55,
        0,
        24,
        94,
        50,
        85,
        87,
        57,
        59,
        29,
        75,
        77,
        19,
        79,
        33,
        47,
        54,
        96,
        44,
        49,
        69,
        35,
        26,
        71,
        62,
        95,
        31,
        60,
        37,
        6,
        41,
        78,
        90,
        56,
        83
    ],
    "Nb of functions evaluations": 200010,
    "Computational time in seconds": 68.54599571228027,
    "Stopping criterion in evaluations": 200000
}