9° run output:
{
    "Function": "euclidB100.tsp",
    "Problem dimension": [
        24,
        93,
        98,
        56,
        78,
        18,
        0,
        91,
        31,
        62,
        53,
        16,
        47,
        77,
        19,
        75,
        11,
        50,
        84,
        25,
        38,
        28,
        3,
        54,
        52,
        27,
        17,
        14,
        34,
        86,
        13,
        59,
        44,
        23,
        10,
        4,
        87,
        12,
        69,
        99,
        71,
        1,
        41,
        6,
        42,
        43,
        39,
        72,
        94,
        22,
        61,
        40,
        36,
        21,
        63,
        74,
        60,
        37,
        68,
        83,
        26,
        92,
        67,
        65,
        90,
        32,
        66,
        35,
        85,
        76,
        97,
        49,
        73,
        55,
        79,
        29,
        70,
        30,
        96,
        33,
        45,
        20,
        8,
        80,
        58,
        15,
        2,
        89,
        7,
        88,
        95,
        9,
        48,
        46,
        81,
        64,
        5,
        51,
        57,
        82
    ],
    "Global Optimum": 0,
    "Algorithm": "Genetic algorithm",
    "Parameters": {
        "population": 30,
        "offspring": 30,
        "mutation probability": 0.01,
        "crossover probability": 0.9
    },
    "Fitness": 64626,
    "Solution": [
        24,
        93,
        98,
        56,
        78,
        18,
        0,
        91,
        31,
        62,
        53,
        16,
        47,
        77,
        19,
        75,
        11,
        50,
        84,
        25,
        38,
        28,
        3,
        54,
        52,
        27,
        17,
        14,
        34,
        86,
        13,
        59,
        44,
        23,
        10,
        4,
        87,
        12,
        69,
        99,
        71,
        1,
        41,
        6,
        42,
        43,
        39,
        72,
        94,
        22,
        61,
        40,
        36,
        21,
        63,
        74,
        60,
        37,
        68,
        83,
        26,
        92,
        67,
        65,
        90,
        32,
        66,
        35,
        85,
        76,
        97,
        49,
        73,
        55,
        79,
        29,
        70,
        30,
        96,
        33,
        45,
        20,
        8,
        80,
        58,
        15,
        2,
        89,
        7,
        88,
        95,
        9,
        48,
        46,
        81,
        64,
        5,
        51,
        57,
        82
    ],
    "Nb of functions evaluations": 200010,
    "Computational time in seconds": 69.91499710083008,
    "Stopping criterion in evaluations": 200000
}