19° run output:
{
    "Function": "euclidB100.tsp",
    "Problem dimension": [
        85,
        52,
        33,
        79,
        55,
        69,
        72,
        89,
        2,
        41,
        90,
        81,
        38,
        46,
        84,
        6,
        39,
        40,
        80,
        22,
        58,
        98,
        26,
        31,
        95,
        99,
        5,
        64,
        10,
        14,
        61,
        13,
        97,
        23,
        76,
        59,
        27,
        78,
        1,
        66,
        86,
        73,
        70,
        96,
        54,
        29,
        44,
        47,
        4,
        21,
        63,
        57,
        12,
        87,
        53,
        45,
        17,
        16,
        67,
        65,
        62,
        88,
        18,
        24,
        60,
        68,
        32,
        11,
        50,
        34,
        42,
        8,
        20,
        91,
        0,
        35,
        9,
        82,
        92,
        48,
        25,
        74,
        71,
        56,
        43,
        15,
        51,
        36,
        28,
        49,
        77,
        75,
        3,
        30,
        19,
        94,
        93,
        7,
        37,
        83
    ],
    "Global Optimum": 0,
    "Algorithm": "Genetic algorithm",
    "Parameters": {
        "population": 30,
        "offspring": 30,
        "mutation probability": 0.01,
        "crossover probability": 0.9
    },
    "Fitness": 70906,
    "Solution": [
        85,
        52,
        33,
        79,
        55,
        69,
        72,
        89,
        2,
        41,
        90,
        81,
        38,
        46,
        84,
        6,
        39,
        40,
        80,
        22,
        58,
        98,
        26,
        31,
        95,
        99,
        5,
        64,
        10,
        14,
        61,
        13,
        97,
        23,
        76,
        59,
        27,
        78,
        1,
        66,
        86,
        73,
        70,
        96,
        54,
        29,
        44,
        47,
        4,
        21,
        63,
        57,
        12,
        87,
        53,
        45,
        17,
        16,
        67,
        65,
        62,
        88,
        18,
        24,
        60,
        68,
        32,
        11,
        50,
        34,
        42,
        8,
        20,
        91,
        0,
        35,
        9,
        82,
        92,
        48,
        25,
        74,
        71,
        56,
        43,
        15,
        51,
        36,
        28,
        49,
        77,
        75,
        3,
        30,
        19,
        94,
        93,
        7,
        37,
        83
    ],
    "Nb of functions evaluations": 200010,
    "Computational time in seconds": 69.77599573135376,
    "Stopping criterion in evaluations": 200000
}