23° run output:
{
    "Function": "kroA150.tsp",
    "Problem dimension": [
        62,
        142,
        128,
        110,
        112,
        119,
        70,
        40,
        95,
        67,
        77,
        100,
        45,
        72,
        132,
        129,
        42,
        86,
        143,
        21,
        89,
        92,
        106,
        111,
        63,
        68,
        28,
        146,
        75,
        39,
        35,
        16,
        126,
        64,
        65,
        52,
        96,
        25,
        121,
        18,
        69,
        123,
        108,
        10,
        20,
        103,
        58,
        133,
        30,
        50,
        78,
        15,
        141,
        107,
        43,
        12,
        4,
        32,
        24,
        124,
        51,
        99,
        131,
        148,
        33,
        59,
        73,
        9,
        66,
        27,
        17,
        23,
        102,
        47,
        13,
        2,
        114,
        97,
        116,
        109,
        85,
        137,
        55,
        7,
        138,
        105,
        31,
        82,
        56,
        104,
        79,
        6,
        1,
        94,
        0,
        5,
        3,
        91,
        118,
        93,
        71,
        136,
        74,
        88,
        81,
        125,
        145,
        36,
        8,
        34,
        22,
        144,
        54,
        113,
        134,
        26,
        90,
        46,
        61,
        149,
        19,
        130,
        83,
        140,
        101,
        87,
        38,
        49,
        41,
        80,
        60,
        115,
        53,
        117,
        98,
        37,
        120,
        29,
        122,
        14,
        48,
        147,
        57,
        139,
        11,
        127,
        135,
        84,
        76,
        44
    ],
    "Global Optimum": 0,
    "Algorithm": "Genetic algorithm",
    "Parameters": {
        "population": 30,
        "offspring": 30,
        "mutation probability": 0.006666666666666667,
        "crossover probability": 0.9
    },
    "Fitness": 145275,
    "Solution": [
        62,
        142,
        128,
        110,
        112,
        119,
        70,
        40,
        95,
        67,
        77,
        100,
        45,
        72,
        132,
        129,
        42,
        86,
        143,
        21,
        89,
        92,
        106,
        111,
        63,
        68,
        28,
        146,
        75,
        39,
        35,
        16,
        126,
        64,
        65,
        52,
        96,
        25,
        121,
        18,
        69,
        123,
        108,
        10,
        20,
        103,
        58,
        133,
        30,
        50,
        78,
        15,
        141,
        107,
        43,
        12,
        4,
        32,
        24,
        124,
        51,
        99,
        131,
        148,
        33,
        59,
        73,
        9,
        66,
        27,
        17,
        23,
        102,
        47,
        13,
        2,
        114,
        97,
        116,
        109,
        85,
        137,
        55,
        7,
        138,
        105,
        31,
        82,
        56,
        104,
        79,
        6,
        1,
        94,
        0,
        5,
        3,
        91,
        118,
        93,
        71,
        136,
        74,
        88,
        81,
        125,
        145,
        36,
        8,
        34,
        22,
        144,
        54,
        113,
        134,
        26,
        90,
        46,
        61,
        149,
        19,
        130,
        83,
        140,
        101,
        87,
        38,
        49,
        41,
        80,
        60,
        115,
        53,
        117,
        98,
        37,
        120,
        29,
        122,
        14,
        48,
        147,
        57,
        139,
        11,
        127,
        135,
        84,
        76,
        44
    ],
    "Nb of functions evaluations": 50010,
    "Computational time in seconds": 43.067192792892456,
    "Stopping criterion in evaluations": 50000
}