14° run output:
{
    "Function": "kroA150.tsp",
    "Problem dimension": [
        46,
        0,
        44,
        97,
        71,
        41,
        67,
        2,
        86,
        77,
        95,
        145,
        30,
        123,
        22,
        45,
        51,
        36,
        119,
        134,
        26,
        122,
        110,
        103,
        108,
        99,
        70,
        29,
        89,
        52,
        74,
        147,
        148,
        135,
        4,
        120,
        75,
        53,
        104,
        91,
        105,
        101,
        69,
        25,
        27,
        149,
        106,
        11,
        19,
        15,
        21,
        133,
        48,
        38,
        131,
        40,
        85,
        28,
        109,
        20,
        126,
        146,
        12,
        125,
        39,
        50,
        107,
        139,
        56,
        73,
        136,
        79,
        18,
        10,
        76,
        114,
        54,
        47,
        111,
        137,
        57,
        116,
        88,
        93,
        128,
        87,
        65,
        142,
        1,
        24,
        14,
        84,
        43,
        49,
        72,
        63,
        113,
        68,
        42,
        33,
        32,
        13,
        96,
        55,
        132,
        59,
        37,
        138,
        117,
        129,
        64,
        121,
        81,
        127,
        98,
        118,
        3,
        66,
        82,
        61,
        112,
        60,
        124,
        144,
        7,
        141,
        130,
        92,
        6,
        94,
        100,
        102,
        115,
        8,
        34,
        78,
        35,
        140,
        5,
        23,
        17,
        80,
        90,
        31,
        83,
        9,
        143,
        62,
        16,
        58
    ],
    "Global Optimum": 0,
    "Algorithm": "Genetic algorithm",
    "Parameters": {
        "population": 30,
        "offspring": 30,
        "mutation probability": 0.006666666666666667,
        "crossover probability": 0.9
    },
    "Fitness": 159679,
    "Solution": [
        46,
        0,
        44,
        97,
        71,
        41,
        67,
        2,
        86,
        77,
        95,
        145,
        30,
        123,
        22,
        45,
        51,
        36,
        119,
        134,
        26,
        122,
        110,
        103,
        108,
        99,
        70,
        29,
        89,
        52,
        74,
        147,
        148,
        135,
        4,
        120,
        75,
        53,
        104,
        91,
        105,
        101,
        69,
        25,
        27,
        149,
        106,
        11,
        19,
        15,
        21,
        133,
        48,
        38,
        131,
        40,
        85,
        28,
        109,
        20,
        126,
        146,
        12,
        125,
        39,
        50,
        107,
        139,
        56,
        73,
        136,
        79,
        18,
        10,
        76,
        114,
        54,
        47,
        111,
        137,
        57,
        116,
        88,
        93,
        128,
        87,
        65,
        142,
        1,
        24,
        14,
        84,
        43,
        49,
        72,
        63,
        113,
        68,
        42,
        33,
        32,
        13,
        96,
        55,
        132,
        59,
        37,
        138,
        117,
        129,
        64,
        121,
        81,
        127,
        98,
        118,
        3,
        66,
        82,
        61,
        112,
        60,
        124,
        144,
        7,
        141,
        130,
        92,
        6,
        94,
        100,
        102,
        115,
        8,
        34,
        78,
        35,
        140,
        5,
        23,
        17,
        80,
        90,
        31,
        83,
        9,
        143,
        62,
        16,
        58
    ],
    "Nb of functions evaluations": 50010,
    "Computational time in seconds": 42.94073510169983,
    "Stopping criterion in evaluations": 50000
}