30° run output:
{
    "Function": "kroA750.tsp",
    "Problem dimension": [
        368,
        449,
        632,
        558,
        183,
        247,
        389,
        408,
        600,
        745,
        36,
        481,
        523,
        41,
        376,
        267,
        163,
        551,
        372,
        516,
        698,
        737,
        59,
        730,
        83,
        354,
        585,
        725,
        475,
        588,
        193,
        22,
        741,
        129,
        346,
        85,
        504,
        401,
        301,
        138,
        549,
        355,
        459,
        103,
        226,
        126,
        9,
        202,
        669,
        615,
        223,
        685,
        387,
        499,
        101,
        696,
        304,
        367,
        557,
        20,
        261,
        520,
        622,
        457,
        337,
        313,
        220,
        234,
        263,
        188,
        678,
        619,
        715,
        224,
        637,
        251,
        76,
        629,
        79,
        3,
        52,
        729,
        691,
        402,
        703,
        254,
        463,
        433,
        415,
        94,
        618,
        594,
        237,
        200,
        486,
        479,
        407,
        145,
        250,
        502,
        611,
        257,
        341,
        2,
        569,
        733,
        561,
        61,
        556,
        314,
        165,
        570,
        362,
        646,
        17,
        386,
        217,
        671,
        723,
        97,
        253,
        144,
        258,
        319,
        575,
        25,
        242,
        310,
        381,
        418,
        0,
        593,
        423,
        127,
        111,
        131,
        576,
        205,
        667,
        109,
        240,
        512,
        89,
        597,
        256,
        731,
        721,
        348,
        268,
        552,
        349,
        88,
        27,
        430,
        102,
        395,
        39,
        642,
        563,
        116,
        159,
        92,
        501,
        115,
        645,
        472,
        680,
        84,
        383,
        540,
        436,
        259,
        547,
        316,
        700,
        284,
        518,
        122,
        195,
        288,
        60,
        155,
        438,
        451,
        327,
        652,
        4,
        357,
        414,
        491,
        47,
        21,
        424,
        525,
        239,
        682,
        181,
        169,
        606,
        30,
        384,
        28,
        276,
        363,
        587,
        693,
        627,
        688,
        417,
        694,
        199,
        660,
        596,
        139,
        396,
        338,
        277,
        739,
        71,
        490,
        374,
        325,
        13,
        305,
        320,
        651,
        388,
        480,
        294,
        112,
        655,
        496,
        146,
        521,
        62,
        626,
        578,
        673,
        371,
        702,
        717,
        653,
        469,
        51,
        330,
        718,
        670,
        142,
        215,
        392,
        227,
        235,
        489,
        455,
        574,
        534,
        580,
        332,
        713,
        398,
        658,
        692,
        351,
        40,
        421,
        33,
        532,
        23,
        275,
        674,
        668,
        95,
        548,
        412,
        86,
        662,
        64,
        194,
        328,
        262,
        722,
        377,
        280,
        699,
        707,
        270,
        385,
        676,
        141,
        603,
        390,
        635,
        623,
        505,
        212,
        416,
        511,
        447,
        356,
        264,
        190,
        343,
        309,
        176,
        252,
        114,
        640,
        607,
        624,
        298,
        32,
        177,
        108,
        151,
        175,
        201,
        317,
        419,
        382,
        684,
        158,
        644,
        482,
        300,
        639,
        543,
        105,
        189,
        657,
        601,
        118,
        87,
        590,
        599,
        533,
        507,
        303,
        664,
        6,
        422,
        161,
        428,
        697,
        409,
        307,
        566,
        679,
        322,
        379,
        345,
        369,
        403,
        616,
        204,
        192,
        474,
        638,
        425,
        614,
        90,
        595,
        211,
        589,
        238,
        271,
        612,
        216,
        617,
        350,
        197,
        445,
        191,
        209,
        661,
        559,
        56,
        5,
        306,
        483,
        656,
        274,
        460,
        184,
        333,
        643,
        35,
        91,
        78,
        153,
        321,
        562,
        315,
        149,
        358,
        446,
        203,
        686,
        663,
        230,
        495,
        498,
        560,
        608,
        567,
        107,
        399,
        296,
        370,
        128,
        650,
        290,
        147,
        435,
        48,
        743,
        609,
        130,
        564,
        323,
        26,
        462,
        714,
        72,
        508,
        546,
        675,
        636,
        687,
        119,
        404,
        473,
        527,
        66,
        537,
        465,
        293,
        133,
        710,
        311,
        266,
        598,
        117,
        77,
        500,
        517,
        631,
        360,
        278,
        503,
        604,
        124,
        272,
        510,
        232,
        538,
        429,
        458,
        74,
        413,
        744,
        747,
        709,
        397,
        432,
        633,
        173,
        706,
        206,
        213,
        334,
        672,
        170,
        113,
        42,
        136,
        246,
        29,
        724,
        185,
        602,
        221,
        187,
        339,
        380,
        96,
        152,
        49,
        535,
        331,
        336,
        536,
        344,
        393,
        634,
        93,
        46,
        450,
        347,
        287,
        171,
        742,
        728,
        497,
        1,
        299,
        110,
        555,
        135,
        591,
        359,
        57,
        335,
        740,
        746,
        735,
        123,
        565,
        545,
        104,
        665,
        143,
        452,
        55,
        584,
        67,
        410,
        571,
        182,
        582,
        529,
        620,
        364,
        400,
        484,
        179,
        553,
        605,
        437,
        509,
        58,
        318,
        265,
        542,
        154,
        726,
        174,
        493,
        719,
        162,
        289,
        727,
        218,
        440,
        243,
        228,
        592,
        80,
        121,
        453,
        541,
        125,
        716,
        178,
        365,
        441,
        583,
        70,
        431,
        477,
        53,
        708,
        695,
        63,
        577,
        471,
        539,
        648,
        689,
        219,
        659,
        411,
        150,
        528,
        448,
        180,
        236,
        160,
        468,
        106,
        494,
        14,
        50,
        292,
        375,
        167,
        31,
        464,
        329,
        568,
        19,
        157,
        24,
        456,
        241,
        68,
        132,
        255,
        12,
        544,
        681,
        245,
        137,
        470,
        164,
        391,
        43,
        283,
        210,
        214,
        492,
        677,
        405,
        579,
        34,
        186,
        222,
        10,
        444,
        249,
        613,
        586,
        439,
        8,
        443,
        513,
        248,
        233,
        342,
        168,
        488,
        476,
        81,
        647,
        286,
        454,
        326,
        260,
        208,
        734,
        38,
        225,
        666,
        291,
        373,
        487,
        514,
        711,
        69,
        7,
        394,
        434,
        231,
        273,
        690,
        279,
        630,
        302,
        649,
        75,
        100,
        45,
        442,
        625,
        269,
        207,
        44,
        732,
        140,
        285,
        406,
        749,
        610,
        361,
        736,
        683,
        705,
        519,
        654,
        134,
        466,
        621,
        282,
        738,
        73,
        99,
        506,
        281,
        37,
        340,
        748,
        229,
        156,
        54,
        196,
        120,
        15,
        704,
        530,
        573,
        353,
        426,
        366,
        16,
        515,
        641,
        572,
        378,
        522,
        712,
        485,
        524,
        148,
        18,
        526,
        308,
        11,
        324,
        65,
        554,
        720,
        581,
        295,
        531,
        420,
        427,
        461,
        172,
        312,
        82,
        244,
        467,
        352,
        198,
        628,
        98,
        701,
        166,
        550,
        297,
        478
    ],
    "Global Optimum": 0,
    "Algorithm": "Genetic algorithm",
    "Parameters": {
        "population": 30,
        "offspring": 30,
        "mutation probability": 0.0013333333333333333,
        "crossover probability": 0.9
    },
    "Fitness": 1058604,
    "Solution": [
        368,
        449,
        632,
        558,
        183,
        247,
        389,
        408,
        600,
        745,
        36,
        481,
        523,
        41,
        376,
        267,
        163,
        551,
        372,
        516,
        698,
        737,
        59,
        730,
        83,
        354,
        585,
        725,
        475,
        588,
        193,
        22,
        741,
        129,
        346,
        85,
        504,
        401,
        301,
        138,
        549,
        355,
        459,
        103,
        226,
        126,
        9,
        202,
        669,
        615,
        223,
        685,
        387,
        499,
        101,
        696,
        304,
        367,
        557,
        20,
        261,
        520,
        622,
        457,
        337,
        313,
        220,
        234,
        263,
        188,
        678,
        619,
        715,
        224,
        637,
        251,
        76,
        629,
        79,
        3,
        52,
        729,
        691,
        402,
        703,
        254,
        463,
        433,
        415,
        94,
        618,
        594,
        237,
        200,
        486,
        479,
        407,
        145,
        250,
        502,
        611,
        257,
        341,
        2,
        569,
        733,
        561,
        61,
        556,
        314,
        165,
        570,
        362,
        646,
        17,
        386,
        217,
        671,
        723,
        97,
        253,
        144,
        258,
        319,
        575,
        25,
        242,
        310,
        381,
        418,
        0,
        593,
        423,
        127,
        111,
        131,
        576,
        205,
        667,
        109,
        240,
        512,
        89,
        597,
        256,
        731,
        721,
        348,
        268,
        552,
        349,
        88,
        27,
        430,
        102,
        395,
        39,
        642,
        563,
        116,
        159,
        92,
        501,
        115,
        645,
        472,
        680,
        84,
        383,
        540,
        436,
        259,
        547,
        316,
        700,
        284,
        518,
        122,
        195,
        288,
        60,
        155,
        438,
        451,
        327,
        652,
        4,
        357,
        414,
        491,
        47,
        21,
        424,
        525,
        239,
        682,
        181,
        169,
        606,
        30,
        384,
        28,
        276,
        363,
        587,
        693,
        627,
        688,
        417,
        694,
        199,
        660,
        596,
        139,
        396,
        338,
        277,
        739,
        71,
        490,
        374,
        325,
        13,
        305,
        320,
        651,
        388,
        480,
        294,
        112,
        655,
        496,
        146,
        521,
        62,
        626,
        578,
        673,
        371,
        702,
        717,
        653,
        469,
        51,
        330,
        718,
        670,
        142,
        215,
        392,
        227,
        235,
        489,
        455,
        574,
        534,
        580,
        332,
        713,
        398,
        658,
        692,
        351,
        40,
        421,
        33,
        532,
        23,
        275,
        674,
        668,
        95,
        548,
        412,
        86,
        662,
        64,
        194,
        328,
        262,
        722,
        377,
        280,
        699,
        707,
        270,
        385,
        676,
        141,
        603,
        390,
        635,
        623,
        505,
        212,
        416,
        511,
        447,
        356,
        264,
        190,
        343,
        309,
        176,
        252,
        114,
        640,
        607,
        624,
        298,
        32,
        177,
        108,
        151,
        175,
        201,
        317,
        419,
        382,
        684,
        158,
        644,
        482,
        300,
        639,
        543,
        105,
        189,
        657,
        601,
        118,
        87,
        590,
        599,
        533,
        507,
        303,
        664,
        6,
        422,
        161,
        428,
        697,
        409,
        307,
        566,
        679,
        322,
        379,
        345,
        369,
        403,
        616,
        204,
        192,
        474,
        638,
        425,
        614,
        90,
        595,
        211,
        589,
        238,
        271,
        612,
        216,
        617,
        350,
        197,
        445,
        191,
        209,
        661,
        559,
        56,
        5,
        306,
        483,
        656,
        274,
        460,
        184,
        333,
        643,
        35,
        91,
        78,
        153,
        321,
        562,
        315,
        149,
        358,
        446,
        203,
        686,
        663,
        230,
        495,
        498,
        560,
        608,
        567,
        107,
        399,
        296,
        370,
        128,
        650,
        290,
        147,
        435,
        48,
        743,
        609,
        130,
        564,
        323,
        26,
        462,
        714,
        72,
        508,
        546,
        675,
        636,
        687,
        119,
        404,
        473,
        527,
        66,
        537,
        465,
        293,
        133,
        710,
        311,
        266,
        598,
        117,
        77,
        500,
        517,
        631,
        360,
        278,
        503,
        604,
        124,
        272,
        510,
        232,
        538,
        429,
        458,
        74,
        413,
        744,
        747,
        709,
        397,
        432,
        633,
        173,
        706,
        206,
        213,
        334,
        672,
        170,
        113,
        42,
        136,
        246,
        29,
        724,
        185,
        602,
        221,
        187,
        339,
        380,
        96,
        152,
        49,
        535,
        331,
        336,
        536,
        344,
        393,
        634,
        93,
        46,
        450,
        347,
        287,
        171,
        742,
        728,
        497,
        1,
        299,
        110,
        555,
        135,
        591,
        359,
        57,
        335,
        740,
        746,
        735,
        123,
        565,
        545,
        104,
        665,
        143,
        452,
        55,
        584,
        67,
        410,
        571,
        182,
        582,
        529,
        620,
        364,
        400,
        484,
        179,
        553,
        605,
        437,
        509,
        58,
        318,
        265,
        542,
        154,
        726,
        174,
        493,
        719,
        162,
        289,
        727,
        218,
        440,
        243,
        228,
        592,
        80,
        121,
        453,
        541,
        125,
        716,
        178,
        365,
        441,
        583,
        70,
        431,
        477,
        53,
        708,
        695,
        63,
        577,
        471,
        539,
        648,
        689,
        219,
        659,
        411,
        150,
        528,
        448,
        180,
        236,
        160,
        468,
        106,
        494,
        14,
        50,
        292,
        375,
        167,
        31,
        464,
        329,
        568,
        19,
        157,
        24,
        456,
        241,
        68,
        132,
        255,
        12,
        544,
        681,
        245,
        137,
        470,
        164,
        391,
        43,
        283,
        210,
        214,
        492,
        677,
        405,
        579,
        34,
        186,
        222,
        10,
        444,
        249,
        613,
        586,
        439,
        8,
        443,
        513,
        248,
        233,
        342,
        168,
        488,
        476,
        81,
        647,
        286,
        454,
        326,
        260,
        208,
        734,
        38,
        225,
        666,
        291,
        373,
        487,
        514,
        711,
        69,
        7,
        394,
        434,
        231,
        273,
        690,
        279,
        630,
        302,
        649,
        75,
        100,
        45,
        442,
        625,
        269,
        207,
        44,
        732,
        140,
        285,
        406,
        749,
        610,
        361,
        736,
        683,
        705,
        519,
        654,
        134,
        466,
        621,
        282,
        738,
        73,
        99,
        506,
        281,
        37,
        340,
        748,
        229,
        156,
        54,
        196,
        120,
        15,
        704,
        530,
        573,
        353,
        426,
        366,
        16,
        515,
        641,
        572,
        378,
        522,
        712,
        485,
        524,
        148,
        18,
        526,
        308,
        11,
        324,
        65,
        554,
        720,
        581,
        295,
        531,
        420,
        427,
        461,
        172,
        312,
        82,
        244,
        467,
        352,
        198,
        628,
        98,
        701,
        166,
        550,
        297,
        478
    ],
    "Nb of functions evaluations": 50010,
    "Computational time in seconds": 813.0045034885406,
    "Stopping criterion in evaluations": 50000
}