14° run output:
{
    "Function": "kroA200.tsp",
    "Problem dimension": [
        54,
        41,
        172,
        67,
        122,
        6,
        127,
        188,
        83,
        86,
        35,
        156,
        102,
        89,
        78,
        130,
        56,
        59,
        180,
        4,
        55,
        46,
        45,
        158,
        114,
        3,
        26,
        11,
        66,
        44,
        90,
        197,
        187,
        164,
        101,
        163,
        147,
        57,
        151,
        0,
        116,
        169,
        15,
        110,
        192,
        24,
        1,
        166,
        132,
        64,
        186,
        105,
        14,
        176,
        109,
        162,
        189,
        65,
        21,
        170,
        152,
        51,
        148,
        31,
        193,
        81,
        77,
        142,
        60,
        146,
        171,
        32,
        50,
        103,
        88,
        139,
        22,
        84,
        131,
        111,
        63,
        30,
        87,
        177,
        136,
        194,
        112,
        134,
        58,
        98,
        39,
        160,
        167,
        33,
        53,
        9,
        196,
        91,
        28,
        17,
        144,
        97,
        61,
        195,
        74,
        37,
        138,
        125,
        23,
        190,
        48,
        137,
        96,
        99,
        80,
        95,
        62,
        107,
        155,
        10,
        8,
        117,
        198,
        25,
        42,
        175,
        20,
        94,
        129,
        106,
        49,
        181,
        27,
        34,
        113,
        154,
        185,
        79,
        18,
        191,
        141,
        75,
        93,
        2,
        73,
        38,
        145,
        133,
        126,
        157,
        76,
        150,
        128,
        29,
        68,
        40,
        182,
        140,
        199,
        100,
        159,
        161,
        5,
        119,
        7,
        71,
        143,
        184,
        124,
        92,
        173,
        47,
        43,
        123,
        121,
        36,
        19,
        85,
        168,
        179,
        153,
        82,
        118,
        149,
        70,
        104,
        13,
        115,
        178,
        165,
        72,
        69,
        16,
        52,
        12,
        135,
        183,
        174,
        120,
        108
    ],
    "Global Optimum": 0,
    "Algorithm": "Genetic algorithm",
    "Parameters": {
        "population": 30,
        "offspring": 30,
        "mutation probability": 0.005,
        "crossover probability": 0.9
    },
    "Fitness": 212528,
    "Solution": [
        54,
        41,
        172,
        67,
        122,
        6,
        127,
        188,
        83,
        86,
        35,
        156,
        102,
        89,
        78,
        130,
        56,
        59,
        180,
        4,
        55,
        46,
        45,
        158,
        114,
        3,
        26,
        11,
        66,
        44,
        90,
        197,
        187,
        164,
        101,
        163,
        147,
        57,
        151,
        0,
        116,
        169,
        15,
        110,
        192,
        24,
        1,
        166,
        132,
        64,
        186,
        105,
        14,
        176,
        109,
        162,
        189,
        65,
        21,
        170,
        152,
        51,
        148,
        31,
        193,
        81,
        77,
        142,
        60,
        146,
        171,
        32,
        50,
        103,
        88,
        139,
        22,
        84,
        131,
        111,
        63,
        30,
        87,
        177,
        136,
        194,
        112,
        134,
        58,
        98,
        39,
        160,
        167,
        33,
        53,
        9,
        196,
        91,
        28,
        17,
        144,
        97,
        61,
        195,
        74,
        37,
        138,
        125,
        23,
        190,
        48,
        137,
        96,
        99,
        80,
        95,
        62,
        107,
        155,
        10,
        8,
        117,
        198,
        25,
        42,
        175,
        20,
        94,
        129,
        106,
        49,
        181,
        27,
        34,
        113,
        154,
        185,
        79,
        18,
        191,
        141,
        75,
        93,
        2,
        73,
        38,
        145,
        133,
        126,
        157,
        76,
        150,
        128,
        29,
        68,
        40,
        182,
        140,
        199,
        100,
        159,
        161,
        5,
        119,
        7,
        71,
        143,
        184,
        124,
        92,
        173,
        47,
        43,
        123,
        121,
        36,
        19,
        85,
        168,
        179,
        153,
        82,
        118,
        149,
        70,
        104,
        13,
        115,
        178,
        165,
        72,
        69,
        16,
        52,
        12,
        135,
        183,
        174,
        120,
        108
    ],
    "Nb of functions evaluations": 50010,
    "Computational time in seconds": 70.15877342224121,
    "Stopping criterion in evaluations": 50000
}