23° run output:
{
    "Function": "kroA200.tsp",
    "Problem dimension": [
        38,
        175,
        76,
        5,
        106,
        157,
        12,
        198,
        117,
        43,
        44,
        32,
        7,
        159,
        45,
        146,
        19,
        133,
        132,
        49,
        199,
        24,
        156,
        174,
        113,
        195,
        70,
        119,
        141,
        101,
        163,
        56,
        21,
        37,
        20,
        69,
        194,
        112,
        1,
        145,
        111,
        105,
        103,
        95,
        17,
        62,
        92,
        140,
        170,
        78,
        59,
        35,
        144,
        173,
        77,
        39,
        131,
        122,
        135,
        116,
        52,
        180,
        142,
        57,
        27,
        138,
        89,
        128,
        178,
        189,
        155,
        98,
        190,
        60,
        63,
        16,
        97,
        93,
        87,
        184,
        125,
        164,
        126,
        149,
        4,
        136,
        42,
        151,
        14,
        84,
        26,
        0,
        110,
        197,
        158,
        167,
        109,
        137,
        86,
        73,
        91,
        66,
        30,
        171,
        2,
        72,
        88,
        83,
        31,
        152,
        6,
        179,
        129,
        90,
        186,
        147,
        33,
        74,
        58,
        67,
        102,
        8,
        162,
        120,
        3,
        18,
        172,
        61,
        48,
        64,
        127,
        50,
        193,
        187,
        196,
        121,
        28,
        165,
        51,
        47,
        153,
        29,
        36,
        53,
        94,
        160,
        40,
        68,
        192,
        183,
        115,
        169,
        104,
        55,
        177,
        168,
        188,
        166,
        100,
        130,
        124,
        85,
        46,
        54,
        161,
        15,
        65,
        34,
        82,
        150,
        11,
        176,
        108,
        134,
        41,
        148,
        143,
        75,
        139,
        79,
        185,
        154,
        118,
        80,
        10,
        123,
        81,
        114,
        107,
        191,
        23,
        25,
        13,
        99,
        9,
        96,
        22,
        181,
        71,
        182
    ],
    "Global Optimum": 0,
    "Algorithm": "Genetic algorithm",
    "Parameters": {
        "population": 30,
        "offspring": 30,
        "mutation probability": 0.005,
        "crossover probability": 0.9
    },
    "Fitness": 207958,
    "Solution": [
        38,
        175,
        76,
        5,
        106,
        157,
        12,
        198,
        117,
        43,
        44,
        32,
        7,
        159,
        45,
        146,
        19,
        133,
        132,
        49,
        199,
        24,
        156,
        174,
        113,
        195,
        70,
        119,
        141,
        101,
        163,
        56,
        21,
        37,
        20,
        69,
        194,
        112,
        1,
        145,
        111,
        105,
        103,
        95,
        17,
        62,
        92,
        140,
        170,
        78,
        59,
        35,
        144,
        173,
        77,
        39,
        131,
        122,
        135,
        116,
        52,
        180,
        142,
        57,
        27,
        138,
        89,
        128,
        178,
        189,
        155,
        98,
        190,
        60,
        63,
        16,
        97,
        93,
        87,
        184,
        125,
        164,
        126,
        149,
        4,
        136,
        42,
        151,
        14,
        84,
        26,
        0,
        110,
        197,
        158,
        167,
        109,
        137,
        86,
        73,
        91,
        66,
        30,
        171,
        2,
        72,
        88,
        83,
        31,
        152,
        6,
        179,
        129,
        90,
        186,
        147,
        33,
        74,
        58,
        67,
        102,
        8,
        162,
        120,
        3,
        18,
        172,
        61,
        48,
        64,
        127,
        50,
        193,
        187,
        196,
        121,
        28,
        165,
        51,
        47,
        153,
        29,
        36,
        53,
        94,
        160,
        40,
        68,
        192,
        183,
        115,
        169,
        104,
        55,
        177,
        168,
        188,
        166,
        100,
        130,
        124,
        85,
        46,
        54,
        161,
        15,
        65,
        34,
        82,
        150,
        11,
        176,
        108,
        134,
        41,
        148,
        143,
        75,
        139,
        79,
        185,
        154,
        118,
        80,
        10,
        123,
        81,
        114,
        107,
        191,
        23,
        25,
        13,
        99,
        9,
        96,
        22,
        181,
        71,
        182
    ],
    "Nb of functions evaluations": 50010,
    "Computational time in seconds": 69.78948259353638,
    "Stopping criterion in evaluations": 50000
}