27° run output:
{
    "Function": "kroA200.tsp",
    "Problem dimension": [
        87,
        37,
        174,
        173,
        120,
        28,
        162,
        110,
        187,
        95,
        35,
        103,
        105,
        155,
        3,
        13,
        56,
        26,
        36,
        191,
        18,
        131,
        189,
        114,
        199,
        16,
        186,
        180,
        116,
        164,
        45,
        39,
        52,
        158,
        40,
        112,
        33,
        137,
        115,
        62,
        152,
        10,
        43,
        123,
        117,
        99,
        96,
        171,
        9,
        77,
        98,
        169,
        51,
        47,
        125,
        141,
        188,
        74,
        129,
        157,
        122,
        2,
        72,
        92,
        8,
        198,
        80,
        70,
        140,
        53,
        11,
        79,
        100,
        150,
        22,
        167,
        170,
        21,
        55,
        49,
        128,
        184,
        190,
        19,
        5,
        82,
        136,
        149,
        142,
        1,
        159,
        7,
        102,
        27,
        154,
        42,
        61,
        4,
        182,
        185,
        153,
        194,
        104,
        106,
        85,
        68,
        130,
        83,
        197,
        25,
        193,
        81,
        183,
        14,
        151,
        17,
        48,
        109,
        166,
        143,
        46,
        156,
        73,
        76,
        138,
        71,
        66,
        119,
        107,
        34,
        108,
        192,
        127,
        59,
        64,
        12,
        148,
        29,
        0,
        6,
        23,
        139,
        101,
        111,
        134,
        176,
        78,
        60,
        135,
        165,
        88,
        90,
        69,
        179,
        44,
        86,
        24,
        126,
        175,
        38,
        97,
        113,
        161,
        178,
        118,
        65,
        121,
        196,
        32,
        50,
        67,
        132,
        147,
        145,
        146,
        91,
        168,
        30,
        195,
        57,
        93,
        163,
        20,
        63,
        160,
        54,
        133,
        124,
        41,
        144,
        31,
        15,
        94,
        181,
        89,
        58,
        75,
        84,
        172,
        177
    ],
    "Global Optimum": 0,
    "Algorithm": "Genetic algorithm",
    "Parameters": {
        "population": 30,
        "offspring": 30,
        "mutation probability": 0.005,
        "crossover probability": 0.9
    },
    "Fitness": 208043,
    "Solution": [
        87,
        37,
        174,
        173,
        120,
        28,
        162,
        110,
        187,
        95,
        35,
        103,
        105,
        155,
        3,
        13,
        56,
        26,
        36,
        191,
        18,
        131,
        189,
        114,
        199,
        16,
        186,
        180,
        116,
        164,
        45,
        39,
        52,
        158,
        40,
        112,
        33,
        137,
        115,
        62,
        152,
        10,
        43,
        123,
        117,
        99,
        96,
        171,
        9,
        77,
        98,
        169,
        51,
        47,
        125,
        141,
        188,
        74,
        129,
        157,
        122,
        2,
        72,
        92,
        8,
        198,
        80,
        70,
        140,
        53,
        11,
        79,
        100,
        150,
        22,
        167,
        170,
        21,
        55,
        49,
        128,
        184,
        190,
        19,
        5,
        82,
        136,
        149,
        142,
        1,
        159,
        7,
        102,
        27,
        154,
        42,
        61,
        4,
        182,
        185,
        153,
        194,
        104,
        106,
        85,
        68,
        130,
        83,
        197,
        25,
        193,
        81,
        183,
        14,
        151,
        17,
        48,
        109,
        166,
        143,
        46,
        156,
        73,
        76,
        138,
        71,
        66,
        119,
        107,
        34,
        108,
        192,
        127,
        59,
        64,
        12,
        148,
        29,
        0,
        6,
        23,
        139,
        101,
        111,
        134,
        176,
        78,
        60,
        135,
        165,
        88,
        90,
        69,
        179,
        44,
        86,
        24,
        126,
        175,
        38,
        97,
        113,
        161,
        178,
        118,
        65,
        121,
        196,
        32,
        50,
        67,
        132,
        147,
        145,
        146,
        91,
        168,
        30,
        195,
        57,
        93,
        163,
        20,
        63,
        160,
        54,
        133,
        124,
        41,
        144,
        31,
        15,
        94,
        181,
        89,
        58,
        75,
        84,
        172,
        177
    ],
    "Nb of functions evaluations": 50010,
    "Computational time in seconds": 69.77832674980164,
    "Stopping criterion in evaluations": 50000
}