25° run output:
{
    "Function": "kroA200.tsp",
    "Problem dimension": [
        17,
        39,
        77,
        173,
        78,
        196,
        103,
        82,
        69,
        26,
        6,
        135,
        73,
        13,
        191,
        174,
        48,
        91,
        44,
        152,
        183,
        84,
        79,
        161,
        7,
        100,
        31,
        110,
        76,
        59,
        143,
        149,
        4,
        42,
        112,
        131,
        169,
        127,
        54,
        134,
        157,
        132,
        37,
        145,
        52,
        180,
        197,
        25,
        60,
        123,
        81,
        105,
        70,
        126,
        160,
        186,
        61,
        71,
        182,
        185,
        5,
        156,
        141,
        32,
        30,
        38,
        27,
        151,
        87,
        53,
        50,
        115,
        121,
        65,
        189,
        137,
        22,
        194,
        107,
        165,
        35,
        164,
        18,
        168,
        21,
        24,
        57,
        101,
        104,
        49,
        167,
        93,
        68,
        67,
        114,
        146,
        19,
        153,
        139,
        29,
        86,
        118,
        2,
        188,
        148,
        108,
        3,
        40,
        154,
        64,
        9,
        47,
        122,
        45,
        198,
        41,
        190,
        117,
        11,
        56,
        106,
        111,
        119,
        66,
        138,
        33,
        102,
        16,
        176,
        15,
        162,
        193,
        36,
        0,
        63,
        150,
        147,
        97,
        129,
        181,
        136,
        195,
        62,
        8,
        192,
        95,
        92,
        113,
        140,
        142,
        128,
        199,
        20,
        130,
        179,
        99,
        187,
        178,
        120,
        177,
        85,
        172,
        72,
        1,
        34,
        125,
        10,
        80,
        155,
        166,
        90,
        175,
        133,
        46,
        163,
        94,
        124,
        83,
        23,
        158,
        28,
        96,
        89,
        184,
        159,
        171,
        98,
        74,
        55,
        170,
        75,
        88,
        58,
        51,
        43,
        144,
        116,
        14,
        12,
        109
    ],
    "Global Optimum": 0,
    "Algorithm": "Genetic algorithm",
    "Parameters": {
        "population": 30,
        "offspring": 30,
        "mutation probability": 0.005,
        "crossover probability": 0.9
    },
    "Fitness": 205120,
    "Solution": [
        17,
        39,
        77,
        173,
        78,
        196,
        103,
        82,
        69,
        26,
        6,
        135,
        73,
        13,
        191,
        174,
        48,
        91,
        44,
        152,
        183,
        84,
        79,
        161,
        7,
        100,
        31,
        110,
        76,
        59,
        143,
        149,
        4,
        42,
        112,
        131,
        169,
        127,
        54,
        134,
        157,
        132,
        37,
        145,
        52,
        180,
        197,
        25,
        60,
        123,
        81,
        105,
        70,
        126,
        160,
        186,
        61,
        71,
        182,
        185,
        5,
        156,
        141,
        32,
        30,
        38,
        27,
        151,
        87,
        53,
        50,
        115,
        121,
        65,
        189,
        137,
        22,
        194,
        107,
        165,
        35,
        164,
        18,
        168,
        21,
        24,
        57,
        101,
        104,
        49,
        167,
        93,
        68,
        67,
        114,
        146,
        19,
        153,
        139,
        29,
        86,
        118,
        2,
        188,
        148,
        108,
        3,
        40,
        154,
        64,
        9,
        47,
        122,
        45,
        198,
        41,
        190,
        117,
        11,
        56,
        106,
        111,
        119,
        66,
        138,
        33,
        102,
        16,
        176,
        15,
        162,
        193,
        36,
        0,
        63,
        150,
        147,
        97,
        129,
        181,
        136,
        195,
        62,
        8,
        192,
        95,
        92,
        113,
        140,
        142,
        128,
        199,
        20,
        130,
        179,
        99,
        187,
        178,
        120,
        177,
        85,
        172,
        72,
        1,
        34,
        125,
        10,
        80,
        155,
        166,
        90,
        175,
        133,
        46,
        163,
        94,
        124,
        83,
        23,
        158,
        28,
        96,
        89,
        184,
        159,
        171,
        98,
        74,
        55,
        170,
        75,
        88,
        58,
        51,
        43,
        144,
        116,
        14,
        12,
        109
    ],
    "Nb of functions evaluations": 50010,
    "Computational time in seconds": 69.65385127067566,
    "Stopping criterion in evaluations": 50000
}