10° run output:
{
    "Function": "kroA500.tsp",
    "Problem dimension": [
        431,
        75,
        193,
        259,
        10,
        489,
        228,
        124,
        194,
        281,
        201,
        208,
        60,
        332,
        356,
        118,
        451,
        324,
        221,
        407,
        110,
        131,
        362,
        343,
        126,
        16,
        397,
        471,
        326,
        33,
        422,
        271,
        20,
        319,
        404,
        226,
        170,
        487,
        25,
        416,
        244,
        141,
        367,
        481,
        379,
        347,
        287,
        107,
        51,
        86,
        391,
        428,
        265,
        112,
        297,
        288,
        346,
        456,
        231,
        327,
        17,
        381,
        197,
        133,
        4,
        388,
        182,
        1,
        149,
        209,
        394,
        348,
        249,
        435,
        2,
        419,
        76,
        464,
        395,
        18,
        198,
        9,
        383,
        36,
        192,
        304,
        41,
        63,
        159,
        389,
        59,
        340,
        34,
        97,
        360,
        210,
        186,
        479,
        252,
        333,
        250,
        234,
        47,
        495,
        365,
        111,
        429,
        87,
        427,
        80,
        119,
        61,
        293,
        261,
        310,
        418,
        152,
        277,
        354,
        342,
        322,
        308,
        45,
        243,
        48,
        380,
        434,
        235,
        403,
        461,
        37,
        312,
        409,
        98,
        378,
        386,
        331,
        436,
        491,
        359,
        415,
        72,
        425,
        6,
        117,
        447,
        317,
        145,
        57,
        82,
        390,
        232,
        83,
        282,
        239,
        392,
        175,
        411,
        372,
        272,
        58,
        215,
        139,
        368,
        181,
        214,
        35,
        254,
        160,
        91,
        280,
        115,
        77,
        200,
        155,
        445,
        123,
        417,
        424,
        151,
        27,
        174,
        300,
        296,
        196,
        238,
        485,
        465,
        240,
        291,
        329,
        105,
        11,
        218,
        283,
        302,
        248,
        89,
        488,
        180,
        204,
        120,
        84,
        79,
        339,
        109,
        164,
        377,
        446,
        474,
        441,
        376,
        0,
        355,
        62,
        189,
        247,
        266,
        188,
        338,
        199,
        285,
        305,
        150,
        496,
        370,
        262,
        140,
        307,
        22,
        358,
        96,
        341,
        251,
        430,
        163,
        53,
        40,
        212,
        439,
        290,
        499,
        237,
        468,
        321,
        345,
        260,
        497,
        70,
        78,
        236,
        421,
        108,
        478,
        191,
        450,
        216,
        66,
        68,
        166,
        28,
        315,
        275,
        344,
        134,
        484,
        224,
        483,
        94,
        494,
        73,
        171,
        242,
        366,
        408,
        142,
        469,
        267,
        323,
        303,
        132,
        263,
        460,
        449,
        330,
        153,
        371,
        384,
        258,
        169,
        206,
        135,
        443,
        375,
        245,
        457,
        480,
        30,
        64,
        156,
        255,
        462,
        223,
        458,
        301,
        38,
        402,
        351,
        114,
        3,
        268,
        225,
        470,
        279,
        7,
        316,
        93,
        357,
        205,
        65,
        103,
        253,
        311,
        56,
        269,
        400,
        130,
        203,
        493,
        369,
        453,
        361,
        213,
        31,
        401,
        294,
        138,
        498,
        399,
        46,
        74,
        143,
        136,
        106,
        455,
        122,
        337,
        433,
        246,
        32,
        382,
        190,
        158,
        168,
        274,
        146,
        222,
        352,
        477,
        423,
        466,
        336,
        104,
        23,
        440,
        398,
        334,
        325,
        26,
        374,
        49,
        42,
        85,
        90,
        29,
        100,
        202,
        335,
        187,
        410,
        177,
        299,
        318,
        219,
        257,
        13,
        165,
        396,
        387,
        176,
        492,
        227,
        55,
        147,
        473,
        467,
        127,
        309,
        454,
        116,
        39,
        15,
        393,
        385,
        144,
        19,
        128,
        475,
        102,
        195,
        452,
        69,
        241,
        81,
        50,
        490,
        413,
        276,
        328,
        88,
        183,
        405,
        21,
        24,
        229,
        459,
        270,
        314,
        113,
        129,
        349,
        256,
        373,
        426,
        289,
        137,
        161,
        320,
        482,
        295,
        476,
        67,
        438,
        44,
        437,
        185,
        278,
        207,
        148,
        157,
        313,
        71,
        167,
        442,
        350,
        8,
        92,
        273,
        264,
        184,
        95,
        99,
        121,
        220,
        211,
        412,
        284,
        178,
        420,
        125,
        286,
        364,
        486,
        14,
        463,
        414,
        101,
        233,
        5,
        173,
        432,
        306,
        298,
        12,
        43,
        230,
        448,
        406,
        162,
        52,
        472,
        217,
        172,
        179,
        353,
        444,
        292,
        54,
        154,
        363
    ],
    "Global Optimum": 0,
    "Algorithm": "Genetic algorithm",
    "Parameters": {
        "population": 30,
        "offspring": 30,
        "mutation probability": 0.002,
        "crossover probability": 0.9
    },
    "Fitness": 574461,
    "Solution": [
        431,
        75,
        193,
        259,
        10,
        489,
        228,
        124,
        194,
        281,
        201,
        208,
        60,
        332,
        356,
        118,
        451,
        324,
        221,
        407,
        110,
        131,
        362,
        343,
        126,
        16,
        397,
        471,
        326,
        33,
        422,
        271,
        20,
        319,
        404,
        226,
        170,
        487,
        25,
        416,
        244,
        141,
        367,
        481,
        379,
        347,
        287,
        107,
        51,
        86,
        391,
        428,
        265,
        112,
        297,
        288,
        346,
        456,
        231,
        327,
        17,
        381,
        197,
        133,
        4,
        388,
        182,
        1,
        149,
        209,
        394,
        348,
        249,
        435,
        2,
        419,
        76,
        464,
        395,
        18,
        198,
        9,
        383,
        36,
        192,
        304,
        41,
        63,
        159,
        389,
        59,
        340,
        34,
        97,
        360,
        210,
        186,
        479,
        252,
        333,
        250,
        234,
        47,
        495,
        365,
        111,
        429,
        87,
        427,
        80,
        119,
        61,
        293,
        261,
        310,
        418,
        152,
        277,
        354,
        342,
        322,
        308,
        45,
        243,
        48,
        380,
        434,
        235,
        403,
        461,
        37,
        312,
        409,
        98,
        378,
        386,
        331,
        436,
        491,
        359,
        415,
        72,
        425,
        6,
        117,
        447,
        317,
        145,
        57,
        82,
        390,
        232,
        83,
        282,
        239,
        392,
        175,
        411,
        372,
        272,
        58,
        215,
        139,
        368,
        181,
        214,
        35,
        254,
        160,
        91,
        280,
        115,
        77,
        200,
        155,
        445,
        123,
        417,
        424,
        151,
        27,
        174,
        300,
        296,
        196,
        238,
        485,
        465,
        240,
        291,
        329,
        105,
        11,
        218,
        283,
        302,
        248,
        89,
        488,
        180,
        204,
        120,
        84,
        79,
        339,
        109,
        164,
        377,
        446,
        474,
        441,
        376,
        0,
        355,
        62,
        189,
        247,
        266,
        188,
        338,
        199,
        285,
        305,
        150,
        496,
        370,
        262,
        140,
        307,
        22,
        358,
        96,
        341,
        251,
        430,
        163,
        53,
        40,
        212,
        439,
        290,
        499,
        237,
        468,
        321,
        345,
        260,
        497,
        70,
        78,
        236,
        421,
        108,
        478,
        191,
        450,
        216,
        66,
        68,
        166,
        28,
        315,
        275,
        344,
        134,
        484,
        224,
        483,
        94,
        494,
        73,
        171,
        242,
        366,
        408,
        142,
        469,
        267,
        323,
        303,
        132,
        263,
        460,
        449,
        330,
        153,
        371,
        384,
        258,
        169,
        206,
        135,
        443,
        375,
        245,
        457,
        480,
        30,
        64,
        156,
        255,
        462,
        223,
        458,
        301,
        38,
        402,
        351,
        114,
        3,
        268,
        225,
        470,
        279,
        7,
        316,
        93,
        357,
        205,
        65,
        103,
        253,
        311,
        56,
        269,
        400,
        130,
        203,
        493,
        369,
        453,
        361,
        213,
        31,
        401,
        294,
        138,
        498,
        399,
        46,
        74,
        143,
        136,
        106,
        455,
        122,
        337,
        433,
        246,
        32,
        382,
        190,
        158,
        168,
        274,
        146,
        222,
        352,
        477,
        423,
        466,
        336,
        104,
        23,
        440,
        398,
        334,
        325,
        26,
        374,
        49,
        42,
        85,
        90,
        29,
        100,
        202,
        335,
        187,
        410,
        177,
        299,
        318,
        219,
        257,
        13,
        165,
        396,
        387,
        176,
        492,
        227,
        55,
        147,
        473,
        467,
        127,
        309,
        454,
        116,
        39,
        15,
        393,
        385,
        144,
        19,
        128,
        475,
        102,
        195,
        452,
        69,
        241,
        81,
        50,
        490,
        413,
        276,
        328,
        88,
        183,
        405,
        21,
        24,
        229,
        459,
        270,
        314,
        113,
        129,
        349,
        256,
        373,
        426,
        289,
        137,
        161,
        320,
        482,
        295,
        476,
        67,
        438,
        44,
        437,
        185,
        278,
        207,
        148,
        157,
        313,
        71,
        167,
        442,
        350,
        8,
        92,
        273,
        264,
        184,
        95,
        99,
        121,
        220,
        211,
        412,
        284,
        178,
        420,
        125,
        286,
        364,
        486,
        14,
        463,
        414,
        101,
        233,
        5,
        173,
        432,
        306,
        298,
        12,
        43,
        230,
        448,
        406,
        162,
        52,
        472,
        217,
        172,
        179,
        353,
        444,
        292,
        54,
        154,
        363
    ],
    "Nb of functions evaluations": 200010,
    "Computational time in seconds": 799.0750827789307,
    "Stopping criterion in evaluations": 200000
}