5° run output:
{
    "Function": "kroA500.tsp",
    "Problem dimension": [
        104,
        49,
        338,
        180,
        360,
        486,
        490,
        248,
        80,
        309,
        136,
        196,
        396,
        234,
        35,
        264,
        439,
        129,
        418,
        169,
        237,
        195,
        20,
        417,
        424,
        168,
        23,
        61,
        140,
        145,
        138,
        167,
        40,
        179,
        485,
        44,
        2,
        164,
        233,
        455,
        253,
        492,
        339,
        146,
        421,
        219,
        290,
        37,
        238,
        401,
        231,
        311,
        100,
        296,
        279,
        213,
        321,
        395,
        322,
        289,
        66,
        316,
        362,
        388,
        343,
        306,
        320,
        245,
        337,
        319,
        347,
        483,
        151,
        437,
        72,
        91,
        263,
        186,
        199,
        473,
        477,
        269,
        78,
        119,
        208,
        258,
        400,
        58,
        198,
        25,
        497,
        271,
        467,
        274,
        280,
        304,
        478,
        106,
        285,
        255,
        484,
        165,
        412,
        365,
        53,
        197,
        176,
        434,
        352,
        266,
        413,
        116,
        298,
        325,
        331,
        3,
        371,
        82,
        155,
        399,
        89,
        236,
        74,
        222,
        447,
        256,
        235,
        330,
        368,
        226,
        149,
        441,
        95,
        115,
        363,
        75,
        73,
        262,
        133,
        314,
        389,
        124,
        403,
        494,
        207,
        251,
        130,
        387,
        28,
        141,
        33,
        216,
        154,
        202,
        305,
        210,
        267,
        182,
        449,
        275,
        281,
        432,
        158,
        450,
        184,
        87,
        21,
        498,
        228,
        215,
        409,
        346,
        382,
        303,
        36,
        469,
        250,
        398,
        190,
        160,
        102,
        350,
        332,
        51,
        18,
        125,
        120,
        173,
        31,
        32,
        375,
        194,
        426,
        457,
        88,
        211,
        464,
        257,
        349,
        221,
        302,
        472,
        408,
        430,
        414,
        96,
        379,
        43,
        52,
        93,
        123,
        193,
        328,
        177,
        468,
        103,
        425,
        27,
        147,
        378,
        463,
        436,
        288,
        172,
        142,
        354,
        16,
        462,
        460,
        101,
        170,
        448,
        489,
        487,
        273,
        112,
        22,
        29,
        76,
        111,
        85,
        361,
        192,
        109,
        122,
        127,
        47,
        98,
        30,
        26,
        480,
        229,
        334,
        444,
        137,
        246,
        214,
        277,
        465,
        217,
        54,
        260,
        427,
        295,
        364,
        286,
        205,
        108,
        270,
        366,
        406,
        402,
        212,
        55,
        471,
        291,
        380,
        110,
        50,
        327,
        48,
        392,
        374,
        458,
        126,
        156,
        459,
        405,
        496,
        491,
        114,
        348,
        175,
        94,
        313,
        71,
        456,
        10,
        206,
        42,
        162,
        132,
        12,
        218,
        359,
        495,
        45,
        454,
        407,
        203,
        148,
        90,
        351,
        68,
        0,
        4,
        276,
        475,
        166,
        324,
        223,
        268,
        139,
        499,
        451,
        159,
        282,
        479,
        287,
        13,
        188,
        185,
        357,
        247,
        284,
        420,
        86,
        442,
        209,
        333,
        488,
        128,
        34,
        1,
        244,
        19,
        385,
        57,
        301,
        307,
        239,
        7,
        461,
        171,
        107,
        481,
        241,
        14,
        225,
        431,
        62,
        187,
        17,
        318,
        358,
        493,
        381,
        310,
        201,
        153,
        423,
        113,
        38,
        292,
        81,
        144,
        131,
        410,
        452,
        143,
        299,
        150,
        443,
        99,
        278,
        390,
        65,
        383,
        259,
        453,
        254,
        64,
        435,
        308,
        345,
        67,
        261,
        422,
        369,
        293,
        376,
        242,
        6,
        446,
        97,
        227,
        84,
        189,
        335,
        77,
        377,
        11,
        384,
        56,
        118,
        174,
        15,
        474,
        373,
        415,
        440,
        117,
        252,
        386,
        356,
        92,
        41,
        70,
        336,
        39,
        394,
        429,
        367,
        466,
        297,
        438,
        243,
        200,
        83,
        411,
        204,
        9,
        178,
        283,
        24,
        482,
        391,
        428,
        59,
        272,
        163,
        372,
        300,
        353,
        181,
        265,
        249,
        240,
        393,
        230,
        355,
        183,
        404,
        329,
        476,
        317,
        161,
        470,
        8,
        60,
        344,
        419,
        294,
        69,
        312,
        445,
        135,
        134,
        315,
        5,
        191,
        433,
        152,
        340,
        105,
        220,
        232,
        323,
        397,
        416,
        63,
        46,
        341,
        121,
        326,
        370,
        342,
        157,
        79,
        224
    ],
    "Global Optimum": 0,
    "Algorithm": "Genetic algorithm",
    "Parameters": {
        "population": 30,
        "offspring": 30,
        "mutation probability": 0.002,
        "crossover probability": 0.9
    },
    "Fitness": 603216,
    "Solution": [
        104,
        49,
        338,
        180,
        360,
        486,
        490,
        248,
        80,
        309,
        136,
        196,
        396,
        234,
        35,
        264,
        439,
        129,
        418,
        169,
        237,
        195,
        20,
        417,
        424,
        168,
        23,
        61,
        140,
        145,
        138,
        167,
        40,
        179,
        485,
        44,
        2,
        164,
        233,
        455,
        253,
        492,
        339,
        146,
        421,
        219,
        290,
        37,
        238,
        401,
        231,
        311,
        100,
        296,
        279,
        213,
        321,
        395,
        322,
        289,
        66,
        316,
        362,
        388,
        343,
        306,
        320,
        245,
        337,
        319,
        347,
        483,
        151,
        437,
        72,
        91,
        263,
        186,
        199,
        473,
        477,
        269,
        78,
        119,
        208,
        258,
        400,
        58,
        198,
        25,
        497,
        271,
        467,
        274,
        280,
        304,
        478,
        106,
        285,
        255,
        484,
        165,
        412,
        365,
        53,
        197,
        176,
        434,
        352,
        266,
        413,
        116,
        298,
        325,
        331,
        3,
        371,
        82,
        155,
        399,
        89,
        236,
        74,
        222,
        447,
        256,
        235,
        330,
        368,
        226,
        149,
        441,
        95,
        115,
        363,
        75,
        73,
        262,
        133,
        314,
        389,
        124,
        403,
        494,
        207,
        251,
        130,
        387,
        28,
        141,
        33,
        216,
        154,
        202,
        305,
        210,
        267,
        182,
        449,
        275,
        281,
        432,
        158,
        450,
        184,
        87,
        21,
        498,
        228,
        215,
        409,
        346,
        382,
        303,
        36,
        469,
        250,
        398,
        190,
        160,
        102,
        350,
        332,
        51,
        18,
        125,
        120,
        173,
        31,
        32,
        375,
        194,
        426,
        457,
        88,
        211,
        464,
        257,
        349,
        221,
        302,
        472,
        408,
        430,
        414,
        96,
        379,
        43,
        52,
        93,
        123,
        193,
        328,
        177,
        468,
        103,
        425,
        27,
        147,
        378,
        463,
        436,
        288,
        172,
        142,
        354,
        16,
        462,
        460,
        101,
        170,
        448,
        489,
        487,
        273,
        112,
        22,
        29,
        76,
        111,
        85,
        361,
        192,
        109,
        122,
        127,
        47,
        98,
        30,
        26,
        480,
        229,
        334,
        444,
        137,
        246,
        214,
        277,
        465,
        217,
        54,
        260,
        427,
        295,
        364,
        286,
        205,
        108,
        270,
        366,
        406,
        402,
        212,
        55,
        471,
        291,
        380,
        110,
        50,
        327,
        48,
        392,
        374,
        458,
        126,
        156,
        459,
        405,
        496,
        491,
        114,
        348,
        175,
        94,
        313,
        71,
        456,
        10,
        206,
        42,
        162,
        132,
        12,
        218,
        359,
        495,
        45,
        454,
        407,
        203,
        148,
        90,
        351,
        68,
        0,
        4,
        276,
        475,
        166,
        324,
        223,
        268,
        139,
        499,
        451,
        159,
        282,
        479,
        287,
        13,
        188,
        185,
        357,
        247,
        284,
        420,
        86,
        442,
        209,
        333,
        488,
        128,
        34,
        1,
        244,
        19,
        385,
        57,
        301,
        307,
        239,
        7,
        461,
        171,
        107,
        481,
        241,
        14,
        225,
        431,
        62,
        187,
        17,
        318,
        358,
        493,
        381,
        310,
        201,
        153,
        423,
        113,
        38,
        292,
        81,
        144,
        131,
        410,
        452,
        143,
        299,
        150,
        443,
        99,
        278,
        390,
        65,
        383,
        259,
        453,
        254,
        64,
        435,
        308,
        345,
        67,
        261,
        422,
        369,
        293,
        376,
        242,
        6,
        446,
        97,
        227,
        84,
        189,
        335,
        77,
        377,
        11,
        384,
        56,
        118,
        174,
        15,
        474,
        373,
        415,
        440,
        117,
        252,
        386,
        356,
        92,
        41,
        70,
        336,
        39,
        394,
        429,
        367,
        466,
        297,
        438,
        243,
        200,
        83,
        411,
        204,
        9,
        178,
        283,
        24,
        482,
        391,
        428,
        59,
        272,
        163,
        372,
        300,
        353,
        181,
        265,
        249,
        240,
        393,
        230,
        355,
        183,
        404,
        329,
        476,
        317,
        161,
        470,
        8,
        60,
        344,
        419,
        294,
        69,
        312,
        445,
        135,
        134,
        315,
        5,
        191,
        433,
        152,
        340,
        105,
        220,
        232,
        323,
        397,
        416,
        63,
        46,
        341,
        121,
        326,
        370,
        342,
        157,
        79,
        224
    ],
    "Nb of functions evaluations": 200010,
    "Computational time in seconds": 801.0874416828156,
    "Stopping criterion in evaluations": 200000
}