6° run output:
{
    "Function": "kroD100.tsp",
    "Problem dimension": [
        64,
        13,
        15,
        43,
        59,
        34,
        99,
        50,
        29,
        1,
        47,
        52,
        3,
        70,
        96,
        31,
        0,
        40,
        4,
        91,
        94,
        27,
        11,
        45,
        88,
        93,
        10,
        65,
        73,
        56,
        71,
        51,
        7,
        83,
        92,
        36,
        61,
        18,
        54,
        8,
        9,
        17,
        95,
        68,
        23,
        87,
        12,
        78,
        72,
        38,
        5,
        39,
        19,
        24,
        67,
        44,
        32,
        81,
        46,
        55,
        20,
        62,
        80,
        57,
        28,
        6,
        30,
        98,
        85,
        58,
        2,
        25,
        86,
        82,
        84,
        63,
        42,
        76,
        53,
        90,
        14,
        77,
        79,
        75,
        37,
        16,
        89,
        69,
        97,
        48,
        21,
        41,
        22,
        49,
        26,
        33,
        35,
        66,
        74,
        60
    ],
    "Global Optimum": 0,
    "Algorithm": "Genetic algorithm",
    "Parameters": {
        "population": 30,
        "offspring": 30,
        "mutation probability": 0.01,
        "crossover probability": 0.9
    },
    "Fitness": 53117,
    "Solution": [
        64,
        13,
        15,
        43,
        59,
        34,
        99,
        50,
        29,
        1,
        47,
        52,
        3,
        70,
        96,
        31,
        0,
        40,
        4,
        91,
        94,
        27,
        11,
        45,
        88,
        93,
        10,
        65,
        73,
        56,
        71,
        51,
        7,
        83,
        92,
        36,
        61,
        18,
        54,
        8,
        9,
        17,
        95,
        68,
        23,
        87,
        12,
        78,
        72,
        38,
        5,
        39,
        19,
        24,
        67,
        44,
        32,
        81,
        46,
        55,
        20,
        62,
        80,
        57,
        28,
        6,
        30,
        98,
        85,
        58,
        2,
        25,
        86,
        82,
        84,
        63,
        42,
        76,
        53,
        90,
        14,
        77,
        79,
        75,
        37,
        16,
        89,
        69,
        97,
        48,
        21,
        41,
        22,
        49,
        26,
        33,
        35,
        66,
        74,
        60
    ],
    "Nb of functions evaluations": 400020,
    "Computational time in seconds": 102.75882411003113,
    "Stopping criterion in evaluations": 400000
}