1° run output:
{
    "Function": "kroD100.tsp",
    "Problem dimension": [
        34,
        29,
        99,
        50,
        61,
        59,
        40,
        88,
        21,
        57,
        71,
        98,
        44,
        32,
        81,
        17,
        39,
        82,
        58,
        47,
        1,
        18,
        36,
        14,
        68,
        37,
        51,
        79,
        64,
        11,
        27,
        55,
        94,
        74,
        66,
        35,
        28,
        73,
        60,
        9,
        25,
        20,
        46,
        84,
        42,
        76,
        90,
        53,
        62,
        85,
        95,
        77,
        30,
        75,
        45,
        12,
        78,
        72,
        2,
        91,
        92,
        49,
        0,
        33,
        80,
        41,
        22,
        7,
        87,
        23,
        26,
        93,
        89,
        16,
        69,
        10,
        6,
        56,
        67,
        13,
        24,
        19,
        63,
        15,
        65,
        96,
        31,
        70,
        43,
        3,
        38,
        97,
        48,
        83,
        52,
        54,
        86,
        8,
        5,
        4
    ],
    "Global Optimum": 0,
    "Algorithm": "Genetic algorithm",
    "Parameters": {
        "population": 30,
        "offspring": 30,
        "mutation probability": 0.01,
        "crossover probability": 0.9
    },
    "Fitness": 58697,
    "Solution": [
        34,
        29,
        99,
        50,
        61,
        59,
        40,
        88,
        21,
        57,
        71,
        98,
        44,
        32,
        81,
        17,
        39,
        82,
        58,
        47,
        1,
        18,
        36,
        14,
        68,
        37,
        51,
        79,
        64,
        11,
        27,
        55,
        94,
        74,
        66,
        35,
        28,
        73,
        60,
        9,
        25,
        20,
        46,
        84,
        42,
        76,
        90,
        53,
        62,
        85,
        95,
        77,
        30,
        75,
        45,
        12,
        78,
        72,
        2,
        91,
        92,
        49,
        0,
        33,
        80,
        41,
        22,
        7,
        87,
        23,
        26,
        93,
        89,
        16,
        69,
        10,
        6,
        56,
        67,
        13,
        24,
        19,
        63,
        15,
        65,
        96,
        31,
        70,
        43,
        3,
        38,
        97,
        48,
        83,
        52,
        54,
        86,
        8,
        5,
        4
    ],
    "Nb of functions evaluations": 400020,
    "Computational time in seconds": 102.38829493522644,
    "Stopping criterion in evaluations": 400000
}