20° run output:
{
    "Function": "kroD100.tsp",
    "Problem dimension": [
        97,
        96,
        31,
        87,
        83,
        90,
        53,
        42,
        76,
        61,
        36,
        50,
        1,
        47,
        29,
        78,
        0,
        49,
        33,
        45,
        56,
        11,
        27,
        46,
        9,
        20,
        24,
        19,
        55,
        94,
        54,
        25,
        4,
        2,
        82,
        5,
        81,
        67,
        32,
        64,
        84,
        58,
        95,
        13,
        44,
        79,
        69,
        48,
        88,
        3,
        91,
        99,
        18,
        86,
        8,
        15,
        65,
        37,
        26,
        68,
        85,
        63,
        43,
        92,
        70,
        62,
        34,
        59,
        52,
        39,
        17,
        98,
        30,
        77,
        14,
        72,
        38,
        40,
        23,
        12,
        80,
        51,
        7,
        41,
        89,
        93,
        16,
        10,
        22,
        28,
        57,
        35,
        66,
        73,
        60,
        75,
        71,
        6,
        74,
        21
    ],
    "Global Optimum": 0,
    "Algorithm": "Genetic algorithm",
    "Parameters": {
        "population": 30,
        "offspring": 30,
        "mutation probability": 0.01,
        "crossover probability": 0.9
    },
    "Fitness": 50134,
    "Solution": [
        97,
        96,
        31,
        87,
        83,
        90,
        53,
        42,
        76,
        61,
        36,
        50,
        1,
        47,
        29,
        78,
        0,
        49,
        33,
        45,
        56,
        11,
        27,
        46,
        9,
        20,
        24,
        19,
        55,
        94,
        54,
        25,
        4,
        2,
        82,
        5,
        81,
        67,
        32,
        64,
        84,
        58,
        95,
        13,
        44,
        79,
        69,
        48,
        88,
        3,
        91,
        99,
        18,
        86,
        8,
        15,
        65,
        37,
        26,
        68,
        85,
        63,
        43,
        92,
        70,
        62,
        34,
        59,
        52,
        39,
        17,
        98,
        30,
        77,
        14,
        72,
        38,
        40,
        23,
        12,
        80,
        51,
        7,
        41,
        89,
        93,
        16,
        10,
        22,
        28,
        57,
        35,
        66,
        73,
        60,
        75,
        71,
        6,
        74,
        21
    ],
    "Nb of functions evaluations": 400020,
    "Computational time in seconds": 102.6277174949646,
    "Stopping criterion in evaluations": 400000
}