25° run output:
{
    "Function": "kroD100.tsp",
    "Problem dimension": [
        83,
        40,
        78,
        12,
        80,
        33,
        51,
        30,
        44,
        81,
        24,
        25,
        86,
        54,
        19,
        20,
        27,
        11,
        84,
        53,
        76,
        90,
        37,
        88,
        10,
        99,
        36,
        52,
        95,
        73,
        41,
        22,
        89,
        16,
        65,
        7,
        14,
        72,
        62,
        77,
        98,
        64,
        55,
        94,
        8,
        3,
        23,
        0,
        49,
        26,
        2,
        1,
        47,
        91,
        18,
        48,
        97,
        69,
        15,
        70,
        43,
        87,
        96,
        31,
        93,
        38,
        42,
        63,
        5,
        9,
        46,
        32,
        56,
        71,
        79,
        75,
        60,
        6,
        66,
        57,
        34,
        29,
        50,
        4,
        85,
        74,
        35,
        28,
        21,
        68,
        92,
        59,
        61,
        82,
        39,
        58,
        17,
        67,
        13,
        45
    ],
    "Global Optimum": 0,
    "Algorithm": "Genetic algorithm",
    "Parameters": {
        "population": 30,
        "offspring": 30,
        "mutation probability": 0.01,
        "crossover probability": 0.9
    },
    "Fitness": 65806,
    "Solution": [
        83,
        40,
        78,
        12,
        80,
        33,
        51,
        30,
        44,
        81,
        24,
        25,
        86,
        54,
        19,
        20,
        27,
        11,
        84,
        53,
        76,
        90,
        37,
        88,
        10,
        99,
        36,
        52,
        95,
        73,
        41,
        22,
        89,
        16,
        65,
        7,
        14,
        72,
        62,
        77,
        98,
        64,
        55,
        94,
        8,
        3,
        23,
        0,
        49,
        26,
        2,
        1,
        47,
        91,
        18,
        48,
        97,
        69,
        15,
        70,
        43,
        87,
        96,
        31,
        93,
        38,
        42,
        63,
        5,
        9,
        46,
        32,
        56,
        71,
        79,
        75,
        60,
        6,
        66,
        57,
        34,
        29,
        50,
        4,
        85,
        74,
        35,
        28,
        21,
        68,
        92,
        59,
        61,
        82,
        39,
        58,
        17,
        67,
        13,
        45
    ],
    "Nb of functions evaluations": 400020,
    "Computational time in seconds": 102.65205264091492,
    "Stopping criterion in evaluations": 400000
}