6° run output:
{
    "Function": "ClusterA500.tsp",
    "Problem dimension": [
        188,
        153,
        466,
        291,
        295,
        359,
        131,
        189,
        210,
        144,
        217,
        449,
        320,
        400,
        88,
        383,
        65,
        193,
        150,
        384,
        378,
        21,
        405,
        50,
        363,
        354,
        179,
        484,
        356,
        293,
        137,
        221,
        46,
        4,
        17,
        419,
        24,
        439,
        463,
        199,
        225,
        314,
        20,
        441,
        231,
        235,
        418,
        112,
        197,
        458,
        165,
        488,
        71,
        128,
        230,
        178,
        238,
        206,
        68,
        382,
        281,
        421,
        453,
        302,
        333,
        89,
        406,
        381,
        207,
        160,
        342,
        370,
        481,
        66,
        195,
        268,
        64,
        266,
        451,
        242,
        118,
        59,
        121,
        286,
        360,
        495,
        297,
        18,
        149,
        122,
        157,
        341,
        7,
        108,
        310,
        485,
        397,
        241,
        84,
        243,
        260,
        80,
        329,
        19,
        239,
        135,
        489,
        187,
        42,
        456,
        326,
        104,
        78,
        164,
        175,
        36,
        91,
        162,
        127,
        393,
        337,
        192,
        474,
        450,
        258,
        372,
        87,
        339,
        222,
        410,
        417,
        391,
        176,
        467,
        454,
        376,
        317,
        190,
        336,
        355,
        436,
        497,
        211,
        250,
        109,
        51,
        185,
        3,
        49,
        255,
        58,
        282,
        249,
        477,
        278,
        402,
        117,
        491,
        379,
        318,
        198,
        353,
        478,
        377,
        114,
        246,
        392,
        183,
        357,
        411,
        274,
        394,
        346,
        40,
        103,
        388,
        1,
        420,
        328,
        373,
        15,
        38,
        347,
        163,
        34,
        219,
        480,
        444,
        409,
        28,
        298,
        31,
        85,
        73,
        96,
        177,
        380,
        136,
        67,
        401,
        126,
        54,
        154,
        139,
        277,
        119,
        367,
        499,
        365,
        232,
        105,
        113,
        168,
        5,
        237,
        115,
        423,
        276,
        288,
        166,
        29,
        408,
        228,
        404,
        496,
        140,
        375,
        94,
        385,
        223,
        253,
        366,
        77,
        364,
        52,
        98,
        399,
        48,
        273,
        33,
        120,
        101,
        226,
        62,
        129,
        469,
        233,
        244,
        283,
        43,
        350,
        180,
        45,
        191,
        134,
        90,
        287,
        289,
        184,
        472,
        100,
        437,
        269,
        265,
        99,
        159,
        280,
        32,
        204,
        487,
        345,
        396,
        267,
        9,
        2,
        330,
        311,
        171,
        74,
        248,
        10,
        41,
        387,
        22,
        95,
        374,
        205,
        93,
        143,
        422,
        23,
        133,
        201,
        464,
        37,
        75,
        476,
        8,
        0,
        462,
        403,
        47,
        272,
        426,
        247,
        254,
        312,
        304,
        340,
        196,
        284,
        309,
        290,
        147,
        251,
        415,
        435,
        432,
        492,
        452,
        56,
        427,
        455,
        161,
        55,
        461,
        395,
        60,
        215,
        460,
        170,
        473,
        270,
        155,
        316,
        335,
        264,
        172,
        138,
        498,
        323,
        57,
        116,
        428,
        11,
        240,
        361,
        331,
        203,
        285,
        30,
        315,
        479,
        169,
        313,
        141,
        236,
        142,
        234,
        483,
        319,
        181,
        132,
        209,
        431,
        27,
        182,
        349,
        263,
        257,
        447,
        389,
        13,
        358,
        338,
        256,
        440,
        296,
        443,
        294,
        227,
        79,
        174,
        352,
        208,
        351,
        448,
        424,
        130,
        324,
        259,
        148,
        110,
        76,
        434,
        214,
        25,
        39,
        470,
        301,
        186,
        493,
        271,
        445,
        371,
        252,
        306,
        275,
        16,
        343,
        344,
        202,
        348,
        279,
        334,
        86,
        82,
        81,
        438,
        300,
        482,
        106,
        398,
        125,
        446,
        299,
        305,
        156,
        229,
        97,
        200,
        471,
        61,
        63,
        35,
        430,
        224,
        245,
        413,
        262,
        307,
        390,
        111,
        151,
        322,
        261,
        14,
        167,
        44,
        158,
        369,
        475,
        325,
        12,
        308,
        486,
        216,
        414,
        213,
        145,
        218,
        69,
        442,
        425,
        102,
        332,
        429,
        459,
        412,
        465,
        292,
        368,
        146,
        212,
        433,
        321,
        124,
        386,
        194,
        494,
        107,
        70,
        490,
        468,
        362,
        6,
        220,
        416,
        92,
        83,
        26,
        407,
        327,
        303,
        123,
        457,
        53,
        152,
        72,
        173
    ],
    "Global Optimum": 0,
    "Algorithm": "Genetic algorithm",
    "Parameters": {
        "population": 30,
        "offspring": 30,
        "mutation probability": 0.002,
        "crossover probability": 0.9
    },
    "Fitness": 619533,
    "Solution": [
        188,
        153,
        466,
        291,
        295,
        359,
        131,
        189,
        210,
        144,
        217,
        449,
        320,
        400,
        88,
        383,
        65,
        193,
        150,
        384,
        378,
        21,
        405,
        50,
        363,
        354,
        179,
        484,
        356,
        293,
        137,
        221,
        46,
        4,
        17,
        419,
        24,
        439,
        463,
        199,
        225,
        314,
        20,
        441,
        231,
        235,
        418,
        112,
        197,
        458,
        165,
        488,
        71,
        128,
        230,
        178,
        238,
        206,
        68,
        382,
        281,
        421,
        453,
        302,
        333,
        89,
        406,
        381,
        207,
        160,
        342,
        370,
        481,
        66,
        195,
        268,
        64,
        266,
        451,
        242,
        118,
        59,
        121,
        286,
        360,
        495,
        297,
        18,
        149,
        122,
        157,
        341,
        7,
        108,
        310,
        485,
        397,
        241,
        84,
        243,
        260,
        80,
        329,
        19,
        239,
        135,
        489,
        187,
        42,
        456,
        326,
        104,
        78,
        164,
        175,
        36,
        91,
        162,
        127,
        393,
        337,
        192,
        474,
        450,
        258,
        372,
        87,
        339,
        222,
        410,
        417,
        391,
        176,
        467,
        454,
        376,
        317,
        190,
        336,
        355,
        436,
        497,
        211,
        250,
        109,
        51,
        185,
        3,
        49,
        255,
        58,
        282,
        249,
        477,
        278,
        402,
        117,
        491,
        379,
        318,
        198,
        353,
        478,
        377,
        114,
        246,
        392,
        183,
        357,
        411,
        274,
        394,
        346,
        40,
        103,
        388,
        1,
        420,
        328,
        373,
        15,
        38,
        347,
        163,
        34,
        219,
        480,
        444,
        409,
        28,
        298,
        31,
        85,
        73,
        96,
        177,
        380,
        136,
        67,
        401,
        126,
        54,
        154,
        139,
        277,
        119,
        367,
        499,
        365,
        232,
        105,
        113,
        168,
        5,
        237,
        115,
        423,
        276,
        288,
        166,
        29,
        408,
        228,
        404,
        496,
        140,
        375,
        94,
        385,
        223,
        253,
        366,
        77,
        364,
        52,
        98,
        399,
        48,
        273,
        33,
        120,
        101,
        226,
        62,
        129,
        469,
        233,
        244,
        283,
        43,
        350,
        180,
        45,
        191,
        134,
        90,
        287,
        289,
        184,
        472,
        100,
        437,
        269,
        265,
        99,
        159,
        280,
        32,
        204,
        487,
        345,
        396,
        267,
        9,
        2,
        330,
        311,
        171,
        74,
        248,
        10,
        41,
        387,
        22,
        95,
        374,
        205,
        93,
        143,
        422,
        23,
        133,
        201,
        464,
        37,
        75,
        476,
        8,
        0,
        462,
        403,
        47,
        272,
        426,
        247,
        254,
        312,
        304,
        340,
        196,
        284,
        309,
        290,
        147,
        251,
        415,
        435,
        432,
        492,
        452,
        56,
        427,
        455,
        161,
        55,
        461,
        395,
        60,
        215,
        460,
        170,
        473,
        270,
        155,
        316,
        335,
        264,
        172,
        138,
        498,
        323,
        57,
        116,
        428,
        11,
        240,
        361,
        331,
        203,
        285,
        30,
        315,
        479,
        169,
        313,
        141,
        236,
        142,
        234,
        483,
        319,
        181,
        132,
        209,
        431,
        27,
        182,
        349,
        263,
        257,
        447,
        389,
        13,
        358,
        338,
        256,
        440,
        296,
        443,
        294,
        227,
        79,
        174,
        352,
        208,
        351,
        448,
        424,
        130,
        324,
        259,
        148,
        110,
        76,
        434,
        214,
        25,
        39,
        470,
        301,
        186,
        493,
        271,
        445,
        371,
        252,
        306,
        275,
        16,
        343,
        344,
        202,
        348,
        279,
        334,
        86,
        82,
        81,
        438,
        300,
        482,
        106,
        398,
        125,
        446,
        299,
        305,
        156,
        229,
        97,
        200,
        471,
        61,
        63,
        35,
        430,
        224,
        245,
        413,
        262,
        307,
        390,
        111,
        151,
        322,
        261,
        14,
        167,
        44,
        158,
        369,
        475,
        325,
        12,
        308,
        486,
        216,
        414,
        213,
        145,
        218,
        69,
        442,
        425,
        102,
        332,
        429,
        459,
        412,
        465,
        292,
        368,
        146,
        212,
        433,
        321,
        124,
        386,
        194,
        494,
        107,
        70,
        490,
        468,
        362,
        6,
        220,
        416,
        92,
        83,
        26,
        407,
        327,
        303,
        123,
        457,
        53,
        152,
        72,
        173
    ],
    "Nb of functions evaluations": 200010,
    "Computational time in seconds": 943.6888995170593,
    "Stopping criterion in evaluations": 200000
}