9° run output:
{
    "Function": "ClusterA500.tsp",
    "Problem dimension": [
        262,
        353,
        417,
        409,
        468,
        146,
        90,
        257,
        62,
        19,
        133,
        222,
        201,
        453,
        458,
        101,
        372,
        428,
        141,
        350,
        48,
        256,
        446,
        420,
        471,
        319,
        354,
        450,
        286,
        105,
        290,
        466,
        176,
        235,
        253,
        72,
        270,
        272,
        476,
        13,
        150,
        335,
        162,
        190,
        80,
        317,
        197,
        5,
        76,
        99,
        320,
        27,
        170,
        260,
        346,
        452,
        187,
        217,
        216,
        47,
        209,
        106,
        208,
        32,
        115,
        289,
        64,
        392,
        438,
        389,
        282,
        343,
        266,
        269,
        175,
        244,
        249,
        432,
        445,
        194,
        98,
        135,
        307,
        196,
        123,
        465,
        10,
        382,
        304,
        245,
        254,
        131,
        224,
        403,
        75,
        167,
        210,
        46,
        14,
        407,
        448,
        363,
        250,
        95,
        264,
        241,
        36,
        358,
        189,
        472,
        243,
        83,
        26,
        233,
        182,
        485,
        401,
        494,
        228,
        410,
        69,
        247,
        337,
        469,
        405,
        173,
        330,
        386,
        488,
        399,
        482,
        258,
        143,
        278,
        67,
        362,
        28,
        85,
        230,
        220,
        211,
        15,
        172,
        434,
        112,
        435,
        236,
        499,
        461,
        416,
        117,
        326,
        322,
        427,
        193,
        137,
        40,
        122,
        61,
        3,
        367,
        402,
        444,
        429,
        464,
        331,
        493,
        273,
        360,
        0,
        334,
        100,
        192,
        191,
        349,
        328,
        91,
        267,
        33,
        77,
        463,
        51,
        297,
        277,
        23,
        440,
        280,
        261,
        379,
        486,
        169,
        388,
        78,
        415,
        478,
        148,
        385,
        166,
        215,
        174,
        430,
        6,
        227,
        279,
        39,
        149,
        163,
        491,
        309,
        426,
        109,
        393,
        462,
        296,
        252,
        298,
        423,
        473,
        25,
        318,
        82,
        84,
        206,
        271,
        234,
        378,
        263,
        89,
        419,
        483,
        126,
        327,
        404,
        368,
        103,
        467,
        81,
        179,
        183,
        288,
        157,
        142,
        121,
        18,
        56,
        130,
        139,
        1,
        16,
        455,
        128,
        295,
        225,
        433,
        391,
        107,
        198,
        111,
        377,
        55,
        284,
        11,
        57,
        421,
        177,
        305,
        178,
        345,
        387,
        355,
        374,
        475,
        400,
        34,
        153,
        145,
        151,
        200,
        285,
        7,
        154,
        255,
        144,
        218,
        422,
        181,
        161,
        53,
        424,
        231,
        287,
        96,
        376,
        441,
        437,
        474,
        344,
        303,
        240,
        443,
        180,
        49,
        484,
        86,
        199,
        390,
        124,
        9,
        221,
        88,
        54,
        370,
        213,
        113,
        38,
        329,
        74,
        259,
        229,
        152,
        481,
        490,
        384,
        301,
        283,
        156,
        134,
        342,
        12,
        439,
        302,
        31,
        300,
        371,
        202,
        314,
        348,
        20,
        44,
        431,
        50,
        195,
        352,
        306,
        341,
        408,
        451,
        30,
        73,
        294,
        375,
        489,
        246,
        71,
        425,
        119,
        398,
        160,
        52,
        396,
        457,
        412,
        4,
        35,
        184,
        45,
        498,
        497,
        43,
        395,
        470,
        361,
        292,
        60,
        321,
        24,
        68,
        79,
        459,
        140,
        108,
        480,
        359,
        449,
        436,
        397,
        487,
        373,
        203,
        58,
        188,
        21,
        171,
        411,
        132,
        104,
        186,
        275,
        364,
        37,
        323,
        116,
        340,
        333,
        29,
        102,
        313,
        232,
        308,
        127,
        237,
        110,
        93,
        8,
        442,
        413,
        248,
        357,
        339,
        94,
        185,
        276,
        383,
        212,
        311,
        414,
        347,
        477,
        66,
        325,
        454,
        125,
        129,
        447,
        418,
        324,
        41,
        479,
        205,
        492,
        70,
        118,
        136,
        2,
        310,
        207,
        92,
        138,
        42,
        214,
        219,
        226,
        338,
        22,
        168,
        165,
        114,
        63,
        316,
        251,
        147,
        332,
        59,
        155,
        365,
        366,
        293,
        369,
        315,
        356,
        274,
        381,
        406,
        158,
        281,
        496,
        97,
        380,
        495,
        312,
        120,
        291,
        223,
        460,
        265,
        351,
        164,
        456,
        87,
        17,
        238,
        242,
        268,
        65,
        299,
        239,
        204,
        394,
        159,
        336
    ],
    "Global Optimum": 0,
    "Algorithm": "Genetic algorithm",
    "Parameters": {
        "population": 30,
        "offspring": 30,
        "mutation probability": 0.002,
        "crossover probability": 0.9
    },
    "Fitness": 632688,
    "Solution": [
        262,
        353,
        417,
        409,
        468,
        146,
        90,
        257,
        62,
        19,
        133,
        222,
        201,
        453,
        458,
        101,
        372,
        428,
        141,
        350,
        48,
        256,
        446,
        420,
        471,
        319,
        354,
        450,
        286,
        105,
        290,
        466,
        176,
        235,
        253,
        72,
        270,
        272,
        476,
        13,
        150,
        335,
        162,
        190,
        80,
        317,
        197,
        5,
        76,
        99,
        320,
        27,
        170,
        260,
        346,
        452,
        187,
        217,
        216,
        47,
        209,
        106,
        208,
        32,
        115,
        289,
        64,
        392,
        438,
        389,
        282,
        343,
        266,
        269,
        175,
        244,
        249,
        432,
        445,
        194,
        98,
        135,
        307,
        196,
        123,
        465,
        10,
        382,
        304,
        245,
        254,
        131,
        224,
        403,
        75,
        167,
        210,
        46,
        14,
        407,
        448,
        363,
        250,
        95,
        264,
        241,
        36,
        358,
        189,
        472,
        243,
        83,
        26,
        233,
        182,
        485,
        401,
        494,
        228,
        410,
        69,
        247,
        337,
        469,
        405,
        173,
        330,
        386,
        488,
        399,
        482,
        258,
        143,
        278,
        67,
        362,
        28,
        85,
        230,
        220,
        211,
        15,
        172,
        434,
        112,
        435,
        236,
        499,
        461,
        416,
        117,
        326,
        322,
        427,
        193,
        137,
        40,
        122,
        61,
        3,
        367,
        402,
        444,
        429,
        464,
        331,
        493,
        273,
        360,
        0,
        334,
        100,
        192,
        191,
        349,
        328,
        91,
        267,
        33,
        77,
        463,
        51,
        297,
        277,
        23,
        440,
        280,
        261,
        379,
        486,
        169,
        388,
        78,
        415,
        478,
        148,
        385,
        166,
        215,
        174,
        430,
        6,
        227,
        279,
        39,
        149,
        163,
        491,
        309,
        426,
        109,
        393,
        462,
        296,
        252,
        298,
        423,
        473,
        25,
        318,
        82,
        84,
        206,
        271,
        234,
        378,
        263,
        89,
        419,
        483,
        126,
        327,
        404,
        368,
        103,
        467,
        81,
        179,
        183,
        288,
        157,
        142,
        121,
        18,
        56,
        130,
        139,
        1,
        16,
        455,
        128,
        295,
        225,
        433,
        391,
        107,
        198,
        111,
        377,
        55,
        284,
        11,
        57,
        421,
        177,
        305,
        178,
        345,
        387,
        355,
        374,
        475,
        400,
        34,
        153,
        145,
        151,
        200,
        285,
        7,
        154,
        255,
        144,
        218,
        422,
        181,
        161,
        53,
        424,
        231,
        287,
        96,
        376,
        441,
        437,
        474,
        344,
        303,
        240,
        443,
        180,
        49,
        484,
        86,
        199,
        390,
        124,
        9,
        221,
        88,
        54,
        370,
        213,
        113,
        38,
        329,
        74,
        259,
        229,
        152,
        481,
        490,
        384,
        301,
        283,
        156,
        134,
        342,
        12,
        439,
        302,
        31,
        300,
        371,
        202,
        314,
        348,
        20,
        44,
        431,
        50,
        195,
        352,
        306,
        341,
        408,
        451,
        30,
        73,
        294,
        375,
        489,
        246,
        71,
        425,
        119,
        398,
        160,
        52,
        396,
        457,
        412,
        4,
        35,
        184,
        45,
        498,
        497,
        43,
        395,
        470,
        361,
        292,
        60,
        321,
        24,
        68,
        79,
        459,
        140,
        108,
        480,
        359,
        449,
        436,
        397,
        487,
        373,
        203,
        58,
        188,
        21,
        171,
        411,
        132,
        104,
        186,
        275,
        364,
        37,
        323,
        116,
        340,
        333,
        29,
        102,
        313,
        232,
        308,
        127,
        237,
        110,
        93,
        8,
        442,
        413,
        248,
        357,
        339,
        94,
        185,
        276,
        383,
        212,
        311,
        414,
        347,
        477,
        66,
        325,
        454,
        125,
        129,
        447,
        418,
        324,
        41,
        479,
        205,
        492,
        70,
        118,
        136,
        2,
        310,
        207,
        92,
        138,
        42,
        214,
        219,
        226,
        338,
        22,
        168,
        165,
        114,
        63,
        316,
        251,
        147,
        332,
        59,
        155,
        365,
        366,
        293,
        369,
        315,
        356,
        274,
        381,
        406,
        158,
        281,
        496,
        97,
        380,
        495,
        312,
        120,
        291,
        223,
        460,
        265,
        351,
        164,
        456,
        87,
        17,
        238,
        242,
        268,
        65,
        299,
        239,
        204,
        394,
        159,
        336
    ],
    "Nb of functions evaluations": 200010,
    "Computational time in seconds": 925.7015180587769,
    "Stopping criterion in evaluations": 200000
}