23° run output:
{
    "Function": "ClusterA500.tsp",
    "Problem dimension": [
        294,
        130,
        225,
        213,
        275,
        372,
        67,
        388,
        5,
        241,
        370,
        247,
        279,
        219,
        198,
        12,
        91,
        411,
        86,
        267,
        191,
        85,
        486,
        178,
        291,
        339,
        62,
        30,
        252,
        56,
        303,
        88,
        238,
        337,
        195,
        306,
        436,
        309,
        430,
        181,
        119,
        254,
        125,
        87,
        335,
        188,
        448,
        113,
        23,
        24,
        157,
        61,
        99,
        239,
        9,
        264,
        276,
        74,
        31,
        444,
        409,
        384,
        180,
        7,
        434,
        301,
        42,
        454,
        386,
        456,
        382,
        289,
        336,
        228,
        17,
        186,
        392,
        134,
        107,
        208,
        19,
        353,
        406,
        58,
        222,
        121,
        233,
        350,
        421,
        184,
        10,
        29,
        159,
        151,
        109,
        82,
        47,
        269,
        463,
        214,
        471,
        4,
        312,
        332,
        104,
        90,
        71,
        313,
        43,
        66,
        300,
        249,
        439,
        401,
        78,
        69,
        338,
        1,
        491,
        315,
        485,
        408,
        153,
        201,
        360,
        424,
        334,
        450,
        131,
        319,
        403,
        155,
        63,
        89,
        314,
        371,
        169,
        422,
        194,
        288,
        377,
        237,
        6,
        405,
        489,
        211,
        396,
        361,
        75,
        244,
        426,
        348,
        3,
        54,
        209,
        76,
        126,
        376,
        364,
        197,
        375,
        498,
        316,
        340,
        185,
        132,
        204,
        210,
        416,
        27,
        168,
        176,
        325,
        224,
        39,
        305,
        49,
        105,
        374,
        33,
        347,
        182,
        272,
        221,
        352,
        328,
        378,
        419,
        55,
        44,
        189,
        147,
        21,
        274,
        465,
        174,
        110,
        441,
        136,
        53,
        287,
        98,
        115,
        22,
        101,
        124,
        171,
        206,
        196,
        164,
        431,
        116,
        140,
        387,
        128,
        451,
        397,
        445,
        460,
        438,
        81,
        447,
        205,
        476,
        395,
        60,
        232,
        68,
        14,
        11,
        487,
        0,
        190,
        229,
        359,
        318,
        469,
        13,
        93,
        231,
        366,
        420,
        251,
        297,
        351,
        217,
        410,
        290,
        341,
        492,
        137,
        192,
        479,
        92,
        474,
        146,
        293,
        362,
        46,
        417,
        358,
        466,
        37,
        72,
        326,
        425,
        344,
        459,
        399,
        52,
        295,
        477,
        278,
        258,
        365,
        263,
        253,
        283,
        32,
        449,
        442,
        435,
        177,
        48,
        218,
        142,
        354,
        302,
        234,
        138,
        493,
        117,
        497,
        38,
        432,
        475,
        141,
        324,
        346,
        135,
        114,
        150,
        199,
        118,
        453,
        15,
        394,
        407,
        298,
        248,
        327,
        385,
        120,
        311,
        226,
        480,
        433,
        170,
        230,
        41,
        320,
        246,
        285,
        393,
        187,
        8,
        139,
        373,
        45,
        160,
        97,
        379,
        73,
        111,
        464,
        156,
        368,
        483,
        484,
        51,
        167,
        122,
        59,
        322,
        172,
        284,
        108,
        270,
        173,
        482,
        262,
        495,
        16,
        96,
        193,
        292,
        207,
        310,
        452,
        158,
        357,
        413,
        488,
        321,
        80,
        380,
        212,
        349,
        161,
        455,
        383,
        77,
        462,
        216,
        102,
        149,
        308,
        35,
        34,
        490,
        428,
        440,
        145,
        183,
        175,
        427,
        28,
        95,
        255,
        286,
        429,
        64,
        133,
        235,
        317,
        83,
        127,
        152,
        261,
        331,
        36,
        398,
        227,
        381,
        282,
        299,
        446,
        333,
        400,
        223,
        266,
        179,
        457,
        369,
        323,
        242,
        415,
        129,
        250,
        418,
        148,
        468,
        50,
        265,
        307,
        389,
        123,
        273,
        412,
        304,
        162,
        499,
        367,
        472,
        391,
        260,
        100,
        220,
        143,
        240,
        271,
        25,
        355,
        467,
        329,
        494,
        243,
        345,
        481,
        281,
        165,
        20,
        18,
        26,
        103,
        202,
        163,
        342,
        84,
        280,
        277,
        57,
        478,
        296,
        423,
        70,
        106,
        404,
        356,
        414,
        437,
        473,
        40,
        268,
        363,
        215,
        166,
        402,
        79,
        496,
        443,
        458,
        461,
        257,
        259,
        343,
        245,
        236,
        200,
        154,
        330,
        94,
        470,
        112,
        65,
        256,
        2,
        144,
        203,
        390
    ],
    "Global Optimum": 0,
    "Algorithm": "Genetic algorithm",
    "Parameters": {
        "population": 30,
        "offspring": 30,
        "mutation probability": 0.002,
        "crossover probability": 0.9
    },
    "Fitness": 638513,
    "Solution": [
        294,
        130,
        225,
        213,
        275,
        372,
        67,
        388,
        5,
        241,
        370,
        247,
        279,
        219,
        198,
        12,
        91,
        411,
        86,
        267,
        191,
        85,
        486,
        178,
        291,
        339,
        62,
        30,
        252,
        56,
        303,
        88,
        238,
        337,
        195,
        306,
        436,
        309,
        430,
        181,
        119,
        254,
        125,
        87,
        335,
        188,
        448,
        113,
        23,
        24,
        157,
        61,
        99,
        239,
        9,
        264,
        276,
        74,
        31,
        444,
        409,
        384,
        180,
        7,
        434,
        301,
        42,
        454,
        386,
        456,
        382,
        289,
        336,
        228,
        17,
        186,
        392,
        134,
        107,
        208,
        19,
        353,
        406,
        58,
        222,
        121,
        233,
        350,
        421,
        184,
        10,
        29,
        159,
        151,
        109,
        82,
        47,
        269,
        463,
        214,
        471,
        4,
        312,
        332,
        104,
        90,
        71,
        313,
        43,
        66,
        300,
        249,
        439,
        401,
        78,
        69,
        338,
        1,
        491,
        315,
        485,
        408,
        153,
        201,
        360,
        424,
        334,
        450,
        131,
        319,
        403,
        155,
        63,
        89,
        314,
        371,
        169,
        422,
        194,
        288,
        377,
        237,
        6,
        405,
        489,
        211,
        396,
        361,
        75,
        244,
        426,
        348,
        3,
        54,
        209,
        76,
        126,
        376,
        364,
        197,
        375,
        498,
        316,
        340,
        185,
        132,
        204,
        210,
        416,
        27,
        168,
        176,
        325,
        224,
        39,
        305,
        49,
        105,
        374,
        33,
        347,
        182,
        272,
        221,
        352,
        328,
        378,
        419,
        55,
        44,
        189,
        147,
        21,
        274,
        465,
        174,
        110,
        441,
        136,
        53,
        287,
        98,
        115,
        22,
        101,
        124,
        171,
        206,
        196,
        164,
        431,
        116,
        140,
        387,
        128,
        451,
        397,
        445,
        460,
        438,
        81,
        447,
        205,
        476,
        395,
        60,
        232,
        68,
        14,
        11,
        487,
        0,
        190,
        229,
        359,
        318,
        469,
        13,
        93,
        231,
        366,
        420,
        251,
        297,
        351,
        217,
        410,
        290,
        341,
        492,
        137,
        192,
        479,
        92,
        474,
        146,
        293,
        362,
        46,
        417,
        358,
        466,
        37,
        72,
        326,
        425,
        344,
        459,
        399,
        52,
        295,
        477,
        278,
        258,
        365,
        263,
        253,
        283,
        32,
        449,
        442,
        435,
        177,
        48,
        218,
        142,
        354,
        302,
        234,
        138,
        493,
        117,
        497,
        38,
        432,
        475,
        141,
        324,
        346,
        135,
        114,
        150,
        199,
        118,
        453,
        15,
        394,
        407,
        298,
        248,
        327,
        385,
        120,
        311,
        226,
        480,
        433,
        170,
        230,
        41,
        320,
        246,
        285,
        393,
        187,
        8,
        139,
        373,
        45,
        160,
        97,
        379,
        73,
        111,
        464,
        156,
        368,
        483,
        484,
        51,
        167,
        122,
        59,
        322,
        172,
        284,
        108,
        270,
        173,
        482,
        262,
        495,
        16,
        96,
        193,
        292,
        207,
        310,
        452,
        158,
        357,
        413,
        488,
        321,
        80,
        380,
        212,
        349,
        161,
        455,
        383,
        77,
        462,
        216,
        102,
        149,
        308,
        35,
        34,
        490,
        428,
        440,
        145,
        183,
        175,
        427,
        28,
        95,
        255,
        286,
        429,
        64,
        133,
        235,
        317,
        83,
        127,
        152,
        261,
        331,
        36,
        398,
        227,
        381,
        282,
        299,
        446,
        333,
        400,
        223,
        266,
        179,
        457,
        369,
        323,
        242,
        415,
        129,
        250,
        418,
        148,
        468,
        50,
        265,
        307,
        389,
        123,
        273,
        412,
        304,
        162,
        499,
        367,
        472,
        391,
        260,
        100,
        220,
        143,
        240,
        271,
        25,
        355,
        467,
        329,
        494,
        243,
        345,
        481,
        281,
        165,
        20,
        18,
        26,
        103,
        202,
        163,
        342,
        84,
        280,
        277,
        57,
        478,
        296,
        423,
        70,
        106,
        404,
        356,
        414,
        437,
        473,
        40,
        268,
        363,
        215,
        166,
        402,
        79,
        496,
        443,
        458,
        461,
        257,
        259,
        343,
        245,
        236,
        200,
        154,
        330,
        94,
        470,
        112,
        65,
        256,
        2,
        144,
        203,
        390
    ],
    "Nb of functions evaluations": 200010,
    "Computational time in seconds": 937.051189661026,
    "Stopping criterion in evaluations": 200000
}