29° run output:
{
    "Function": "ClusterA500.tsp",
    "Problem dimension": [
        215,
        487,
        417,
        438,
        466,
        301,
        194,
        279,
        324,
        338,
        409,
        418,
        439,
        412,
        474,
        390,
        463,
        153,
        457,
        427,
        42,
        283,
        318,
        89,
        12,
        236,
        6,
        248,
        26,
        488,
        111,
        29,
        203,
        127,
        48,
        434,
        473,
        116,
        197,
        97,
        292,
        375,
        99,
        421,
        13,
        199,
        285,
        224,
        329,
        336,
        384,
        296,
        23,
        369,
        53,
        95,
        37,
        162,
        134,
        371,
        475,
        249,
        359,
        206,
        414,
        449,
        77,
        357,
        356,
        451,
        93,
        69,
        435,
        17,
        490,
        289,
        210,
        76,
        468,
        83,
        58,
        255,
        72,
        403,
        28,
        50,
        317,
        165,
        27,
        103,
        190,
        122,
        376,
        35,
        74,
        221,
        57,
        0,
        266,
        281,
        64,
        56,
        225,
        262,
        326,
        189,
        192,
        40,
        250,
        75,
        312,
        310,
        52,
        269,
        216,
        229,
        15,
        177,
        330,
        200,
        19,
        382,
        472,
        419,
        222,
        345,
        278,
        374,
        226,
        41,
        161,
        404,
        496,
        183,
        436,
        478,
        498,
        45,
        66,
        445,
        477,
        413,
        497,
        277,
        123,
        124,
        68,
        464,
        167,
        358,
        264,
        104,
        373,
        367,
        172,
        342,
        424,
        1,
        141,
        62,
        195,
        80,
        160,
        462,
        91,
        241,
        178,
        392,
        148,
        25,
        182,
        244,
        471,
        323,
        316,
        489,
        360,
        146,
        191,
        372,
        193,
        380,
        456,
        400,
        105,
        273,
        311,
        443,
        313,
        304,
        94,
        425,
        319,
        454,
        260,
        268,
        401,
        246,
        78,
        485,
        480,
        378,
        130,
        363,
        493,
        340,
        9,
        385,
        49,
        408,
        299,
        213,
        377,
        4,
        284,
        181,
        24,
        297,
        361,
        402,
        429,
        293,
        450,
        453,
        447,
        96,
        442,
        55,
        291,
        461,
        14,
        458,
        274,
        430,
        331,
        202,
        235,
        410,
        217,
        92,
        452,
        252,
        448,
        115,
        220,
        398,
        353,
        198,
        298,
        47,
        391,
        433,
        362,
        44,
        395,
        355,
        465,
        121,
        3,
        270,
        366,
        108,
        67,
        133,
        411,
        8,
        61,
        107,
        88,
        328,
        100,
        118,
        143,
        499,
        142,
        223,
        344,
        302,
        339,
        300,
        180,
        257,
        65,
        459,
        294,
        155,
        227,
        106,
        290,
        233,
        144,
        240,
        251,
        258,
        126,
        341,
        383,
        205,
        275,
        397,
        388,
        230,
        145,
        18,
        407,
        420,
        276,
        314,
        209,
        320,
        196,
        119,
        2,
        426,
        245,
        114,
        325,
        87,
        431,
        156,
        113,
        394,
        140,
        132,
        483,
        63,
        7,
        469,
        347,
        482,
        36,
        207,
        184,
        263,
        185,
        188,
        332,
        259,
        110,
        315,
        253,
        164,
        90,
        79,
        60,
        129,
        282,
        242,
        149,
        20,
        131,
        159,
        440,
        455,
        43,
        405,
        386,
        170,
        109,
        393,
        399,
        171,
        139,
        406,
        495,
        176,
        154,
        387,
        295,
        214,
        415,
        151,
        128,
        219,
        31,
        117,
        494,
        351,
        337,
        51,
        247,
        354,
        187,
        169,
        444,
        85,
        147,
        348,
        481,
        238,
        272,
        416,
        365,
        158,
        84,
        364,
        491,
        168,
        73,
        98,
        428,
        208,
        71,
        379,
        175,
        82,
        136,
        30,
        16,
        46,
        479,
        174,
        389,
        423,
        234,
        237,
        34,
        125,
        212,
        470,
        173,
        21,
        476,
        261,
        288,
        309,
        112,
        86,
        307,
        368,
        308,
        370,
        32,
        120,
        218,
        327,
        322,
        306,
        432,
        102,
        446,
        254,
        335,
        267,
        460,
        396,
        211,
        381,
        349,
        286,
        256,
        135,
        70,
        5,
        484,
        204,
        157,
        422,
        287,
        22,
        152,
        179,
        137,
        352,
        201,
        228,
        186,
        101,
        166,
        54,
        437,
        10,
        150,
        38,
        333,
        486,
        334,
        231,
        343,
        33,
        271,
        265,
        232,
        239,
        305,
        39,
        138,
        492,
        280,
        346,
        243,
        321,
        59,
        441,
        350,
        81,
        467,
        163,
        303,
        11
    ],
    "Global Optimum": 0,
    "Algorithm": "Genetic algorithm",
    "Parameters": {
        "population": 30,
        "offspring": 30,
        "mutation probability": 0.002,
        "crossover probability": 0.9
    },
    "Fitness": 636881,
    "Solution": [
        215,
        487,
        417,
        438,
        466,
        301,
        194,
        279,
        324,
        338,
        409,
        418,
        439,
        412,
        474,
        390,
        463,
        153,
        457,
        427,
        42,
        283,
        318,
        89,
        12,
        236,
        6,
        248,
        26,
        488,
        111,
        29,
        203,
        127,
        48,
        434,
        473,
        116,
        197,
        97,
        292,
        375,
        99,
        421,
        13,
        199,
        285,
        224,
        329,
        336,
        384,
        296,
        23,
        369,
        53,
        95,
        37,
        162,
        134,
        371,
        475,
        249,
        359,
        206,
        414,
        449,
        77,
        357,
        356,
        451,
        93,
        69,
        435,
        17,
        490,
        289,
        210,
        76,
        468,
        83,
        58,
        255,
        72,
        403,
        28,
        50,
        317,
        165,
        27,
        103,
        190,
        122,
        376,
        35,
        74,
        221,
        57,
        0,
        266,
        281,
        64,
        56,
        225,
        262,
        326,
        189,
        192,
        40,
        250,
        75,
        312,
        310,
        52,
        269,
        216,
        229,
        15,
        177,
        330,
        200,
        19,
        382,
        472,
        419,
        222,
        345,
        278,
        374,
        226,
        41,
        161,
        404,
        496,
        183,
        436,
        478,
        498,
        45,
        66,
        445,
        477,
        413,
        497,
        277,
        123,
        124,
        68,
        464,
        167,
        358,
        264,
        104,
        373,
        367,
        172,
        342,
        424,
        1,
        141,
        62,
        195,
        80,
        160,
        462,
        91,
        241,
        178,
        392,
        148,
        25,
        182,
        244,
        471,
        323,
        316,
        489,
        360,
        146,
        191,
        372,
        193,
        380,
        456,
        400,
        105,
        273,
        311,
        443,
        313,
        304,
        94,
        425,
        319,
        454,
        260,
        268,
        401,
        246,
        78,
        485,
        480,
        378,
        130,
        363,
        493,
        340,
        9,
        385,
        49,
        408,
        299,
        213,
        377,
        4,
        284,
        181,
        24,
        297,
        361,
        402,
        429,
        293,
        450,
        453,
        447,
        96,
        442,
        55,
        291,
        461,
        14,
        458,
        274,
        430,
        331,
        202,
        235,
        410,
        217,
        92,
        452,
        252,
        448,
        115,
        220,
        398,
        353,
        198,
        298,
        47,
        391,
        433,
        362,
        44,
        395,
        355,
        465,
        121,
        3,
        270,
        366,
        108,
        67,
        133,
        411,
        8,
        61,
        107,
        88,
        328,
        100,
        118,
        143,
        499,
        142,
        223,
        344,
        302,
        339,
        300,
        180,
        257,
        65,
        459,
        294,
        155,
        227,
        106,
        290,
        233,
        144,
        240,
        251,
        258,
        126,
        341,
        383,
        205,
        275,
        397,
        388,
        230,
        145,
        18,
        407,
        420,
        276,
        314,
        209,
        320,
        196,
        119,
        2,
        426,
        245,
        114,
        325,
        87,
        431,
        156,
        113,
        394,
        140,
        132,
        483,
        63,
        7,
        469,
        347,
        482,
        36,
        207,
        184,
        263,
        185,
        188,
        332,
        259,
        110,
        315,
        253,
        164,
        90,
        79,
        60,
        129,
        282,
        242,
        149,
        20,
        131,
        159,
        440,
        455,
        43,
        405,
        386,
        170,
        109,
        393,
        399,
        171,
        139,
        406,
        495,
        176,
        154,
        387,
        295,
        214,
        415,
        151,
        128,
        219,
        31,
        117,
        494,
        351,
        337,
        51,
        247,
        354,
        187,
        169,
        444,
        85,
        147,
        348,
        481,
        238,
        272,
        416,
        365,
        158,
        84,
        364,
        491,
        168,
        73,
        98,
        428,
        208,
        71,
        379,
        175,
        82,
        136,
        30,
        16,
        46,
        479,
        174,
        389,
        423,
        234,
        237,
        34,
        125,
        212,
        470,
        173,
        21,
        476,
        261,
        288,
        309,
        112,
        86,
        307,
        368,
        308,
        370,
        32,
        120,
        218,
        327,
        322,
        306,
        432,
        102,
        446,
        254,
        335,
        267,
        460,
        396,
        211,
        381,
        349,
        286,
        256,
        135,
        70,
        5,
        484,
        204,
        157,
        422,
        287,
        22,
        152,
        179,
        137,
        352,
        201,
        228,
        186,
        101,
        166,
        54,
        437,
        10,
        150,
        38,
        333,
        486,
        334,
        231,
        343,
        33,
        271,
        265,
        232,
        239,
        305,
        39,
        138,
        492,
        280,
        346,
        243,
        321,
        59,
        441,
        350,
        81,
        467,
        163,
        303,
        11
    ],
    "Nb of functions evaluations": 200010,
    "Computational time in seconds": 931.8288826942444,
    "Stopping criterion in evaluations": 200000
}