26° run output:
{
    "Function": "ClusterA500.tsp",
    "Problem dimension": [
        122,
        0,
        209,
        260,
        449,
        128,
        196,
        221,
        29,
        72,
        113,
        20,
        496,
        450,
        24,
        391,
        19,
        191,
        484,
        50,
        363,
        139,
        279,
        134,
        335,
        333,
        366,
        117,
        254,
        45,
        468,
        289,
        441,
        112,
        358,
        179,
        277,
        467,
        188,
        35,
        443,
        256,
        361,
        103,
        118,
        287,
        320,
        395,
        365,
        463,
        404,
        258,
        127,
        445,
        233,
        422,
        268,
        8,
        323,
        193,
        418,
        324,
        301,
        213,
        250,
        387,
        306,
        249,
        485,
        73,
        101,
        288,
        97,
        448,
        130,
        67,
        175,
        54,
        169,
        52,
        491,
        401,
        310,
        452,
        4,
        81,
        227,
        247,
        451,
        480,
        160,
        90,
        400,
        280,
        198,
        12,
        76,
        232,
        459,
        82,
        42,
        33,
        367,
        482,
        315,
        245,
        41,
        312,
        271,
        18,
        214,
        119,
        305,
        114,
        65,
        59,
        292,
        349,
        429,
        137,
        136,
        471,
        146,
        334,
        95,
        96,
        98,
        357,
        158,
        14,
        316,
        411,
        475,
        154,
        388,
        104,
        94,
        91,
        341,
        211,
        32,
        62,
        276,
        173,
        170,
        105,
        48,
        339,
        141,
        79,
        265,
        368,
        469,
        164,
        282,
        194,
        379,
        371,
        428,
        343,
        147,
        210,
        303,
        244,
        144,
        410,
        60,
        462,
        483,
        11,
        440,
        165,
        34,
        304,
        222,
        498,
        336,
        152,
        219,
        488,
        427,
        438,
        49,
        386,
        389,
        354,
        203,
        39,
        115,
        414,
        140,
        75,
        453,
        321,
        44,
        300,
        177,
        171,
        77,
        149,
        493,
        437,
        123,
        132,
        311,
        495,
        202,
        497,
        489,
        1,
        331,
        458,
        332,
        120,
        88,
        417,
        7,
        230,
        131,
        56,
        294,
        415,
        490,
        234,
        238,
        461,
        64,
        412,
        403,
        473,
        426,
        172,
        297,
        307,
        481,
        17,
        31,
        487,
        176,
        302,
        409,
        273,
        9,
        398,
        340,
        425,
        220,
        28,
        228,
        229,
        241,
        110,
        235,
        434,
        272,
        162,
        3,
        328,
        204,
        347,
        382,
        15,
        116,
        360,
        416,
        374,
        261,
        408,
        248,
        435,
        23,
        432,
        454,
        121,
        269,
        182,
        350,
        180,
        492,
        373,
        299,
        181,
        348,
        296,
        252,
        38,
        267,
        190,
        262,
        197,
        313,
        184,
        27,
        161,
        107,
        108,
        274,
        150,
        433,
        338,
        200,
        384,
        68,
        322,
        74,
        364,
        166,
        270,
        225,
        460,
        212,
        419,
        257,
        53,
        135,
        84,
        85,
        99,
        243,
        208,
        399,
        26,
        439,
        370,
        298,
        385,
        251,
        346,
        92,
        465,
        281,
        413,
        195,
        376,
        353,
        30,
        224,
        285,
        286,
        283,
        402,
        148,
        126,
        58,
        472,
        183,
        47,
        231,
        275,
        352,
        259,
        442,
        406,
        318,
        351,
        159,
        151,
        486,
        5,
        61,
        163,
        223,
        264,
        174,
        378,
        355,
        199,
        237,
        86,
        36,
        240,
        70,
        464,
        457,
        290,
        421,
        40,
        129,
        69,
        226,
        423,
        291,
        189,
        407,
        55,
        356,
        326,
        308,
        178,
        383,
        345,
        266,
        83,
        168,
        447,
        89,
        216,
        63,
        215,
        394,
        444,
        246,
        295,
        80,
        192,
        236,
        142,
        278,
        330,
        93,
        143,
        71,
        381,
        156,
        397,
        494,
        380,
        186,
        2,
        342,
        431,
        470,
        185,
        255,
        420,
        466,
        405,
        155,
        145,
        392,
        43,
        153,
        446,
        218,
        293,
        100,
        37,
        13,
        319,
        22,
        372,
        396,
        205,
        217,
        109,
        375,
        317,
        359,
        111,
        66,
        369,
        157,
        479,
        16,
        329,
        478,
        187,
        393,
        6,
        207,
        87,
        124,
        455,
        138,
        284,
        499,
        314,
        377,
        390,
        337,
        46,
        477,
        436,
        344,
        476,
        242,
        239,
        78,
        325,
        102,
        51,
        133,
        201,
        424,
        206,
        327,
        21,
        125,
        106,
        10,
        309,
        57,
        474,
        430,
        263,
        362,
        167,
        253,
        456,
        25
    ],
    "Global Optimum": 0,
    "Algorithm": "Genetic algorithm",
    "Parameters": {
        "population": 30,
        "offspring": 30,
        "mutation probability": 0.002,
        "crossover probability": 0.9
    },
    "Fitness": 617166,
    "Solution": [
        122,
        0,
        209,
        260,
        449,
        128,
        196,
        221,
        29,
        72,
        113,
        20,
        496,
        450,
        24,
        391,
        19,
        191,
        484,
        50,
        363,
        139,
        279,
        134,
        335,
        333,
        366,
        117,
        254,
        45,
        468,
        289,
        441,
        112,
        358,
        179,
        277,
        467,
        188,
        35,
        443,
        256,
        361,
        103,
        118,
        287,
        320,
        395,
        365,
        463,
        404,
        258,
        127,
        445,
        233,
        422,
        268,
        8,
        323,
        193,
        418,
        324,
        301,
        213,
        250,
        387,
        306,
        249,
        485,
        73,
        101,
        288,
        97,
        448,
        130,
        67,
        175,
        54,
        169,
        52,
        491,
        401,
        310,
        452,
        4,
        81,
        227,
        247,
        451,
        480,
        160,
        90,
        400,
        280,
        198,
        12,
        76,
        232,
        459,
        82,
        42,
        33,
        367,
        482,
        315,
        245,
        41,
        312,
        271,
        18,
        214,
        119,
        305,
        114,
        65,
        59,
        292,
        349,
        429,
        137,
        136,
        471,
        146,
        334,
        95,
        96,
        98,
        357,
        158,
        14,
        316,
        411,
        475,
        154,
        388,
        104,
        94,
        91,
        341,
        211,
        32,
        62,
        276,
        173,
        170,
        105,
        48,
        339,
        141,
        79,
        265,
        368,
        469,
        164,
        282,
        194,
        379,
        371,
        428,
        343,
        147,
        210,
        303,
        244,
        144,
        410,
        60,
        462,
        483,
        11,
        440,
        165,
        34,
        304,
        222,
        498,
        336,
        152,
        219,
        488,
        427,
        438,
        49,
        386,
        389,
        354,
        203,
        39,
        115,
        414,
        140,
        75,
        453,
        321,
        44,
        300,
        177,
        171,
        77,
        149,
        493,
        437,
        123,
        132,
        311,
        495,
        202,
        497,
        489,
        1,
        331,
        458,
        332,
        120,
        88,
        417,
        7,
        230,
        131,
        56,
        294,
        415,
        490,
        234,
        238,
        461,
        64,
        412,
        403,
        473,
        426,
        172,
        297,
        307,
        481,
        17,
        31,
        487,
        176,
        302,
        409,
        273,
        9,
        398,
        340,
        425,
        220,
        28,
        228,
        229,
        241,
        110,
        235,
        434,
        272,
        162,
        3,
        328,
        204,
        347,
        382,
        15,
        116,
        360,
        416,
        374,
        261,
        408,
        248,
        435,
        23,
        432,
        454,
        121,
        269,
        182,
        350,
        180,
        492,
        373,
        299,
        181,
        348,
        296,
        252,
        38,
        267,
        190,
        262,
        197,
        313,
        184,
        27,
        161,
        107,
        108,
        274,
        150,
        433,
        338,
        200,
        384,
        68,
        322,
        74,
        364,
        166,
        270,
        225,
        460,
        212,
        419,
        257,
        53,
        135,
        84,
        85,
        99,
        243,
        208,
        399,
        26,
        439,
        370,
        298,
        385,
        251,
        346,
        92,
        465,
        281,
        413,
        195,
        376,
        353,
        30,
        224,
        285,
        286,
        283,
        402,
        148,
        126,
        58,
        472,
        183,
        47,
        231,
        275,
        352,
        259,
        442,
        406,
        318,
        351,
        159,
        151,
        486,
        5,
        61,
        163,
        223,
        264,
        174,
        378,
        355,
        199,
        237,
        86,
        36,
        240,
        70,
        464,
        457,
        290,
        421,
        40,
        129,
        69,
        226,
        423,
        291,
        189,
        407,
        55,
        356,
        326,
        308,
        178,
        383,
        345,
        266,
        83,
        168,
        447,
        89,
        216,
        63,
        215,
        394,
        444,
        246,
        295,
        80,
        192,
        236,
        142,
        278,
        330,
        93,
        143,
        71,
        381,
        156,
        397,
        494,
        380,
        186,
        2,
        342,
        431,
        470,
        185,
        255,
        420,
        466,
        405,
        155,
        145,
        392,
        43,
        153,
        446,
        218,
        293,
        100,
        37,
        13,
        319,
        22,
        372,
        396,
        205,
        217,
        109,
        375,
        317,
        359,
        111,
        66,
        369,
        157,
        479,
        16,
        329,
        478,
        187,
        393,
        6,
        207,
        87,
        124,
        455,
        138,
        284,
        499,
        314,
        377,
        390,
        337,
        46,
        477,
        436,
        344,
        476,
        242,
        239,
        78,
        325,
        102,
        51,
        133,
        201,
        424,
        206,
        327,
        21,
        125,
        106,
        10,
        309,
        57,
        474,
        430,
        263,
        362,
        167,
        253,
        456,
        25
    ],
    "Nb of functions evaluations": 200010,
    "Computational time in seconds": 930.9686880111694,
    "Stopping criterion in evaluations": 200000
}