30° run output:
{
    "Function": "ClusterA500.tsp",
    "Problem dimension": [
        309,
        298,
        261,
        234,
        470,
        406,
        341,
        117,
        265,
        11,
        289,
        96,
        353,
        219,
        384,
        204,
        153,
        166,
        416,
        59,
        72,
        333,
        269,
        10,
        438,
        473,
        24,
        453,
        34,
        13,
        151,
        414,
        172,
        315,
        408,
        498,
        146,
        115,
        282,
        41,
        366,
        35,
        361,
        195,
        92,
        381,
        144,
        109,
        431,
        263,
        175,
        463,
        395,
        490,
        373,
        7,
        455,
        135,
        133,
        383,
        208,
        128,
        65,
        491,
        342,
        281,
        267,
        497,
        288,
        49,
        182,
        476,
        489,
        402,
        484,
        430,
        365,
        479,
        67,
        467,
        119,
        422,
        137,
        88,
        93,
        161,
        424,
        108,
        310,
        231,
        457,
        442,
        149,
        36,
        121,
        116,
        20,
        351,
        1,
        180,
        272,
        420,
        495,
        320,
        362,
        5,
        311,
        38,
        443,
        164,
        377,
        435,
        211,
        390,
        496,
        162,
        270,
        201,
        388,
        225,
        407,
        487,
        329,
        69,
        71,
        445,
        486,
        152,
        273,
        29,
        179,
        184,
        481,
        474,
        242,
        80,
        307,
        250,
        97,
        321,
        248,
        415,
        257,
        304,
        126,
        253,
        387,
        346,
        421,
        73,
        358,
        207,
        368,
        247,
        136,
        444,
        335,
        163,
        258,
        334,
        160,
        478,
        64,
        165,
        70,
        280,
        256,
        271,
        356,
        157,
        58,
        372,
        127,
        477,
        60,
        447,
        357,
        94,
        303,
        50,
        190,
        345,
        77,
        103,
        337,
        260,
        488,
        287,
        212,
        43,
        354,
        202,
        459,
        177,
        0,
        27,
        468,
        55,
        454,
        332,
        145,
        205,
        392,
        301,
        410,
        75,
        104,
        371,
        283,
        374,
        393,
        14,
        196,
        379,
        28,
        239,
        317,
        376,
        197,
        199,
        63,
        238,
        155,
        210,
        159,
        89,
        45,
        105,
        499,
        78,
        439,
        193,
        118,
        323,
        68,
        3,
        389,
        206,
        324,
        111,
        53,
        6,
        120,
        440,
        47,
        91,
        129,
        286,
        82,
        194,
        114,
        79,
        399,
        404,
        462,
        66,
        220,
        458,
        106,
        319,
        318,
        183,
        461,
        480,
        22,
        168,
        483,
        8,
        278,
        313,
        251,
        312,
        186,
        113,
        235,
        134,
        403,
        76,
        2,
        343,
        9,
        405,
        464,
        158,
        46,
        83,
        441,
        268,
        409,
        169,
        494,
        51,
        274,
        411,
        147,
        432,
        246,
        427,
        191,
        367,
        185,
        16,
        167,
        192,
        349,
        417,
        224,
        359,
        131,
        369,
        314,
        469,
        42,
        355,
        37,
        296,
        139,
        339,
        17,
        81,
        429,
        57,
        40,
        154,
        448,
        295,
        297,
        44,
        452,
        130,
        188,
        203,
        436,
        31,
        226,
        322,
        227,
        232,
        61,
        189,
        223,
        375,
        100,
        465,
        48,
        217,
        84,
        52,
        412,
        331,
        15,
        216,
        284,
        347,
        264,
        222,
        426,
        112,
        90,
        394,
        428,
        98,
        39,
        107,
        391,
        85,
        262,
        176,
        285,
        240,
        99,
        336,
        62,
        275,
        4,
        174,
        460,
        305,
        156,
        255,
        456,
        382,
        413,
        110,
        213,
        350,
        294,
        266,
        338,
        385,
        245,
        451,
        243,
        378,
        228,
        187,
        360,
        398,
        86,
        26,
        123,
        236,
        12,
        449,
        215,
        276,
        125,
        150,
        306,
        291,
        221,
        229,
        19,
        21,
        18,
        472,
        330,
        419,
        326,
        316,
        214,
        466,
        142,
        138,
        33,
        25,
        74,
        252,
        101,
        141,
        425,
        434,
        218,
        170,
        23,
        209,
        492,
        173,
        418,
        54,
        230,
        302,
        95,
        363,
        352,
        122,
        300,
        233,
        450,
        148,
        249,
        292,
        437,
        132,
        290,
        482,
        259,
        386,
        181,
        485,
        254,
        244,
        241,
        140,
        237,
        396,
        475,
        198,
        348,
        102,
        171,
        87,
        299,
        178,
        277,
        471,
        380,
        293,
        400,
        328,
        327,
        493,
        423,
        308,
        344,
        370,
        340,
        279,
        200,
        325,
        397,
        364,
        401,
        433,
        446,
        32,
        30,
        56,
        124,
        143
    ],
    "Global Optimum": 0,
    "Algorithm": "Genetic algorithm",
    "Parameters": {
        "population": 30,
        "offspring": 30,
        "mutation probability": 0.002,
        "crossover probability": 0.9
    },
    "Fitness": 636430,
    "Solution": [
        309,
        298,
        261,
        234,
        470,
        406,
        341,
        117,
        265,
        11,
        289,
        96,
        353,
        219,
        384,
        204,
        153,
        166,
        416,
        59,
        72,
        333,
        269,
        10,
        438,
        473,
        24,
        453,
        34,
        13,
        151,
        414,
        172,
        315,
        408,
        498,
        146,
        115,
        282,
        41,
        366,
        35,
        361,
        195,
        92,
        381,
        144,
        109,
        431,
        263,
        175,
        463,
        395,
        490,
        373,
        7,
        455,
        135,
        133,
        383,
        208,
        128,
        65,
        491,
        342,
        281,
        267,
        497,
        288,
        49,
        182,
        476,
        489,
        402,
        484,
        430,
        365,
        479,
        67,
        467,
        119,
        422,
        137,
        88,
        93,
        161,
        424,
        108,
        310,
        231,
        457,
        442,
        149,
        36,
        121,
        116,
        20,
        351,
        1,
        180,
        272,
        420,
        495,
        320,
        362,
        5,
        311,
        38,
        443,
        164,
        377,
        435,
        211,
        390,
        496,
        162,
        270,
        201,
        388,
        225,
        407,
        487,
        329,
        69,
        71,
        445,
        486,
        152,
        273,
        29,
        179,
        184,
        481,
        474,
        242,
        80,
        307,
        250,
        97,
        321,
        248,
        415,
        257,
        304,
        126,
        253,
        387,
        346,
        421,
        73,
        358,
        207,
        368,
        247,
        136,
        444,
        335,
        163,
        258,
        334,
        160,
        478,
        64,
        165,
        70,
        280,
        256,
        271,
        356,
        157,
        58,
        372,
        127,
        477,
        60,
        447,
        357,
        94,
        303,
        50,
        190,
        345,
        77,
        103,
        337,
        260,
        488,
        287,
        212,
        43,
        354,
        202,
        459,
        177,
        0,
        27,
        468,
        55,
        454,
        332,
        145,
        205,
        392,
        301,
        410,
        75,
        104,
        371,
        283,
        374,
        393,
        14,
        196,
        379,
        28,
        239,
        317,
        376,
        197,
        199,
        63,
        238,
        155,
        210,
        159,
        89,
        45,
        105,
        499,
        78,
        439,
        193,
        118,
        323,
        68,
        3,
        389,
        206,
        324,
        111,
        53,
        6,
        120,
        440,
        47,
        91,
        129,
        286,
        82,
        194,
        114,
        79,
        399,
        404,
        462,
        66,
        220,
        458,
        106,
        319,
        318,
        183,
        461,
        480,
        22,
        168,
        483,
        8,
        278,
        313,
        251,
        312,
        186,
        113,
        235,
        134,
        403,
        76,
        2,
        343,
        9,
        405,
        464,
        158,
        46,
        83,
        441,
        268,
        409,
        169,
        494,
        51,
        274,
        411,
        147,
        432,
        246,
        427,
        191,
        367,
        185,
        16,
        167,
        192,
        349,
        417,
        224,
        359,
        131,
        369,
        314,
        469,
        42,
        355,
        37,
        296,
        139,
        339,
        17,
        81,
        429,
        57,
        40,
        154,
        448,
        295,
        297,
        44,
        452,
        130,
        188,
        203,
        436,
        31,
        226,
        322,
        227,
        232,
        61,
        189,
        223,
        375,
        100,
        465,
        48,
        217,
        84,
        52,
        412,
        331,
        15,
        216,
        284,
        347,
        264,
        222,
        426,
        112,
        90,
        394,
        428,
        98,
        39,
        107,
        391,
        85,
        262,
        176,
        285,
        240,
        99,
        336,
        62,
        275,
        4,
        174,
        460,
        305,
        156,
        255,
        456,
        382,
        413,
        110,
        213,
        350,
        294,
        266,
        338,
        385,
        245,
        451,
        243,
        378,
        228,
        187,
        360,
        398,
        86,
        26,
        123,
        236,
        12,
        449,
        215,
        276,
        125,
        150,
        306,
        291,
        221,
        229,
        19,
        21,
        18,
        472,
        330,
        419,
        326,
        316,
        214,
        466,
        142,
        138,
        33,
        25,
        74,
        252,
        101,
        141,
        425,
        434,
        218,
        170,
        23,
        209,
        492,
        173,
        418,
        54,
        230,
        302,
        95,
        363,
        352,
        122,
        300,
        233,
        450,
        148,
        249,
        292,
        437,
        132,
        290,
        482,
        259,
        386,
        181,
        485,
        254,
        244,
        241,
        140,
        237,
        396,
        475,
        198,
        348,
        102,
        171,
        87,
        299,
        178,
        277,
        471,
        380,
        293,
        400,
        328,
        327,
        493,
        423,
        308,
        344,
        370,
        340,
        279,
        200,
        325,
        397,
        364,
        401,
        433,
        446,
        32,
        30,
        56,
        124,
        143
    ],
    "Nb of functions evaluations": 200010,
    "Computational time in seconds": 927.6509795188904,
    "Stopping criterion in evaluations": 200000
}