7° run output:
{
    "Function": "ClusterA500.tsp",
    "Problem dimension": [
        436,
        332,
        456,
        397,
        299,
        47,
        215,
        495,
        304,
        44,
        167,
        135,
        476,
        75,
        101,
        128,
        481,
        247,
        457,
        395,
        94,
        218,
        354,
        348,
        469,
        238,
        307,
        320,
        190,
        280,
        306,
        351,
        35,
        413,
        442,
        273,
        279,
        479,
        491,
        131,
        27,
        315,
        64,
        136,
        366,
        389,
        236,
        139,
        480,
        345,
        12,
        151,
        78,
        485,
        353,
        182,
        180,
        311,
        403,
        205,
        430,
        244,
        443,
        175,
        424,
        32,
        9,
        393,
        468,
        336,
        371,
        396,
        113,
        141,
        123,
        54,
        434,
        382,
        7,
        305,
        187,
        91,
        484,
        192,
        59,
        77,
        239,
        437,
        83,
        412,
        48,
        18,
        194,
        329,
        16,
        342,
        87,
        375,
        168,
        80,
        439,
        102,
        251,
        223,
        147,
        36,
        234,
        296,
        66,
        160,
        121,
        415,
        114,
        235,
        445,
        220,
        52,
        250,
        122,
        227,
        173,
        438,
        33,
        334,
        421,
        461,
        156,
        68,
        25,
        166,
        350,
        463,
        20,
        37,
        347,
        43,
        466,
        253,
        283,
        370,
        446,
        15,
        361,
        132,
        42,
        63,
        116,
        184,
        381,
        406,
        483,
        356,
        208,
        254,
        274,
        29,
        267,
        390,
        237,
        441,
        146,
        409,
        210,
        405,
        379,
        256,
        493,
        226,
        2,
        333,
        23,
        177,
        426,
        425,
        179,
        185,
        39,
        499,
        124,
        367,
        318,
        349,
        55,
        368,
        496,
        282,
        103,
        287,
        289,
        404,
        0,
        73,
        414,
        477,
        95,
        140,
        416,
        387,
        325,
        211,
        214,
        19,
        67,
        266,
        369,
        265,
        365,
        202,
        474,
        105,
        335,
        142,
        196,
        422,
        433,
        385,
        312,
        316,
        189,
        84,
        490,
        488,
        76,
        263,
        243,
        241,
        297,
        341,
        111,
        98,
        378,
        343,
        252,
        41,
        248,
        400,
        115,
        249,
        391,
        13,
        472,
        88,
        1,
        352,
        213,
        259,
        458,
        79,
        57,
        188,
        460,
        255,
        153,
        326,
        133,
        258,
        286,
        240,
        358,
        444,
        464,
        60,
        449,
        118,
        471,
        278,
        5,
        392,
        290,
        486,
        384,
        207,
        429,
        112,
        428,
        399,
        125,
        411,
        163,
        97,
        28,
        317,
        159,
        264,
        269,
        261,
        148,
        138,
        10,
        58,
        447,
        423,
        292,
        191,
        357,
        419,
        373,
        209,
        186,
        106,
        276,
        229,
        435,
        174,
        85,
        355,
        427,
        431,
        155,
        450,
        149,
        3,
        104,
        203,
        162,
        310,
        360,
        129,
        340,
        257,
        152,
        293,
        494,
        300,
        206,
        109,
        158,
        268,
        38,
        110,
        46,
        17,
        65,
        144,
        204,
        482,
        216,
        314,
        465,
        181,
        473,
        374,
        99,
        56,
        92,
        271,
        478,
        344,
        498,
        376,
        50,
        31,
        230,
        70,
        195,
        150,
        398,
        432,
        377,
        459,
        224,
        221,
        69,
        417,
        246,
        130,
        8,
        346,
        451,
        475,
        137,
        164,
        119,
        309,
        201,
        26,
        193,
        6,
        165,
        337,
        303,
        277,
        134,
        285,
        89,
        402,
        489,
        372,
        107,
        298,
        74,
        117,
        322,
        61,
        364,
        487,
        172,
        81,
        454,
        492,
        49,
        410,
        388,
        380,
        53,
        30,
        231,
        212,
        200,
        448,
        120,
        383,
        228,
        301,
        386,
        93,
        217,
        219,
        145,
        330,
        284,
        14,
        127,
        359,
        452,
        328,
        126,
        338,
        176,
        169,
        225,
        272,
        24,
        197,
        362,
        71,
        401,
        275,
        308,
        51,
        321,
        462,
        331,
        302,
        62,
        22,
        90,
        11,
        171,
        363,
        394,
        295,
        100,
        154,
        34,
        420,
        242,
        455,
        288,
        86,
        323,
        270,
        497,
        21,
        96,
        453,
        40,
        262,
        313,
        170,
        198,
        260,
        440,
        233,
        408,
        157,
        407,
        143,
        232,
        82,
        281,
        418,
        45,
        294,
        199,
        4,
        161,
        245,
        319,
        291,
        178,
        72,
        467,
        470,
        339,
        222,
        324,
        183,
        327,
        108
    ],
    "Global Optimum": 0,
    "Algorithm": "Genetic algorithm",
    "Parameters": {
        "population": 30,
        "offspring": 30,
        "mutation probability": 0.002,
        "crossover probability": 0.9
    },
    "Fitness": 636900,
    "Solution": [
        436,
        332,
        456,
        397,
        299,
        47,
        215,
        495,
        304,
        44,
        167,
        135,
        476,
        75,
        101,
        128,
        481,
        247,
        457,
        395,
        94,
        218,
        354,
        348,
        469,
        238,
        307,
        320,
        190,
        280,
        306,
        351,
        35,
        413,
        442,
        273,
        279,
        479,
        491,
        131,
        27,
        315,
        64,
        136,
        366,
        389,
        236,
        139,
        480,
        345,
        12,
        151,
        78,
        485,
        353,
        182,
        180,
        311,
        403,
        205,
        430,
        244,
        443,
        175,
        424,
        32,
        9,
        393,
        468,
        336,
        371,
        396,
        113,
        141,
        123,
        54,
        434,
        382,
        7,
        305,
        187,
        91,
        484,
        192,
        59,
        77,
        239,
        437,
        83,
        412,
        48,
        18,
        194,
        329,
        16,
        342,
        87,
        375,
        168,
        80,
        439,
        102,
        251,
        223,
        147,
        36,
        234,
        296,
        66,
        160,
        121,
        415,
        114,
        235,
        445,
        220,
        52,
        250,
        122,
        227,
        173,
        438,
        33,
        334,
        421,
        461,
        156,
        68,
        25,
        166,
        350,
        463,
        20,
        37,
        347,
        43,
        466,
        253,
        283,
        370,
        446,
        15,
        361,
        132,
        42,
        63,
        116,
        184,
        381,
        406,
        483,
        356,
        208,
        254,
        274,
        29,
        267,
        390,
        237,
        441,
        146,
        409,
        210,
        405,
        379,
        256,
        493,
        226,
        2,
        333,
        23,
        177,
        426,
        425,
        179,
        185,
        39,
        499,
        124,
        367,
        318,
        349,
        55,
        368,
        496,
        282,
        103,
        287,
        289,
        404,
        0,
        73,
        414,
        477,
        95,
        140,
        416,
        387,
        325,
        211,
        214,
        19,
        67,
        266,
        369,
        265,
        365,
        202,
        474,
        105,
        335,
        142,
        196,
        422,
        433,
        385,
        312,
        316,
        189,
        84,
        490,
        488,
        76,
        263,
        243,
        241,
        297,
        341,
        111,
        98,
        378,
        343,
        252,
        41,
        248,
        400,
        115,
        249,
        391,
        13,
        472,
        88,
        1,
        352,
        213,
        259,
        458,
        79,
        57,
        188,
        460,
        255,
        153,
        326,
        133,
        258,
        286,
        240,
        358,
        444,
        464,
        60,
        449,
        118,
        471,
        278,
        5,
        392,
        290,
        486,
        384,
        207,
        429,
        112,
        428,
        399,
        125,
        411,
        163,
        97,
        28,
        317,
        159,
        264,
        269,
        261,
        148,
        138,
        10,
        58,
        447,
        423,
        292,
        191,
        357,
        419,
        373,
        209,
        186,
        106,
        276,
        229,
        435,
        174,
        85,
        355,
        427,
        431,
        155,
        450,
        149,
        3,
        104,
        203,
        162,
        310,
        360,
        129,
        340,
        257,
        152,
        293,
        494,
        300,
        206,
        109,
        158,
        268,
        38,
        110,
        46,
        17,
        65,
        144,
        204,
        482,
        216,
        314,
        465,
        181,
        473,
        374,
        99,
        56,
        92,
        271,
        478,
        344,
        498,
        376,
        50,
        31,
        230,
        70,
        195,
        150,
        398,
        432,
        377,
        459,
        224,
        221,
        69,
        417,
        246,
        130,
        8,
        346,
        451,
        475,
        137,
        164,
        119,
        309,
        201,
        26,
        193,
        6,
        165,
        337,
        303,
        277,
        134,
        285,
        89,
        402,
        489,
        372,
        107,
        298,
        74,
        117,
        322,
        61,
        364,
        487,
        172,
        81,
        454,
        492,
        49,
        410,
        388,
        380,
        53,
        30,
        231,
        212,
        200,
        448,
        120,
        383,
        228,
        301,
        386,
        93,
        217,
        219,
        145,
        330,
        284,
        14,
        127,
        359,
        452,
        328,
        126,
        338,
        176,
        169,
        225,
        272,
        24,
        197,
        362,
        71,
        401,
        275,
        308,
        51,
        321,
        462,
        331,
        302,
        62,
        22,
        90,
        11,
        171,
        363,
        394,
        295,
        100,
        154,
        34,
        420,
        242,
        455,
        288,
        86,
        323,
        270,
        497,
        21,
        96,
        453,
        40,
        262,
        313,
        170,
        198,
        260,
        440,
        233,
        408,
        157,
        407,
        143,
        232,
        82,
        281,
        418,
        45,
        294,
        199,
        4,
        161,
        245,
        319,
        291,
        178,
        72,
        467,
        470,
        339,
        222,
        324,
        183,
        327,
        108
    ],
    "Nb of functions evaluations": 200010,
    "Computational time in seconds": 935.0242869853973,
    "Stopping criterion in evaluations": 200000
}