2° run output:
{
    "Function": "ClusterA500.tsp",
    "Problem dimension": [
        224,
        417,
        257,
        201,
        91,
        335,
        383,
        272,
        298,
        242,
        202,
        78,
        121,
        36,
        271,
        420,
        147,
        172,
        87,
        29,
        340,
        446,
        214,
        26,
        104,
        314,
        89,
        47,
        311,
        12,
        263,
        24,
        297,
        333,
        470,
        358,
        294,
        301,
        287,
        296,
        49,
        374,
        182,
        423,
        149,
        140,
        390,
        256,
        146,
        158,
        462,
        77,
        148,
        107,
        243,
        247,
        466,
        10,
        375,
        394,
        429,
        391,
        353,
        48,
        227,
        50,
        152,
        450,
        128,
        378,
        424,
        351,
        153,
        326,
        123,
        162,
        415,
        413,
        443,
        160,
        334,
        61,
        32,
        110,
        484,
        381,
        42,
        469,
        179,
        435,
        184,
        197,
        167,
        82,
        486,
        329,
        252,
        130,
        464,
        336,
        350,
        373,
        386,
        258,
        290,
        345,
        444,
        441,
        400,
        37,
        205,
        411,
        46,
        369,
        116,
        396,
        157,
        363,
        194,
        274,
        203,
        372,
        11,
        437,
        281,
        268,
        154,
        173,
        499,
        145,
        124,
        80,
        490,
        1,
        315,
        377,
        141,
        68,
        453,
        419,
        65,
        51,
        318,
        4,
        66,
        451,
        359,
        31,
        275,
        95,
        317,
        193,
        90,
        113,
        491,
        248,
        343,
        246,
        30,
        289,
        0,
        461,
        138,
        137,
        57,
        92,
        195,
        166,
        215,
        327,
        410,
        236,
        266,
        481,
        432,
        305,
        330,
        418,
        220,
        67,
        38,
        98,
        115,
        362,
        209,
        366,
        132,
        332,
        425,
        59,
        337,
        288,
        108,
        339,
        452,
        237,
        455,
        388,
        225,
        407,
        259,
        35,
        316,
        234,
        187,
        465,
        155,
        100,
        180,
        348,
        347,
        382,
        72,
        269,
        370,
        231,
        261,
        20,
        474,
        216,
        189,
        76,
        223,
        342,
        482,
        341,
        129,
        86,
        143,
        17,
        8,
        235,
        5,
        328,
        409,
        118,
        109,
        191,
        277,
        204,
        308,
        253,
        488,
        40,
        380,
        442,
        309,
        178,
        498,
        156,
        273,
        365,
        361,
        3,
        460,
        395,
        79,
        436,
        251,
        477,
        300,
        239,
        250,
        165,
        228,
        200,
        226,
        177,
        245,
        426,
        399,
        64,
        483,
        405,
        60,
        283,
        39,
        69,
        102,
        319,
        291,
        364,
        278,
        368,
        449,
        221,
        352,
        96,
        313,
        218,
        344,
        144,
        105,
        199,
        192,
        393,
        286,
        84,
        13,
        312,
        473,
        431,
        186,
        206,
        276,
        9,
        196,
        485,
        279,
        114,
        494,
        135,
        398,
        384,
        346,
        397,
        14,
        355,
        133,
        181,
        213,
        324,
        325,
        427,
        412,
        122,
        150,
        439,
        445,
        210,
        101,
        260,
        73,
        408,
        457,
        171,
        487,
        16,
        22,
        285,
        75,
        438,
        88,
        387,
        262,
        295,
        331,
        188,
        119,
        267,
        185,
        63,
        356,
        244,
        306,
        159,
        74,
        56,
        198,
        421,
        371,
        414,
        416,
        489,
        106,
        163,
        6,
        360,
        207,
        323,
        471,
        99,
        495,
        456,
        255,
        43,
        170,
        54,
        249,
        33,
        459,
        81,
        18,
        270,
        448,
        401,
        55,
        320,
        125,
        454,
        2,
        475,
        241,
        493,
        406,
        422,
        230,
        433,
        117,
        392,
        434,
        53,
        174,
        169,
        71,
        127,
        322,
        403,
        15,
        480,
        83,
        472,
        264,
        212,
        385,
        496,
        447,
        7,
        62,
        238,
        112,
        229,
        176,
        458,
        321,
        27,
        139,
        492,
        103,
        190,
        428,
        379,
        349,
        302,
        293,
        168,
        265,
        151,
        28,
        58,
        404,
        52,
        111,
        131,
        208,
        280,
        19,
        161,
        497,
        310,
        94,
        292,
        376,
        93,
        282,
        440,
        45,
        430,
        479,
        44,
        34,
        217,
        41,
        25,
        222,
        134,
        164,
        299,
        211,
        232,
        463,
        219,
        120,
        85,
        21,
        233,
        467,
        142,
        303,
        468,
        175,
        284,
        478,
        23,
        183,
        126,
        354,
        240,
        136,
        307,
        254,
        357,
        476,
        304,
        367,
        402,
        70,
        97,
        389,
        338
    ],
    "Global Optimum": 0,
    "Algorithm": "Genetic algorithm",
    "Parameters": {
        "population": 30,
        "offspring": 30,
        "mutation probability": 0.002,
        "crossover probability": 0.9
    },
    "Fitness": 647078,
    "Solution": [
        224,
        417,
        257,
        201,
        91,
        335,
        383,
        272,
        298,
        242,
        202,
        78,
        121,
        36,
        271,
        420,
        147,
        172,
        87,
        29,
        340,
        446,
        214,
        26,
        104,
        314,
        89,
        47,
        311,
        12,
        263,
        24,
        297,
        333,
        470,
        358,
        294,
        301,
        287,
        296,
        49,
        374,
        182,
        423,
        149,
        140,
        390,
        256,
        146,
        158,
        462,
        77,
        148,
        107,
        243,
        247,
        466,
        10,
        375,
        394,
        429,
        391,
        353,
        48,
        227,
        50,
        152,
        450,
        128,
        378,
        424,
        351,
        153,
        326,
        123,
        162,
        415,
        413,
        443,
        160,
        334,
        61,
        32,
        110,
        484,
        381,
        42,
        469,
        179,
        435,
        184,
        197,
        167,
        82,
        486,
        329,
        252,
        130,
        464,
        336,
        350,
        373,
        386,
        258,
        290,
        345,
        444,
        441,
        400,
        37,
        205,
        411,
        46,
        369,
        116,
        396,
        157,
        363,
        194,
        274,
        203,
        372,
        11,
        437,
        281,
        268,
        154,
        173,
        499,
        145,
        124,
        80,
        490,
        1,
        315,
        377,
        141,
        68,
        453,
        419,
        65,
        51,
        318,
        4,
        66,
        451,
        359,
        31,
        275,
        95,
        317,
        193,
        90,
        113,
        491,
        248,
        343,
        246,
        30,
        289,
        0,
        461,
        138,
        137,
        57,
        92,
        195,
        166,
        215,
        327,
        410,
        236,
        266,
        481,
        432,
        305,
        330,
        418,
        220,
        67,
        38,
        98,
        115,
        362,
        209,
        366,
        132,
        332,
        425,
        59,
        337,
        288,
        108,
        339,
        452,
        237,
        455,
        388,
        225,
        407,
        259,
        35,
        316,
        234,
        187,
        465,
        155,
        100,
        180,
        348,
        347,
        382,
        72,
        269,
        370,
        231,
        261,
        20,
        474,
        216,
        189,
        76,
        223,
        342,
        482,
        341,
        129,
        86,
        143,
        17,
        8,
        235,
        5,
        328,
        409,
        118,
        109,
        191,
        277,
        204,
        308,
        253,
        488,
        40,
        380,
        442,
        309,
        178,
        498,
        156,
        273,
        365,
        361,
        3,
        460,
        395,
        79,
        436,
        251,
        477,
        300,
        239,
        250,
        165,
        228,
        200,
        226,
        177,
        245,
        426,
        399,
        64,
        483,
        405,
        60,
        283,
        39,
        69,
        102,
        319,
        291,
        364,
        278,
        368,
        449,
        221,
        352,
        96,
        313,
        218,
        344,
        144,
        105,
        199,
        192,
        393,
        286,
        84,
        13,
        312,
        473,
        431,
        186,
        206,
        276,
        9,
        196,
        485,
        279,
        114,
        494,
        135,
        398,
        384,
        346,
        397,
        14,
        355,
        133,
        181,
        213,
        324,
        325,
        427,
        412,
        122,
        150,
        439,
        445,
        210,
        101,
        260,
        73,
        408,
        457,
        171,
        487,
        16,
        22,
        285,
        75,
        438,
        88,
        387,
        262,
        295,
        331,
        188,
        119,
        267,
        185,
        63,
        356,
        244,
        306,
        159,
        74,
        56,
        198,
        421,
        371,
        414,
        416,
        489,
        106,
        163,
        6,
        360,
        207,
        323,
        471,
        99,
        495,
        456,
        255,
        43,
        170,
        54,
        249,
        33,
        459,
        81,
        18,
        270,
        448,
        401,
        55,
        320,
        125,
        454,
        2,
        475,
        241,
        493,
        406,
        422,
        230,
        433,
        117,
        392,
        434,
        53,
        174,
        169,
        71,
        127,
        322,
        403,
        15,
        480,
        83,
        472,
        264,
        212,
        385,
        496,
        447,
        7,
        62,
        238,
        112,
        229,
        176,
        458,
        321,
        27,
        139,
        492,
        103,
        190,
        428,
        379,
        349,
        302,
        293,
        168,
        265,
        151,
        28,
        58,
        404,
        52,
        111,
        131,
        208,
        280,
        19,
        161,
        497,
        310,
        94,
        292,
        376,
        93,
        282,
        440,
        45,
        430,
        479,
        44,
        34,
        217,
        41,
        25,
        222,
        134,
        164,
        299,
        211,
        232,
        463,
        219,
        120,
        85,
        21,
        233,
        467,
        142,
        303,
        468,
        175,
        284,
        478,
        23,
        183,
        126,
        354,
        240,
        136,
        307,
        254,
        357,
        476,
        304,
        367,
        402,
        70,
        97,
        389,
        338
    ],
    "Nb of functions evaluations": 200010,
    "Computational time in seconds": 992.6141149997711,
    "Stopping criterion in evaluations": 200000
}