1° run output:
{
    "Function": "ClusterB300.tsp",
    "Problem dimension": [
        40,
        139,
        258,
        273,
        264,
        112,
        260,
        165,
        94,
        17,
        169,
        21,
        156,
        239,
        37,
        278,
        171,
        85,
        275,
        104,
        135,
        58,
        220,
        207,
        290,
        242,
        140,
        186,
        221,
        155,
        217,
        71,
        214,
        298,
        5,
        177,
        127,
        297,
        161,
        189,
        18,
        44,
        32,
        133,
        123,
        78,
        45,
        294,
        237,
        131,
        164,
        160,
        130,
        233,
        256,
        126,
        179,
        158,
        150,
        212,
        66,
        19,
        227,
        93,
        75,
        149,
        248,
        0,
        181,
        65,
        259,
        95,
        111,
        38,
        47,
        209,
        215,
        20,
        223,
        226,
        163,
        228,
        280,
        79,
        287,
        91,
        23,
        10,
        54,
        117,
        199,
        197,
        11,
        295,
        144,
        99,
        97,
        86,
        296,
        244,
        108,
        41,
        89,
        69,
        167,
        12,
        168,
        7,
        175,
        84,
        100,
        60,
        211,
        162,
        255,
        132,
        80,
        274,
        289,
        36,
        49,
        61,
        178,
        279,
        43,
        183,
        210,
        285,
        200,
        195,
        288,
        246,
        52,
        146,
        33,
        143,
        35,
        270,
        59,
        114,
        271,
        68,
        74,
        136,
        27,
        251,
        39,
        201,
        284,
        203,
        172,
        122,
        83,
        196,
        230,
        50,
        266,
        250,
        265,
        184,
        252,
        137,
        72,
        241,
        92,
        110,
        101,
        170,
        219,
        2,
        152,
        293,
        141,
        34,
        3,
        57,
        238,
        276,
        120,
        29,
        48,
        208,
        192,
        98,
        6,
        26,
        166,
        190,
        4,
        268,
        157,
        176,
        105,
        64,
        263,
        267,
        218,
        118,
        205,
        173,
        145,
        231,
        286,
        88,
        262,
        134,
        229,
        81,
        119,
        8,
        87,
        291,
        224,
        174,
        204,
        106,
        51,
        73,
        216,
        185,
        56,
        269,
        206,
        113,
        198,
        253,
        243,
        299,
        129,
        154,
        31,
        261,
        125,
        247,
        225,
        182,
        115,
        30,
        76,
        24,
        282,
        281,
        148,
        202,
        82,
        151,
        153,
        42,
        191,
        232,
        124,
        193,
        138,
        180,
        142,
        28,
        62,
        96,
        1,
        13,
        70,
        188,
        283,
        240,
        249,
        67,
        147,
        194,
        46,
        272,
        55,
        77,
        14,
        234,
        277,
        22,
        159,
        103,
        128,
        236,
        245,
        15,
        9,
        235,
        116,
        90,
        187,
        53,
        292,
        107,
        109,
        63,
        25,
        102,
        257,
        16,
        213,
        222,
        121,
        254
    ],
    "Global Optimum": 0,
    "Algorithm": "Genetic algorithm",
    "Parameters": {
        "population": 30,
        "offspring": 30,
        "mutation probability": 0.0033333333333333335,
        "crossover probability": 0.9
    },
    "Fitness": 377769,
    "Solution": [
        40,
        139,
        258,
        273,
        264,
        112,
        260,
        165,
        94,
        17,
        169,
        21,
        156,
        239,
        37,
        278,
        171,
        85,
        275,
        104,
        135,
        58,
        220,
        207,
        290,
        242,
        140,
        186,
        221,
        155,
        217,
        71,
        214,
        298,
        5,
        177,
        127,
        297,
        161,
        189,
        18,
        44,
        32,
        133,
        123,
        78,
        45,
        294,
        237,
        131,
        164,
        160,
        130,
        233,
        256,
        126,
        179,
        158,
        150,
        212,
        66,
        19,
        227,
        93,
        75,
        149,
        248,
        0,
        181,
        65,
        259,
        95,
        111,
        38,
        47,
        209,
        215,
        20,
        223,
        226,
        163,
        228,
        280,
        79,
        287,
        91,
        23,
        10,
        54,
        117,
        199,
        197,
        11,
        295,
        144,
        99,
        97,
        86,
        296,
        244,
        108,
        41,
        89,
        69,
        167,
        12,
        168,
        7,
        175,
        84,
        100,
        60,
        211,
        162,
        255,
        132,
        80,
        274,
        289,
        36,
        49,
        61,
        178,
        279,
        43,
        183,
        210,
        285,
        200,
        195,
        288,
        246,
        52,
        146,
        33,
        143,
        35,
        270,
        59,
        114,
        271,
        68,
        74,
        136,
        27,
        251,
        39,
        201,
        284,
        203,
        172,
        122,
        83,
        196,
        230,
        50,
        266,
        250,
        265,
        184,
        252,
        137,
        72,
        241,
        92,
        110,
        101,
        170,
        219,
        2,
        152,
        293,
        141,
        34,
        3,
        57,
        238,
        276,
        120,
        29,
        48,
        208,
        192,
        98,
        6,
        26,
        166,
        190,
        4,
        268,
        157,
        176,
        105,
        64,
        263,
        267,
        218,
        118,
        205,
        173,
        145,
        231,
        286,
        88,
        262,
        134,
        229,
        81,
        119,
        8,
        87,
        291,
        224,
        174,
        204,
        106,
        51,
        73,
        216,
        185,
        56,
        269,
        206,
        113,
        198,
        253,
        243,
        299,
        129,
        154,
        31,
        261,
        125,
        247,
        225,
        182,
        115,
        30,
        76,
        24,
        282,
        281,
        148,
        202,
        82,
        151,
        153,
        42,
        191,
        232,
        124,
        193,
        138,
        180,
        142,
        28,
        62,
        96,
        1,
        13,
        70,
        188,
        283,
        240,
        249,
        67,
        147,
        194,
        46,
        272,
        55,
        77,
        14,
        234,
        277,
        22,
        159,
        103,
        128,
        236,
        245,
        15,
        9,
        235,
        116,
        90,
        187,
        53,
        292,
        107,
        109,
        63,
        25,
        102,
        257,
        16,
        213,
        222,
        121,
        254
    ],
    "Nb of functions evaluations": 50010,
    "Computational time in seconds": 144.00528120994568,
    "Stopping criterion in evaluations": 50000
}