20° run output:
{
    "Function": "ClusterB300.tsp",
    "Problem dimension": [
        67,
        292,
        274,
        275,
        91,
        189,
        100,
        131,
        55,
        69,
        46,
        283,
        224,
        82,
        49,
        271,
        210,
        265,
        74,
        101,
        108,
        165,
        70,
        119,
        188,
        296,
        34,
        233,
        287,
        50,
        52,
        266,
        3,
        200,
        281,
        87,
        253,
        285,
        94,
        255,
        177,
        257,
        37,
        90,
        235,
        212,
        159,
        141,
        85,
        105,
        270,
        217,
        35,
        237,
        130,
        284,
        227,
        269,
        170,
        297,
        116,
        9,
        80,
        0,
        205,
        251,
        47,
        112,
        259,
        117,
        30,
        38,
        44,
        125,
        129,
        4,
        291,
        126,
        226,
        246,
        169,
        118,
        140,
        133,
        288,
        41,
        56,
        202,
        220,
        23,
        45,
        97,
        209,
        183,
        123,
        128,
        66,
        142,
        83,
        154,
        219,
        178,
        124,
        76,
        172,
        21,
        77,
        148,
        230,
        184,
        214,
        250,
        14,
        231,
        168,
        175,
        176,
        221,
        152,
        48,
        156,
        234,
        213,
        139,
        254,
        299,
        203,
        127,
        57,
        238,
        109,
        228,
        171,
        1,
        115,
        272,
        208,
        153,
        99,
        2,
        261,
        179,
        58,
        24,
        17,
        79,
        286,
        267,
        26,
        149,
        242,
        54,
        173,
        143,
        71,
        93,
        193,
        65,
        78,
        147,
        73,
        10,
        256,
        206,
        110,
        197,
        278,
        236,
        181,
        225,
        298,
        103,
        155,
        239,
        120,
        263,
        132,
        211,
        136,
        5,
        16,
        134,
        33,
        22,
        258,
        146,
        12,
        36,
        163,
        121,
        186,
        222,
        104,
        92,
        40,
        277,
        32,
        167,
        62,
        260,
        51,
        81,
        262,
        207,
        19,
        247,
        174,
        192,
        6,
        279,
        295,
        59,
        218,
        61,
        198,
        191,
        244,
        280,
        245,
        223,
        157,
        252,
        18,
        106,
        60,
        72,
        276,
        84,
        96,
        29,
        182,
        42,
        290,
        15,
        43,
        145,
        158,
        195,
        199,
        190,
        232,
        64,
        204,
        215,
        144,
        8,
        28,
        293,
        86,
        135,
        88,
        27,
        39,
        248,
        185,
        150,
        294,
        89,
        151,
        240,
        98,
        180,
        268,
        161,
        68,
        249,
        137,
        289,
        241,
        13,
        114,
        187,
        25,
        229,
        20,
        113,
        75,
        111,
        11,
        95,
        166,
        63,
        7,
        243,
        196,
        160,
        162,
        164,
        264,
        201,
        107,
        194,
        102,
        31,
        282,
        138,
        216,
        122,
        273,
        53
    ],
    "Global Optimum": 0,
    "Algorithm": "Genetic algorithm",
    "Parameters": {
        "population": 30,
        "offspring": 30,
        "mutation probability": 0.0033333333333333335,
        "crossover probability": 0.9
    },
    "Fitness": 365275,
    "Solution": [
        67,
        292,
        274,
        275,
        91,
        189,
        100,
        131,
        55,
        69,
        46,
        283,
        224,
        82,
        49,
        271,
        210,
        265,
        74,
        101,
        108,
        165,
        70,
        119,
        188,
        296,
        34,
        233,
        287,
        50,
        52,
        266,
        3,
        200,
        281,
        87,
        253,
        285,
        94,
        255,
        177,
        257,
        37,
        90,
        235,
        212,
        159,
        141,
        85,
        105,
        270,
        217,
        35,
        237,
        130,
        284,
        227,
        269,
        170,
        297,
        116,
        9,
        80,
        0,
        205,
        251,
        47,
        112,
        259,
        117,
        30,
        38,
        44,
        125,
        129,
        4,
        291,
        126,
        226,
        246,
        169,
        118,
        140,
        133,
        288,
        41,
        56,
        202,
        220,
        23,
        45,
        97,
        209,
        183,
        123,
        128,
        66,
        142,
        83,
        154,
        219,
        178,
        124,
        76,
        172,
        21,
        77,
        148,
        230,
        184,
        214,
        250,
        14,
        231,
        168,
        175,
        176,
        221,
        152,
        48,
        156,
        234,
        213,
        139,
        254,
        299,
        203,
        127,
        57,
        238,
        109,
        228,
        171,
        1,
        115,
        272,
        208,
        153,
        99,
        2,
        261,
        179,
        58,
        24,
        17,
        79,
        286,
        267,
        26,
        149,
        242,
        54,
        173,
        143,
        71,
        93,
        193,
        65,
        78,
        147,
        73,
        10,
        256,
        206,
        110,
        197,
        278,
        236,
        181,
        225,
        298,
        103,
        155,
        239,
        120,
        263,
        132,
        211,
        136,
        5,
        16,
        134,
        33,
        22,
        258,
        146,
        12,
        36,
        163,
        121,
        186,
        222,
        104,
        92,
        40,
        277,
        32,
        167,
        62,
        260,
        51,
        81,
        262,
        207,
        19,
        247,
        174,
        192,
        6,
        279,
        295,
        59,
        218,
        61,
        198,
        191,
        244,
        280,
        245,
        223,
        157,
        252,
        18,
        106,
        60,
        72,
        276,
        84,
        96,
        29,
        182,
        42,
        290,
        15,
        43,
        145,
        158,
        195,
        199,
        190,
        232,
        64,
        204,
        215,
        144,
        8,
        28,
        293,
        86,
        135,
        88,
        27,
        39,
        248,
        185,
        150,
        294,
        89,
        151,
        240,
        98,
        180,
        268,
        161,
        68,
        249,
        137,
        289,
        241,
        13,
        114,
        187,
        25,
        229,
        20,
        113,
        75,
        111,
        11,
        95,
        166,
        63,
        7,
        243,
        196,
        160,
        162,
        164,
        264,
        201,
        107,
        194,
        102,
        31,
        282,
        138,
        216,
        122,
        273,
        53
    ],
    "Nb of functions evaluations": 50010,
    "Computational time in seconds": 141.70884728431702,
    "Stopping criterion in evaluations": 50000
}