11° run output:
{
    "Function": "euclidB100.tsp",
    "Problem dimension": [
        18,
        56,
        1,
        68,
        83,
        32,
        78,
        69,
        5,
        64,
        28,
        4,
        13,
        76,
        97,
        86,
        73,
        51,
        21,
        63,
        38,
        74,
        46,
        84,
        93,
        7,
        24,
        0,
        71,
        35,
        66,
        37,
        90,
        26,
        82,
        25,
        48,
        49,
        99,
        98,
        45,
        85,
        55,
        12,
        81,
        87,
        57,
        67,
        10,
        44,
        29,
        3,
        54,
        96,
        59,
        50,
        11,
        95,
        31,
        88,
        94,
        89,
        15,
        34,
        42,
        39,
        72,
        2,
        43,
        6,
        41,
        65,
        92,
        62,
        9,
        36,
        16,
        40,
        58,
        22,
        80,
        20,
        8,
        14,
        79,
        27,
        33,
        17,
        61,
        52,
        47,
        77,
        75,
        70,
        30,
        19,
        23,
        53,
        60,
        91
    ],
    "Global Optimum": 0,
    "Algorithm": "Genetic algorithm",
    "Parameters": {
        "population": 30,
        "offspring": 30,
        "mutation probability": 0.01,
        "crossover probability": 0.9
    },
    "Fitness": 58446,
    "Solution": [
        18,
        56,
        1,
        68,
        83,
        32,
        78,
        69,
        5,
        64,
        28,
        4,
        13,
        76,
        97,
        86,
        73,
        51,
        21,
        63,
        38,
        74,
        46,
        84,
        93,
        7,
        24,
        0,
        71,
        35,
        66,
        37,
        90,
        26,
        82,
        25,
        48,
        49,
        99,
        98,
        45,
        85,
        55,
        12,
        81,
        87,
        57,
        67,
        10,
        44,
        29,
        3,
        54,
        96,
        59,
        50,
        11,
        95,
        31,
        88,
        94,
        89,
        15,
        34,
        42,
        39,
        72,
        2,
        43,
        6,
        41,
        65,
        92,
        62,
        9,
        36,
        16,
        40,
        58,
        22,
        80,
        20,
        8,
        14,
        79,
        27,
        33,
        17,
        61,
        52,
        47,
        77,
        75,
        70,
        30,
        19,
        23,
        53,
        60,
        91
    ],
    "Nb of functions evaluations": 400020,
    "Computational time in seconds": 120.52826809883118,
    "Stopping criterion in evaluations": 400000
}