8° run output:
{
    "Function": "euclidB100.tsp",
    "Problem dimension": [
        14,
        34,
        39,
        89,
        2,
        37,
        83,
        90,
        31,
        95,
        93,
        42,
        43,
        58,
        80,
        22,
        6,
        32,
        92,
        82,
        63,
        21,
        28,
        48,
        69,
        41,
        60,
        68,
        24,
        91,
        0,
        18,
        35,
        56,
        12,
        57,
        36,
        16,
        51,
        53,
        10,
        47,
        29,
        19,
        77,
        3,
        70,
        75,
        96,
        23,
        44,
        59,
        52,
        27,
        79,
        40,
        61,
        8,
        17,
        11,
        26,
        9,
        5,
        64,
        87,
        99,
        98,
        78,
        65,
        67,
        73,
        15,
        72,
        7,
        94,
        50,
        85,
        45,
        33,
        20,
        97,
        76,
        55,
        86,
        66,
        1,
        88,
        62,
        71,
        81,
        46,
        38,
        25,
        84,
        74,
        49,
        54,
        30,
        4,
        13
    ],
    "Global Optimum": 0,
    "Algorithm": "Genetic algorithm",
    "Parameters": {
        "population": 30,
        "offspring": 30,
        "mutation probability": 0.01,
        "crossover probability": 0.9
    },
    "Fitness": 54290,
    "Solution": [
        14,
        34,
        39,
        89,
        2,
        37,
        83,
        90,
        31,
        95,
        93,
        42,
        43,
        58,
        80,
        22,
        6,
        32,
        92,
        82,
        63,
        21,
        28,
        48,
        69,
        41,
        60,
        68,
        24,
        91,
        0,
        18,
        35,
        56,
        12,
        57,
        36,
        16,
        51,
        53,
        10,
        47,
        29,
        19,
        77,
        3,
        70,
        75,
        96,
        23,
        44,
        59,
        52,
        27,
        79,
        40,
        61,
        8,
        17,
        11,
        26,
        9,
        5,
        64,
        87,
        99,
        98,
        78,
        65,
        67,
        73,
        15,
        72,
        7,
        94,
        50,
        85,
        45,
        33,
        20,
        97,
        76,
        55,
        86,
        66,
        1,
        88,
        62,
        71,
        81,
        46,
        38,
        25,
        84,
        74,
        49,
        54,
        30,
        4,
        13
    ],
    "Nb of functions evaluations": 400020,
    "Computational time in seconds": 119.81512427330017,
    "Stopping criterion in evaluations": 400000
}