25° run output:
{
    "Function": "euclidB100.tsp",
    "Problem dimension": [
        57,
        73,
        42,
        39,
        2,
        94,
        37,
        85,
        33,
        10,
        44,
        23,
        99,
        87,
        36,
        28,
        64,
        51,
        53,
        55,
        93,
        7,
        78,
        46,
        38,
        25,
        21,
        29,
        75,
        70,
        54,
        96,
        63,
        91,
        24,
        0,
        66,
        9,
        82,
        84,
        81,
        12,
        67,
        86,
        79,
        27,
        77,
        30,
        3,
        47,
        59,
        16,
        92,
        95,
        74,
        48,
        49,
        4,
        76,
        97,
        13,
        45,
        61,
        40,
        22,
        34,
        43,
        89,
        72,
        50,
        52,
        19,
        20,
        8,
        17,
        14,
        58,
        15,
        80,
        11,
        6,
        65,
        26,
        71,
        90,
        32,
        41,
        83,
        68,
        60,
        18,
        88,
        31,
        62,
        35,
        56,
        1,
        98,
        69,
        5
    ],
    "Global Optimum": 0,
    "Algorithm": "Genetic algorithm",
    "Parameters": {
        "population": 30,
        "offspring": 30,
        "mutation probability": 0.01,
        "crossover probability": 0.9
    },
    "Fitness": 58502,
    "Solution": [
        57,
        73,
        42,
        39,
        2,
        94,
        37,
        85,
        33,
        10,
        44,
        23,
        99,
        87,
        36,
        28,
        64,
        51,
        53,
        55,
        93,
        7,
        78,
        46,
        38,
        25,
        21,
        29,
        75,
        70,
        54,
        96,
        63,
        91,
        24,
        0,
        66,
        9,
        82,
        84,
        81,
        12,
        67,
        86,
        79,
        27,
        77,
        30,
        3,
        47,
        59,
        16,
        92,
        95,
        74,
        48,
        49,
        4,
        76,
        97,
        13,
        45,
        61,
        40,
        22,
        34,
        43,
        89,
        72,
        50,
        52,
        19,
        20,
        8,
        17,
        14,
        58,
        15,
        80,
        11,
        6,
        65,
        26,
        71,
        90,
        32,
        41,
        83,
        68,
        60,
        18,
        88,
        31,
        62,
        35,
        56,
        1,
        98,
        69,
        5
    ],
    "Nb of functions evaluations": 400020,
    "Computational time in seconds": 119.37276697158813,
    "Stopping criterion in evaluations": 400000
}