15° run output:
{
    "Function": "euclidB100.tsp",
    "Problem dimension": [
        35,
        26,
        9,
        71,
        65,
        55,
        52,
        70,
        47,
        29,
        75,
        77,
        19,
        3,
        30,
        54,
        96,
        28,
        36,
        44,
        27,
        79,
        6,
        1,
        41,
        34,
        17,
        80,
        61,
        10,
        59,
        23,
        49,
        16,
        67,
        78,
        56,
        66,
        90,
        82,
        84,
        81,
        46,
        12,
        87,
        74,
        99,
        69,
        86,
        45,
        20,
        14,
        50,
        85,
        53,
        57,
        64,
        5,
        63,
        21,
        48,
        25,
        38,
        31,
        18,
        24,
        0,
        7,
        94,
        72,
        42,
        39,
        2,
        22,
        4,
        97,
        76,
        73,
        32,
        83,
        37,
        93,
        60,
        68,
        62,
        92,
        51,
        13,
        33,
        40,
        8,
        88,
        95,
        91,
        89,
        15,
        43,
        58,
        11,
        98
    ],
    "Global Optimum": 0,
    "Algorithm": "Genetic algorithm",
    "Parameters": {
        "population": 30,
        "offspring": 30,
        "mutation probability": 0.01,
        "crossover probability": 0.9
    },
    "Fitness": 56736,
    "Solution": [
        35,
        26,
        9,
        71,
        65,
        55,
        52,
        70,
        47,
        29,
        75,
        77,
        19,
        3,
        30,
        54,
        96,
        28,
        36,
        44,
        27,
        79,
        6,
        1,
        41,
        34,
        17,
        80,
        61,
        10,
        59,
        23,
        49,
        16,
        67,
        78,
        56,
        66,
        90,
        82,
        84,
        81,
        46,
        12,
        87,
        74,
        99,
        69,
        86,
        45,
        20,
        14,
        50,
        85,
        53,
        57,
        64,
        5,
        63,
        21,
        48,
        25,
        38,
        31,
        18,
        24,
        0,
        7,
        94,
        72,
        42,
        39,
        2,
        22,
        4,
        97,
        76,
        73,
        32,
        83,
        37,
        93,
        60,
        68,
        62,
        92,
        51,
        13,
        33,
        40,
        8,
        88,
        95,
        91,
        89,
        15,
        43,
        58,
        11,
        98
    ],
    "Nb of functions evaluations": 400020,
    "Computational time in seconds": 120.86872792243958,
    "Stopping criterion in evaluations": 400000
}