13° run output:
{
    "Function": "euclidB500.tsp",
    "Problem dimension": [
        485,
        290,
        183,
        234,
        410,
        403,
        51,
        295,
        213,
        69,
        99,
        130,
        272,
        96,
        21,
        19,
        150,
        148,
        441,
        447,
        71,
        33,
        473,
        374,
        81,
        314,
        185,
        309,
        14,
        386,
        172,
        39,
        453,
        169,
        3,
        254,
        204,
        66,
        134,
        342,
        496,
        90,
        231,
        420,
        421,
        68,
        261,
        466,
        400,
        114,
        347,
        435,
        256,
        181,
        6,
        262,
        28,
        357,
        34,
        112,
        13,
        417,
        86,
        381,
        482,
        136,
        95,
        443,
        429,
        201,
        23,
        433,
        61,
        379,
        274,
        406,
        7,
        350,
        480,
        404,
        308,
        168,
        251,
        325,
        165,
        318,
        296,
        194,
        401,
        479,
        101,
        142,
        187,
        41,
        477,
        313,
        118,
        199,
        240,
        1,
        268,
        334,
        56,
        411,
        152,
        170,
        32,
        371,
        167,
        418,
        100,
        211,
        35,
        249,
        43,
        239,
        45,
        117,
        304,
        79,
        52,
        465,
        336,
        322,
        219,
        361,
        332,
        307,
        458,
        107,
        276,
        260,
        267,
        343,
        278,
        50,
        189,
        74,
        138,
        121,
        250,
        104,
        131,
        414,
        89,
        156,
        311,
        299,
        306,
        162,
        113,
        460,
        362,
        288,
        472,
        273,
        284,
        397,
        351,
        365,
        431,
        444,
        392,
        8,
        264,
        294,
        331,
        364,
        339,
        451,
        388,
        149,
        346,
        324,
        253,
        133,
        321,
        359,
        265,
        182,
        12,
        129,
        72,
        456,
        317,
        301,
        283,
        327,
        212,
        476,
        48,
        468,
        47,
        174,
        224,
        31,
        109,
        5,
        298,
        230,
        259,
        495,
        64,
        247,
        4,
        266,
        153,
        344,
        462,
        408,
        76,
        356,
        405,
        197,
        190,
        467,
        145,
        407,
        106,
        370,
        232,
        209,
        29,
        248,
        65,
        455,
        98,
        269,
        383,
        486,
        416,
        312,
        286,
        437,
        337,
        158,
        218,
        208,
        237,
        320,
        15,
        78,
        367,
        470,
        180,
        126,
        279,
        368,
        434,
        280,
        497,
        483,
        425,
        369,
        80,
        315,
        432,
        415,
        132,
        409,
        58,
        474,
        196,
        25,
        484,
        175,
        358,
        127,
        55,
        70,
        424,
        220,
        42,
        235,
        489,
        291,
        186,
        91,
        243,
        478,
        82,
        282,
        366,
        300,
        195,
        18,
        200,
        303,
        193,
        206,
        491,
        77,
        203,
        487,
        236,
        352,
        461,
        140,
        223,
        143,
        102,
        442,
        413,
        498,
        123,
        492,
        285,
        110,
        402,
        378,
        233,
        49,
        147,
        390,
        119,
        338,
        241,
        215,
        490,
        463,
        257,
        103,
        160,
        430,
        144,
        488,
        426,
        440,
        348,
        391,
        246,
        188,
        345,
        326,
        137,
        120,
        222,
        454,
        238,
        341,
        355,
        263,
        305,
        125,
        448,
        450,
        62,
        67,
        9,
        216,
        329,
        499,
        439,
        84,
        389,
        384,
        92,
        353,
        363,
        449,
        85,
        446,
        73,
        375,
        214,
        398,
        244,
        293,
        412,
        422,
        475,
        310,
        242,
        289,
        141,
        376,
        94,
        191,
        179,
        157,
        38,
        399,
        319,
        328,
        372,
        10,
        459,
        393,
        395,
        177,
        428,
        87,
        469,
        20,
        93,
        457,
        2,
        166,
        63,
        271,
        173,
        151,
        60,
        354,
        245,
        419,
        252,
        122,
        302,
        258,
        205,
        471,
        155,
        59,
        11,
        161,
        37,
        385,
        227,
        40,
        493,
        221,
        163,
        225,
        184,
        128,
        452,
        135,
        115,
        226,
        105,
        53,
        159,
        340,
        287,
        176,
        124,
        17,
        228,
        108,
        75,
        97,
        171,
        88,
        330,
        178,
        427,
        377,
        275,
        0,
        27,
        494,
        373,
        54,
        277,
        198,
        210,
        229,
        111,
        164,
        423,
        323,
        445,
        387,
        146,
        255,
        394,
        333,
        281,
        44,
        154,
        83,
        335,
        16,
        316,
        116,
        349,
        436,
        22,
        382,
        36,
        46,
        139,
        207,
        481,
        202,
        380,
        270,
        464,
        396,
        217,
        26,
        24,
        438,
        192,
        57,
        360,
        292,
        30,
        297
    ],
    "Global Optimum": 0,
    "Algorithm": "Genetic algorithm",
    "Parameters": {
        "population": 30,
        "offspring": 30,
        "mutation probability": 0.002,
        "crossover probability": 0.9
    },
    "Fitness": 557844,
    "Solution": [
        485,
        290,
        183,
        234,
        410,
        403,
        51,
        295,
        213,
        69,
        99,
        130,
        272,
        96,
        21,
        19,
        150,
        148,
        441,
        447,
        71,
        33,
        473,
        374,
        81,
        314,
        185,
        309,
        14,
        386,
        172,
        39,
        453,
        169,
        3,
        254,
        204,
        66,
        134,
        342,
        496,
        90,
        231,
        420,
        421,
        68,
        261,
        466,
        400,
        114,
        347,
        435,
        256,
        181,
        6,
        262,
        28,
        357,
        34,
        112,
        13,
        417,
        86,
        381,
        482,
        136,
        95,
        443,
        429,
        201,
        23,
        433,
        61,
        379,
        274,
        406,
        7,
        350,
        480,
        404,
        308,
        168,
        251,
        325,
        165,
        318,
        296,
        194,
        401,
        479,
        101,
        142,
        187,
        41,
        477,
        313,
        118,
        199,
        240,
        1,
        268,
        334,
        56,
        411,
        152,
        170,
        32,
        371,
        167,
        418,
        100,
        211,
        35,
        249,
        43,
        239,
        45,
        117,
        304,
        79,
        52,
        465,
        336,
        322,
        219,
        361,
        332,
        307,
        458,
        107,
        276,
        260,
        267,
        343,
        278,
        50,
        189,
        74,
        138,
        121,
        250,
        104,
        131,
        414,
        89,
        156,
        311,
        299,
        306,
        162,
        113,
        460,
        362,
        288,
        472,
        273,
        284,
        397,
        351,
        365,
        431,
        444,
        392,
        8,
        264,
        294,
        331,
        364,
        339,
        451,
        388,
        149,
        346,
        324,
        253,
        133,
        321,
        359,
        265,
        182,
        12,
        129,
        72,
        456,
        317,
        301,
        283,
        327,
        212,
        476,
        48,
        468,
        47,
        174,
        224,
        31,
        109,
        5,
        298,
        230,
        259,
        495,
        64,
        247,
        4,
        266,
        153,
        344,
        462,
        408,
        76,
        356,
        405,
        197,
        190,
        467,
        145,
        407,
        106,
        370,
        232,
        209,
        29,
        248,
        65,
        455,
        98,
        269,
        383,
        486,
        416,
        312,
        286,
        437,
        337,
        158,
        218,
        208,
        237,
        320,
        15,
        78,
        367,
        470,
        180,
        126,
        279,
        368,
        434,
        280,
        497,
        483,
        425,
        369,
        80,
        315,
        432,
        415,
        132,
        409,
        58,
        474,
        196,
        25,
        484,
        175,
        358,
        127,
        55,
        70,
        424,
        220,
        42,
        235,
        489,
        291,
        186,
        91,
        243,
        478,
        82,
        282,
        366,
        300,
        195,
        18,
        200,
        303,
        193,
        206,
        491,
        77,
        203,
        487,
        236,
        352,
        461,
        140,
        223,
        143,
        102,
        442,
        413,
        498,
        123,
        492,
        285,
        110,
        402,
        378,
        233,
        49,
        147,
        390,
        119,
        338,
        241,
        215,
        490,
        463,
        257,
        103,
        160,
        430,
        144,
        488,
        426,
        440,
        348,
        391,
        246,
        188,
        345,
        326,
        137,
        120,
        222,
        454,
        238,
        341,
        355,
        263,
        305,
        125,
        448,
        450,
        62,
        67,
        9,
        216,
        329,
        499,
        439,
        84,
        389,
        384,
        92,
        353,
        363,
        449,
        85,
        446,
        73,
        375,
        214,
        398,
        244,
        293,
        412,
        422,
        475,
        310,
        242,
        289,
        141,
        376,
        94,
        191,
        179,
        157,
        38,
        399,
        319,
        328,
        372,
        10,
        459,
        393,
        395,
        177,
        428,
        87,
        469,
        20,
        93,
        457,
        2,
        166,
        63,
        271,
        173,
        151,
        60,
        354,
        245,
        419,
        252,
        122,
        302,
        258,
        205,
        471,
        155,
        59,
        11,
        161,
        37,
        385,
        227,
        40,
        493,
        221,
        163,
        225,
        184,
        128,
        452,
        135,
        115,
        226,
        105,
        53,
        159,
        340,
        287,
        176,
        124,
        17,
        228,
        108,
        75,
        97,
        171,
        88,
        330,
        178,
        427,
        377,
        275,
        0,
        27,
        494,
        373,
        54,
        277,
        198,
        210,
        229,
        111,
        164,
        423,
        323,
        445,
        387,
        146,
        255,
        394,
        333,
        281,
        44,
        154,
        83,
        335,
        16,
        316,
        116,
        349,
        436,
        22,
        382,
        36,
        46,
        139,
        207,
        481,
        202,
        380,
        270,
        464,
        396,
        217,
        26,
        24,
        438,
        192,
        57,
        360,
        292,
        30,
        297
    ],
    "Nb of functions evaluations": 400020,
    "Computational time in seconds": 1809.0088667869568,
    "Stopping criterion in evaluations": 400000
}