8° run output:
{
    "Function": "euclidB500.tsp",
    "Problem dimension": [
        10,
        417,
        147,
        340,
        153,
        208,
        58,
        93,
        465,
        66,
        8,
        428,
        344,
        310,
        54,
        291,
        456,
        406,
        463,
        334,
        140,
        97,
        273,
        77,
        333,
        342,
        414,
        233,
        250,
        218,
        477,
        472,
        471,
        101,
        459,
        151,
        493,
        225,
        235,
        439,
        372,
        408,
        23,
        412,
        396,
        79,
        288,
        30,
        312,
        189,
        195,
        399,
        191,
        267,
        253,
        139,
        141,
        266,
        43,
        7,
        366,
        265,
        111,
        50,
        470,
        455,
        369,
        61,
        18,
        102,
        498,
        490,
        236,
        481,
        24,
        42,
        278,
        167,
        365,
        57,
        133,
        284,
        246,
        347,
        343,
        479,
        261,
        73,
        19,
        488,
        383,
        17,
        385,
        413,
        378,
        186,
        74,
        65,
        63,
        81,
        46,
        254,
        6,
        37,
        483,
        90,
        432,
        35,
        86,
        217,
        264,
        234,
        263,
        240,
        11,
        388,
        115,
        238,
        91,
        460,
        496,
        113,
        292,
        475,
        122,
        132,
        48,
        163,
        215,
        271,
        20,
        39,
        83,
        69,
        103,
        109,
        27,
        311,
        356,
        200,
        183,
        169,
        336,
        119,
        82,
        438,
        350,
        232,
        15,
        176,
        16,
        247,
        409,
        410,
        326,
        150,
        393,
        357,
        392,
        251,
        62,
        21,
        187,
        243,
        328,
        207,
        204,
        202,
        462,
        94,
        223,
        25,
        129,
        158,
        276,
        56,
        201,
        272,
        411,
        277,
        303,
        5,
        210,
        229,
        107,
        358,
        197,
        494,
        401,
        495,
        381,
        354,
        431,
        359,
        26,
        373,
        14,
        145,
        2,
        286,
        127,
        274,
        53,
        92,
        12,
        78,
        290,
        405,
        148,
        257,
        31,
        304,
        308,
        40,
        444,
        143,
        305,
        114,
        70,
        55,
        476,
        316,
        216,
        480,
        380,
        457,
        422,
        368,
        429,
        489,
        466,
        230,
        445,
        453,
        390,
        164,
        499,
        419,
        425,
        28,
        384,
        178,
        318,
        329,
        199,
        427,
        72,
        242,
        327,
        296,
        123,
        110,
        32,
        449,
        262,
        275,
        206,
        75,
        172,
        307,
        491,
        128,
        124,
        436,
        448,
        268,
        320,
        259,
        301,
        294,
        289,
        47,
        492,
        88,
        120,
        214,
        338,
        192,
        315,
        314,
        226,
        0,
        184,
        260,
        473,
        321,
        211,
        116,
        182,
        185,
        362,
        426,
        468,
        279,
        361,
        376,
        95,
        424,
        300,
        487,
        173,
        485,
        435,
        397,
        49,
        270,
        213,
        41,
        302,
        377,
        108,
        175,
        349,
        155,
        330,
        387,
        437,
        363,
        152,
        198,
        209,
        179,
        241,
        282,
        106,
        420,
        313,
        134,
        67,
        386,
        38,
        239,
        159,
        256,
        104,
        165,
        76,
        13,
        467,
        131,
        293,
        398,
        323,
        255,
        332,
        98,
        446,
        160,
        341,
        458,
        371,
        299,
        33,
        335,
        188,
        370,
        283,
        374,
        228,
        407,
        89,
        161,
        3,
        84,
        1,
        440,
        280,
        87,
        382,
        181,
        441,
        252,
        190,
        325,
        135,
        339,
        60,
        317,
        297,
        142,
        248,
        295,
        44,
        171,
        221,
        96,
        174,
        421,
        138,
        497,
        36,
        9,
        144,
        100,
        486,
        29,
        355,
        337,
        237,
        482,
        227,
        461,
        130,
        157,
        154,
        168,
        415,
        478,
        220,
        423,
        331,
        364,
        156,
        309,
        34,
        137,
        4,
        451,
        68,
        136,
        212,
        177,
        281,
        402,
        379,
        269,
        298,
        484,
        105,
        353,
        469,
        193,
        149,
        258,
        346,
        205,
        118,
        125,
        71,
        112,
        430,
        249,
        22,
        403,
        52,
        219,
        64,
        395,
        404,
        319,
        360,
        146,
        443,
        196,
        452,
        245,
        474,
        394,
        224,
        287,
        389,
        464,
        367,
        285,
        99,
        231,
        121,
        117,
        80,
        391,
        400,
        194,
        418,
        166,
        222,
        244,
        450,
        59,
        322,
        352,
        170,
        433,
        180,
        306,
        375,
        203,
        126,
        85,
        442,
        324,
        348,
        345,
        45,
        416,
        434,
        447,
        162,
        351,
        51,
        454
    ],
    "Global Optimum": 0,
    "Algorithm": "Genetic algorithm",
    "Parameters": {
        "population": 30,
        "offspring": 30,
        "mutation probability": 0.002,
        "crossover probability": 0.9
    },
    "Fitness": 540710,
    "Solution": [
        10,
        417,
        147,
        340,
        153,
        208,
        58,
        93,
        465,
        66,
        8,
        428,
        344,
        310,
        54,
        291,
        456,
        406,
        463,
        334,
        140,
        97,
        273,
        77,
        333,
        342,
        414,
        233,
        250,
        218,
        477,
        472,
        471,
        101,
        459,
        151,
        493,
        225,
        235,
        439,
        372,
        408,
        23,
        412,
        396,
        79,
        288,
        30,
        312,
        189,
        195,
        399,
        191,
        267,
        253,
        139,
        141,
        266,
        43,
        7,
        366,
        265,
        111,
        50,
        470,
        455,
        369,
        61,
        18,
        102,
        498,
        490,
        236,
        481,
        24,
        42,
        278,
        167,
        365,
        57,
        133,
        284,
        246,
        347,
        343,
        479,
        261,
        73,
        19,
        488,
        383,
        17,
        385,
        413,
        378,
        186,
        74,
        65,
        63,
        81,
        46,
        254,
        6,
        37,
        483,
        90,
        432,
        35,
        86,
        217,
        264,
        234,
        263,
        240,
        11,
        388,
        115,
        238,
        91,
        460,
        496,
        113,
        292,
        475,
        122,
        132,
        48,
        163,
        215,
        271,
        20,
        39,
        83,
        69,
        103,
        109,
        27,
        311,
        356,
        200,
        183,
        169,
        336,
        119,
        82,
        438,
        350,
        232,
        15,
        176,
        16,
        247,
        409,
        410,
        326,
        150,
        393,
        357,
        392,
        251,
        62,
        21,
        187,
        243,
        328,
        207,
        204,
        202,
        462,
        94,
        223,
        25,
        129,
        158,
        276,
        56,
        201,
        272,
        411,
        277,
        303,
        5,
        210,
        229,
        107,
        358,
        197,
        494,
        401,
        495,
        381,
        354,
        431,
        359,
        26,
        373,
        14,
        145,
        2,
        286,
        127,
        274,
        53,
        92,
        12,
        78,
        290,
        405,
        148,
        257,
        31,
        304,
        308,
        40,
        444,
        143,
        305,
        114,
        70,
        55,
        476,
        316,
        216,
        480,
        380,
        457,
        422,
        368,
        429,
        489,
        466,
        230,
        445,
        453,
        390,
        164,
        499,
        419,
        425,
        28,
        384,
        178,
        318,
        329,
        199,
        427,
        72,
        242,
        327,
        296,
        123,
        110,
        32,
        449,
        262,
        275,
        206,
        75,
        172,
        307,
        491,
        128,
        124,
        436,
        448,
        268,
        320,
        259,
        301,
        294,
        289,
        47,
        492,
        88,
        120,
        214,
        338,
        192,
        315,
        314,
        226,
        0,
        184,
        260,
        473,
        321,
        211,
        116,
        182,
        185,
        362,
        426,
        468,
        279,
        361,
        376,
        95,
        424,
        300,
        487,
        173,
        485,
        435,
        397,
        49,
        270,
        213,
        41,
        302,
        377,
        108,
        175,
        349,
        155,
        330,
        387,
        437,
        363,
        152,
        198,
        209,
        179,
        241,
        282,
        106,
        420,
        313,
        134,
        67,
        386,
        38,
        239,
        159,
        256,
        104,
        165,
        76,
        13,
        467,
        131,
        293,
        398,
        323,
        255,
        332,
        98,
        446,
        160,
        341,
        458,
        371,
        299,
        33,
        335,
        188,
        370,
        283,
        374,
        228,
        407,
        89,
        161,
        3,
        84,
        1,
        440,
        280,
        87,
        382,
        181,
        441,
        252,
        190,
        325,
        135,
        339,
        60,
        317,
        297,
        142,
        248,
        295,
        44,
        171,
        221,
        96,
        174,
        421,
        138,
        497,
        36,
        9,
        144,
        100,
        486,
        29,
        355,
        337,
        237,
        482,
        227,
        461,
        130,
        157,
        154,
        168,
        415,
        478,
        220,
        423,
        331,
        364,
        156,
        309,
        34,
        137,
        4,
        451,
        68,
        136,
        212,
        177,
        281,
        402,
        379,
        269,
        298,
        484,
        105,
        353,
        469,
        193,
        149,
        258,
        346,
        205,
        118,
        125,
        71,
        112,
        430,
        249,
        22,
        403,
        52,
        219,
        64,
        395,
        404,
        319,
        360,
        146,
        443,
        196,
        452,
        245,
        474,
        394,
        224,
        287,
        389,
        464,
        367,
        285,
        99,
        231,
        121,
        117,
        80,
        391,
        400,
        194,
        418,
        166,
        222,
        244,
        450,
        59,
        322,
        352,
        170,
        433,
        180,
        306,
        375,
        203,
        126,
        85,
        442,
        324,
        348,
        345,
        45,
        416,
        434,
        447,
        162,
        351,
        51,
        454
    ],
    "Nb of functions evaluations": 400020,
    "Computational time in seconds": 1798.310636997223,
    "Stopping criterion in evaluations": 400000
}