16° run output:
{
    "Function": "euclidB500.tsp",
    "Problem dimension": [
        393,
        449,
        86,
        217,
        44,
        39,
        212,
        402,
        483,
        249,
        26,
        471,
        15,
        159,
        34,
        137,
        191,
        152,
        472,
        131,
        140,
        416,
        228,
        310,
        11,
        439,
        248,
        414,
        490,
        37,
        155,
        306,
        30,
        372,
        452,
        194,
        150,
        123,
        1,
        476,
        399,
        267,
        182,
        108,
        464,
        444,
        17,
        135,
        214,
        418,
        195,
        185,
        46,
        441,
        283,
        109,
        375,
        357,
        252,
        353,
        412,
        101,
        419,
        200,
        348,
        377,
        331,
        398,
        51,
        206,
        110,
        8,
        83,
        190,
        272,
        339,
        33,
        413,
        459,
        270,
        157,
        139,
        161,
        231,
        286,
        367,
        226,
        271,
        294,
        220,
        435,
        134,
        279,
        338,
        394,
        85,
        461,
        59,
        288,
        478,
        359,
        301,
        224,
        496,
        103,
        470,
        486,
        468,
        376,
        203,
        104,
        88,
        186,
        176,
        179,
        7,
        245,
        138,
        437,
        453,
        63,
        242,
        240,
        374,
        309,
        125,
        197,
        333,
        458,
        9,
        180,
        400,
        275,
        492,
        491,
        325,
        67,
        14,
        24,
        322,
        122,
        62,
        121,
        209,
        169,
        160,
        303,
        424,
        296,
        320,
        171,
        463,
        41,
        132,
        232,
        0,
        299,
        364,
        227,
        208,
        106,
        237,
        351,
        415,
        16,
        442,
        466,
        136,
        261,
        254,
        93,
        6,
        409,
        370,
        494,
        342,
        395,
        130,
        223,
        369,
        336,
        319,
        244,
        234,
        360,
        282,
        127,
        49,
        291,
        450,
        78,
        181,
        362,
        80,
        430,
        35,
        423,
        142,
        469,
        352,
        70,
        148,
        465,
        446,
        422,
        216,
        302,
        440,
        349,
        340,
        307,
        295,
        290,
        68,
        447,
        45,
        421,
        334,
        481,
        443,
        445,
        323,
        167,
        432,
        411,
        12,
        318,
        378,
        354,
        168,
        229,
        426,
        22,
        280,
        28,
        473,
        343,
        326,
        328,
        69,
        219,
        287,
        380,
        479,
        337,
        401,
        118,
        189,
        403,
        50,
        79,
        92,
        366,
        361,
        251,
        345,
        151,
        119,
        60,
        211,
        346,
        149,
        350,
        193,
        29,
        383,
        387,
        308,
        462,
        268,
        107,
        281,
        42,
        202,
        146,
        368,
        53,
        99,
        144,
        153,
        13,
        102,
        129,
        58,
        324,
        335,
        385,
        431,
        284,
        66,
        313,
        3,
        27,
        112,
        116,
        239,
        158,
        187,
        25,
        311,
        390,
        38,
        274,
        213,
        276,
        96,
        327,
        56,
        293,
        20,
        82,
        172,
        247,
        243,
        406,
        113,
        154,
        389,
        455,
        222,
        391,
        65,
        273,
        198,
        253,
        428,
        408,
        235,
        95,
        332,
        448,
        427,
        52,
        312,
        111,
        258,
        205,
        54,
        388,
        434,
        304,
        382,
        425,
        297,
        493,
        100,
        192,
        156,
        392,
        230,
        263,
        456,
        257,
        117,
        170,
        344,
        300,
        89,
        429,
        410,
        40,
        31,
        221,
        477,
        384,
        178,
        2,
        269,
        489,
        174,
        438,
        487,
        330,
        201,
        396,
        379,
        241,
        289,
        264,
        265,
        329,
        277,
        183,
        84,
        75,
        371,
        199,
        499,
        55,
        145,
        57,
        405,
        474,
        143,
        407,
        126,
        175,
        163,
        47,
        488,
        81,
        207,
        162,
        460,
        454,
        72,
        10,
        233,
        188,
        255,
        141,
        204,
        298,
        147,
        436,
        305,
        347,
        94,
        266,
        64,
        355,
        210,
        278,
        292,
        71,
        196,
        36,
        133,
        358,
        32,
        173,
        76,
        164,
        23,
        48,
        480,
        238,
        365,
        124,
        417,
        43,
        433,
        97,
        260,
        90,
        451,
        262,
        363,
        495,
        341,
        386,
        21,
        98,
        497,
        485,
        225,
        373,
        4,
        285,
        114,
        128,
        5,
        321,
        18,
        73,
        165,
        259,
        484,
        87,
        482,
        381,
        420,
        61,
        315,
        475,
        457,
        317,
        397,
        256,
        314,
        184,
        215,
        105,
        177,
        77,
        236,
        91,
        467,
        356,
        218,
        115,
        246,
        498,
        404,
        19,
        74,
        316,
        166,
        250,
        120
    ],
    "Global Optimum": 0,
    "Algorithm": "Genetic algorithm",
    "Parameters": {
        "population": 30,
        "offspring": 30,
        "mutation probability": 0.002,
        "crossover probability": 0.9
    },
    "Fitness": 553683,
    "Solution": [
        393,
        449,
        86,
        217,
        44,
        39,
        212,
        402,
        483,
        249,
        26,
        471,
        15,
        159,
        34,
        137,
        191,
        152,
        472,
        131,
        140,
        416,
        228,
        310,
        11,
        439,
        248,
        414,
        490,
        37,
        155,
        306,
        30,
        372,
        452,
        194,
        150,
        123,
        1,
        476,
        399,
        267,
        182,
        108,
        464,
        444,
        17,
        135,
        214,
        418,
        195,
        185,
        46,
        441,
        283,
        109,
        375,
        357,
        252,
        353,
        412,
        101,
        419,
        200,
        348,
        377,
        331,
        398,
        51,
        206,
        110,
        8,
        83,
        190,
        272,
        339,
        33,
        413,
        459,
        270,
        157,
        139,
        161,
        231,
        286,
        367,
        226,
        271,
        294,
        220,
        435,
        134,
        279,
        338,
        394,
        85,
        461,
        59,
        288,
        478,
        359,
        301,
        224,
        496,
        103,
        470,
        486,
        468,
        376,
        203,
        104,
        88,
        186,
        176,
        179,
        7,
        245,
        138,
        437,
        453,
        63,
        242,
        240,
        374,
        309,
        125,
        197,
        333,
        458,
        9,
        180,
        400,
        275,
        492,
        491,
        325,
        67,
        14,
        24,
        322,
        122,
        62,
        121,
        209,
        169,
        160,
        303,
        424,
        296,
        320,
        171,
        463,
        41,
        132,
        232,
        0,
        299,
        364,
        227,
        208,
        106,
        237,
        351,
        415,
        16,
        442,
        466,
        136,
        261,
        254,
        93,
        6,
        409,
        370,
        494,
        342,
        395,
        130,
        223,
        369,
        336,
        319,
        244,
        234,
        360,
        282,
        127,
        49,
        291,
        450,
        78,
        181,
        362,
        80,
        430,
        35,
        423,
        142,
        469,
        352,
        70,
        148,
        465,
        446,
        422,
        216,
        302,
        440,
        349,
        340,
        307,
        295,
        290,
        68,
        447,
        45,
        421,
        334,
        481,
        443,
        445,
        323,
        167,
        432,
        411,
        12,
        318,
        378,
        354,
        168,
        229,
        426,
        22,
        280,
        28,
        473,
        343,
        326,
        328,
        69,
        219,
        287,
        380,
        479,
        337,
        401,
        118,
        189,
        403,
        50,
        79,
        92,
        366,
        361,
        251,
        345,
        151,
        119,
        60,
        211,
        346,
        149,
        350,
        193,
        29,
        383,
        387,
        308,
        462,
        268,
        107,
        281,
        42,
        202,
        146,
        368,
        53,
        99,
        144,
        153,
        13,
        102,
        129,
        58,
        324,
        335,
        385,
        431,
        284,
        66,
        313,
        3,
        27,
        112,
        116,
        239,
        158,
        187,
        25,
        311,
        390,
        38,
        274,
        213,
        276,
        96,
        327,
        56,
        293,
        20,
        82,
        172,
        247,
        243,
        406,
        113,
        154,
        389,
        455,
        222,
        391,
        65,
        273,
        198,
        253,
        428,
        408,
        235,
        95,
        332,
        448,
        427,
        52,
        312,
        111,
        258,
        205,
        54,
        388,
        434,
        304,
        382,
        425,
        297,
        493,
        100,
        192,
        156,
        392,
        230,
        263,
        456,
        257,
        117,
        170,
        344,
        300,
        89,
        429,
        410,
        40,
        31,
        221,
        477,
        384,
        178,
        2,
        269,
        489,
        174,
        438,
        487,
        330,
        201,
        396,
        379,
        241,
        289,
        264,
        265,
        329,
        277,
        183,
        84,
        75,
        371,
        199,
        499,
        55,
        145,
        57,
        405,
        474,
        143,
        407,
        126,
        175,
        163,
        47,
        488,
        81,
        207,
        162,
        460,
        454,
        72,
        10,
        233,
        188,
        255,
        141,
        204,
        298,
        147,
        436,
        305,
        347,
        94,
        266,
        64,
        355,
        210,
        278,
        292,
        71,
        196,
        36,
        133,
        358,
        32,
        173,
        76,
        164,
        23,
        48,
        480,
        238,
        365,
        124,
        417,
        43,
        433,
        97,
        260,
        90,
        451,
        262,
        363,
        495,
        341,
        386,
        21,
        98,
        497,
        485,
        225,
        373,
        4,
        285,
        114,
        128,
        5,
        321,
        18,
        73,
        165,
        259,
        484,
        87,
        482,
        381,
        420,
        61,
        315,
        475,
        457,
        317,
        397,
        256,
        314,
        184,
        215,
        105,
        177,
        77,
        236,
        91,
        467,
        356,
        218,
        115,
        246,
        498,
        404,
        19,
        74,
        316,
        166,
        250,
        120
    ],
    "Nb of functions evaluations": 400020,
    "Computational time in seconds": 1796.9144809246063,
    "Stopping criterion in evaluations": 400000
}