7° run output:
{
    "Function": "euclidB500.tsp",
    "Problem dimension": [
        263,
        219,
        207,
        158,
        138,
        310,
        470,
        178,
        51,
        52,
        22,
        102,
        252,
        254,
        49,
        23,
        447,
        38,
        246,
        297,
        359,
        343,
        50,
        73,
        36,
        128,
        381,
        83,
        221,
        177,
        264,
        269,
        457,
        272,
        176,
        134,
        413,
        335,
        436,
        28,
        45,
        416,
        491,
        336,
        174,
        379,
        424,
        300,
        197,
        60,
        435,
        155,
        414,
        218,
        205,
        29,
        30,
        62,
        415,
        171,
        465,
        16,
        140,
        204,
        11,
        279,
        385,
        380,
        179,
        308,
        496,
        482,
        299,
        108,
        165,
        21,
        101,
        258,
        66,
        208,
        223,
        307,
        224,
        27,
        114,
        283,
        129,
        4,
        133,
        191,
        392,
        143,
        113,
        25,
        33,
        371,
        6,
        167,
        370,
        390,
        407,
        488,
        15,
        411,
        340,
        122,
        274,
        276,
        99,
        13,
        302,
        206,
        454,
        159,
        295,
        364,
        354,
        430,
        472,
        316,
        320,
        399,
        261,
        189,
        327,
        188,
        34,
        433,
        183,
        56,
        388,
        446,
        161,
        303,
        69,
        41,
        162,
        198,
        339,
        331,
        480,
        132,
        7,
        277,
        201,
        163,
        32,
        440,
        353,
        486,
        352,
        333,
        484,
        355,
        77,
        47,
        483,
        250,
        123,
        443,
        216,
        225,
        474,
        311,
        305,
        57,
        357,
        313,
        429,
        164,
        448,
        275,
        326,
        368,
        233,
        378,
        409,
        160,
        120,
        186,
        104,
        265,
        152,
        369,
        194,
        375,
        386,
        394,
        44,
        467,
        285,
        106,
        80,
        231,
        240,
        131,
        260,
        324,
        5,
        18,
        402,
        203,
        185,
        456,
        461,
        139,
        323,
        95,
        294,
        98,
        476,
        119,
        244,
        234,
        423,
        63,
        210,
        395,
        145,
        64,
        130,
        449,
        262,
        58,
        100,
        497,
        249,
        431,
        72,
        349,
        278,
        345,
        469,
        471,
        257,
        391,
        211,
        237,
        195,
        251,
        85,
        367,
        301,
        479,
        94,
        499,
        466,
        147,
        325,
        347,
        420,
        180,
        330,
        229,
        358,
        428,
        475,
        442,
        477,
        166,
        150,
        361,
        125,
        87,
        222,
        214,
        489,
        421,
        169,
        494,
        71,
        1,
        31,
        455,
        317,
        372,
        103,
        453,
        256,
        319,
        127,
        463,
        458,
        321,
        314,
        441,
        287,
        404,
        360,
        8,
        318,
        425,
        220,
        24,
        142,
        498,
        284,
        400,
        115,
        135,
        26,
        124,
        304,
        342,
        427,
        248,
        291,
        459,
        348,
        192,
        76,
        111,
        418,
        175,
        109,
        462,
        105,
        89,
        328,
        74,
        401,
        309,
        377,
        344,
        181,
        289,
        215,
        374,
        232,
        329,
        286,
        437,
        397,
        356,
        393,
        157,
        478,
        422,
        190,
        126,
        59,
        255,
        39,
        334,
        241,
        226,
        350,
        444,
        451,
        266,
        153,
        121,
        493,
        242,
        168,
        40,
        452,
        90,
        495,
        193,
        81,
        149,
        405,
        315,
        273,
        88,
        268,
        187,
        212,
        464,
        338,
        408,
        492,
        438,
        53,
        362,
        426,
        209,
        2,
        281,
        468,
        382,
        70,
        172,
        141,
        288,
        450,
        485,
        384,
        78,
        473,
        280,
        14,
        245,
        417,
        346,
        247,
        116,
        144,
        46,
        396,
        91,
        460,
        236,
        37,
        351,
        322,
        398,
        196,
        54,
        10,
        184,
        412,
        19,
        312,
        35,
        61,
        217,
        298,
        17,
        363,
        282,
        173,
        410,
        9,
        75,
        137,
        439,
        238,
        112,
        170,
        117,
        84,
        290,
        228,
        151,
        68,
        55,
        365,
        86,
        93,
        253,
        337,
        199,
        434,
        202,
        445,
        110,
        332,
        383,
        3,
        65,
        270,
        67,
        148,
        48,
        146,
        293,
        230,
        403,
        200,
        490,
        82,
        20,
        481,
        136,
        156,
        227,
        373,
        43,
        267,
        376,
        389,
        432,
        259,
        271,
        42,
        12,
        341,
        118,
        0,
        213,
        239,
        107,
        306,
        79,
        182,
        419,
        97,
        487,
        406,
        296,
        92,
        154,
        235,
        292,
        96,
        387,
        366,
        243
    ],
    "Global Optimum": 0,
    "Algorithm": "Genetic algorithm",
    "Parameters": {
        "population": 30,
        "offspring": 30,
        "mutation probability": 0.002,
        "crossover probability": 0.9
    },
    "Fitness": 543959,
    "Solution": [
        263,
        219,
        207,
        158,
        138,
        310,
        470,
        178,
        51,
        52,
        22,
        102,
        252,
        254,
        49,
        23,
        447,
        38,
        246,
        297,
        359,
        343,
        50,
        73,
        36,
        128,
        381,
        83,
        221,
        177,
        264,
        269,
        457,
        272,
        176,
        134,
        413,
        335,
        436,
        28,
        45,
        416,
        491,
        336,
        174,
        379,
        424,
        300,
        197,
        60,
        435,
        155,
        414,
        218,
        205,
        29,
        30,
        62,
        415,
        171,
        465,
        16,
        140,
        204,
        11,
        279,
        385,
        380,
        179,
        308,
        496,
        482,
        299,
        108,
        165,
        21,
        101,
        258,
        66,
        208,
        223,
        307,
        224,
        27,
        114,
        283,
        129,
        4,
        133,
        191,
        392,
        143,
        113,
        25,
        33,
        371,
        6,
        167,
        370,
        390,
        407,
        488,
        15,
        411,
        340,
        122,
        274,
        276,
        99,
        13,
        302,
        206,
        454,
        159,
        295,
        364,
        354,
        430,
        472,
        316,
        320,
        399,
        261,
        189,
        327,
        188,
        34,
        433,
        183,
        56,
        388,
        446,
        161,
        303,
        69,
        41,
        162,
        198,
        339,
        331,
        480,
        132,
        7,
        277,
        201,
        163,
        32,
        440,
        353,
        486,
        352,
        333,
        484,
        355,
        77,
        47,
        483,
        250,
        123,
        443,
        216,
        225,
        474,
        311,
        305,
        57,
        357,
        313,
        429,
        164,
        448,
        275,
        326,
        368,
        233,
        378,
        409,
        160,
        120,
        186,
        104,
        265,
        152,
        369,
        194,
        375,
        386,
        394,
        44,
        467,
        285,
        106,
        80,
        231,
        240,
        131,
        260,
        324,
        5,
        18,
        402,
        203,
        185,
        456,
        461,
        139,
        323,
        95,
        294,
        98,
        476,
        119,
        244,
        234,
        423,
        63,
        210,
        395,
        145,
        64,
        130,
        449,
        262,
        58,
        100,
        497,
        249,
        431,
        72,
        349,
        278,
        345,
        469,
        471,
        257,
        391,
        211,
        237,
        195,
        251,
        85,
        367,
        301,
        479,
        94,
        499,
        466,
        147,
        325,
        347,
        420,
        180,
        330,
        229,
        358,
        428,
        475,
        442,
        477,
        166,
        150,
        361,
        125,
        87,
        222,
        214,
        489,
        421,
        169,
        494,
        71,
        1,
        31,
        455,
        317,
        372,
        103,
        453,
        256,
        319,
        127,
        463,
        458,
        321,
        314,
        441,
        287,
        404,
        360,
        8,
        318,
        425,
        220,
        24,
        142,
        498,
        284,
        400,
        115,
        135,
        26,
        124,
        304,
        342,
        427,
        248,
        291,
        459,
        348,
        192,
        76,
        111,
        418,
        175,
        109,
        462,
        105,
        89,
        328,
        74,
        401,
        309,
        377,
        344,
        181,
        289,
        215,
        374,
        232,
        329,
        286,
        437,
        397,
        356,
        393,
        157,
        478,
        422,
        190,
        126,
        59,
        255,
        39,
        334,
        241,
        226,
        350,
        444,
        451,
        266,
        153,
        121,
        493,
        242,
        168,
        40,
        452,
        90,
        495,
        193,
        81,
        149,
        405,
        315,
        273,
        88,
        268,
        187,
        212,
        464,
        338,
        408,
        492,
        438,
        53,
        362,
        426,
        209,
        2,
        281,
        468,
        382,
        70,
        172,
        141,
        288,
        450,
        485,
        384,
        78,
        473,
        280,
        14,
        245,
        417,
        346,
        247,
        116,
        144,
        46,
        396,
        91,
        460,
        236,
        37,
        351,
        322,
        398,
        196,
        54,
        10,
        184,
        412,
        19,
        312,
        35,
        61,
        217,
        298,
        17,
        363,
        282,
        173,
        410,
        9,
        75,
        137,
        439,
        238,
        112,
        170,
        117,
        84,
        290,
        228,
        151,
        68,
        55,
        365,
        86,
        93,
        253,
        337,
        199,
        434,
        202,
        445,
        110,
        332,
        383,
        3,
        65,
        270,
        67,
        148,
        48,
        146,
        293,
        230,
        403,
        200,
        490,
        82,
        20,
        481,
        136,
        156,
        227,
        373,
        43,
        267,
        376,
        389,
        432,
        259,
        271,
        42,
        12,
        341,
        118,
        0,
        213,
        239,
        107,
        306,
        79,
        182,
        419,
        97,
        487,
        406,
        296,
        92,
        154,
        235,
        292,
        96,
        387,
        366,
        243
    ],
    "Nb of functions evaluations": 400020,
    "Computational time in seconds": 1810.0569241046906,
    "Stopping criterion in evaluations": 400000
}