26° run output:
{
    "Function": "euclidB300.tsp",
    "Problem dimension": [
        223,
        134,
        250,
        273,
        129,
        259,
        62,
        268,
        206,
        217,
        79,
        241,
        29,
        116,
        216,
        146,
        88,
        298,
        211,
        190,
        90,
        228,
        89,
        287,
        227,
        115,
        0,
        154,
        21,
        213,
        119,
        235,
        238,
        61,
        290,
        249,
        6,
        9,
        105,
        246,
        97,
        147,
        156,
        278,
        285,
        269,
        57,
        224,
        279,
        13,
        163,
        18,
        50,
        267,
        284,
        22,
        86,
        48,
        270,
        20,
        293,
        106,
        204,
        93,
        210,
        207,
        96,
        221,
        183,
        172,
        292,
        136,
        14,
        32,
        230,
        121,
        80,
        280,
        288,
        39,
        212,
        189,
        198,
        73,
        153,
        218,
        37,
        104,
        63,
        107,
        219,
        15,
        243,
        214,
        168,
        271,
        258,
        52,
        85,
        84,
        143,
        139,
        255,
        236,
        296,
        205,
        64,
        142,
        157,
        286,
        5,
        82,
        99,
        122,
        141,
        51,
        155,
        123,
        120,
        150,
        166,
        130,
        281,
        70,
        127,
        11,
        7,
        161,
        140,
        225,
        34,
        257,
        283,
        87,
        100,
        138,
        256,
        265,
        8,
        264,
        44,
        169,
        118,
        201,
        94,
        263,
        78,
        239,
        30,
        69,
        179,
        199,
        208,
        192,
        165,
        254,
        65,
        209,
        240,
        266,
        68,
        237,
        252,
        178,
        23,
        67,
        40,
        125,
        188,
        289,
        128,
        277,
        46,
        4,
        58,
        185,
        132,
        274,
        19,
        158,
        81,
        251,
        2,
        174,
        75,
        111,
        26,
        180,
        187,
        244,
        145,
        151,
        72,
        102,
        229,
        144,
        262,
        124,
        195,
        160,
        149,
        12,
        10,
        54,
        133,
        3,
        173,
        66,
        24,
        294,
        222,
        261,
        101,
        247,
        231,
        152,
        167,
        181,
        233,
        1,
        184,
        31,
        117,
        272,
        260,
        60,
        36,
        193,
        175,
        215,
        95,
        42,
        55,
        162,
        203,
        137,
        16,
        59,
        295,
        242,
        299,
        76,
        196,
        276,
        164,
        91,
        49,
        28,
        170,
        43,
        297,
        33,
        110,
        114,
        245,
        35,
        45,
        202,
        109,
        74,
        126,
        186,
        71,
        17,
        56,
        275,
        112,
        83,
        226,
        103,
        200,
        220,
        41,
        171,
        47,
        159,
        135,
        197,
        27,
        177,
        77,
        176,
        98,
        191,
        232,
        113,
        148,
        234,
        131,
        92,
        194,
        38,
        108,
        291,
        248,
        253,
        53,
        182,
        25,
        282
    ],
    "Global Optimum": 0,
    "Algorithm": "Genetic algorithm",
    "Parameters": {
        "population": 30,
        "offspring": 30,
        "mutation probability": 0.0033333333333333335,
        "crossover probability": 0.9
    },
    "Fitness": 380721,
    "Solution": [
        223,
        134,
        250,
        273,
        129,
        259,
        62,
        268,
        206,
        217,
        79,
        241,
        29,
        116,
        216,
        146,
        88,
        298,
        211,
        190,
        90,
        228,
        89,
        287,
        227,
        115,
        0,
        154,
        21,
        213,
        119,
        235,
        238,
        61,
        290,
        249,
        6,
        9,
        105,
        246,
        97,
        147,
        156,
        278,
        285,
        269,
        57,
        224,
        279,
        13,
        163,
        18,
        50,
        267,
        284,
        22,
        86,
        48,
        270,
        20,
        293,
        106,
        204,
        93,
        210,
        207,
        96,
        221,
        183,
        172,
        292,
        136,
        14,
        32,
        230,
        121,
        80,
        280,
        288,
        39,
        212,
        189,
        198,
        73,
        153,
        218,
        37,
        104,
        63,
        107,
        219,
        15,
        243,
        214,
        168,
        271,
        258,
        52,
        85,
        84,
        143,
        139,
        255,
        236,
        296,
        205,
        64,
        142,
        157,
        286,
        5,
        82,
        99,
        122,
        141,
        51,
        155,
        123,
        120,
        150,
        166,
        130,
        281,
        70,
        127,
        11,
        7,
        161,
        140,
        225,
        34,
        257,
        283,
        87,
        100,
        138,
        256,
        265,
        8,
        264,
        44,
        169,
        118,
        201,
        94,
        263,
        78,
        239,
        30,
        69,
        179,
        199,
        208,
        192,
        165,
        254,
        65,
        209,
        240,
        266,
        68,
        237,
        252,
        178,
        23,
        67,
        40,
        125,
        188,
        289,
        128,
        277,
        46,
        4,
        58,
        185,
        132,
        274,
        19,
        158,
        81,
        251,
        2,
        174,
        75,
        111,
        26,
        180,
        187,
        244,
        145,
        151,
        72,
        102,
        229,
        144,
        262,
        124,
        195,
        160,
        149,
        12,
        10,
        54,
        133,
        3,
        173,
        66,
        24,
        294,
        222,
        261,
        101,
        247,
        231,
        152,
        167,
        181,
        233,
        1,
        184,
        31,
        117,
        272,
        260,
        60,
        36,
        193,
        175,
        215,
        95,
        42,
        55,
        162,
        203,
        137,
        16,
        59,
        295,
        242,
        299,
        76,
        196,
        276,
        164,
        91,
        49,
        28,
        170,
        43,
        297,
        33,
        110,
        114,
        245,
        35,
        45,
        202,
        109,
        74,
        126,
        186,
        71,
        17,
        56,
        275,
        112,
        83,
        226,
        103,
        200,
        220,
        41,
        171,
        47,
        159,
        135,
        197,
        27,
        177,
        77,
        176,
        98,
        191,
        232,
        113,
        148,
        234,
        131,
        92,
        194,
        38,
        108,
        291,
        248,
        253,
        53,
        182,
        25,
        282
    ],
    "Nb of functions evaluations": 50010,
    "Computational time in seconds": 143.10248517990112,
    "Stopping criterion in evaluations": 50000
}