6° run output:
{
    "Function": "euclidB500.tsp",
    "Problem dimension": [
        391,
        334,
        28,
        7,
        170,
        402,
        71,
        144,
        288,
        259,
        182,
        269,
        274,
        396,
        34,
        457,
        317,
        215,
        230,
        159,
        340,
        399,
        487,
        62,
        238,
        72,
        214,
        358,
        400,
        327,
        283,
        466,
        370,
        150,
        197,
        338,
        160,
        381,
        440,
        24,
        289,
        202,
        271,
        418,
        145,
        135,
        175,
        162,
        322,
        383,
        455,
        121,
        435,
        226,
        233,
        448,
        333,
        304,
        205,
        189,
        245,
        181,
        267,
        290,
        115,
        165,
        152,
        286,
        446,
        99,
        467,
        70,
        200,
        328,
        424,
        30,
        18,
        474,
        103,
        273,
        174,
        453,
        40,
        75,
        437,
        240,
        193,
        21,
        11,
        497,
        449,
        329,
        17,
        8,
        386,
        476,
        218,
        404,
        113,
        389,
        419,
        146,
        137,
        305,
        285,
        120,
        209,
        204,
        128,
        373,
        95,
        61,
        37,
        319,
        156,
        104,
        101,
        393,
        110,
        315,
        394,
        96,
        295,
        473,
        169,
        180,
        207,
        92,
        491,
        484,
        147,
        442,
        459,
        349,
        316,
        14,
        362,
        86,
        12,
        39,
        422,
        378,
        186,
        275,
        323,
        326,
        311,
        67,
        443,
        342,
        294,
        257,
        56,
        105,
        352,
        277,
        161,
        48,
        212,
        191,
        425,
        279,
        450,
        287,
        185,
        343,
        55,
        263,
        241,
        79,
        423,
        408,
        369,
        118,
        69,
        243,
        469,
        116,
        53,
        41,
        266,
        256,
        314,
        57,
        179,
        84,
        168,
        252,
        463,
        166,
        345,
        379,
        355,
        260,
        434,
        141,
        22,
        210,
        211,
        488,
        123,
        234,
        299,
        420,
        163,
        122,
        139,
        235,
        132,
        171,
        462,
        194,
        335,
        318,
        483,
        416,
        301,
        228,
        60,
        25,
        112,
        454,
        300,
        405,
        78,
        68,
        151,
        119,
        499,
        221,
        297,
        51,
        464,
        412,
        313,
        414,
        155,
        124,
        417,
        339,
        58,
        409,
        129,
        374,
        85,
        337,
        100,
        225,
        54,
        201,
        429,
        351,
        388,
        90,
        382,
        293,
        336,
        133,
        485,
        401,
        426,
        312,
        368,
        10,
        489,
        348,
        23,
        164,
        47,
        178,
        236,
        306,
        91,
        387,
        478,
        413,
        217,
        470,
        203,
        29,
        376,
        66,
        247,
        427,
        380,
        398,
        117,
        89,
        131,
        130,
        239,
        428,
        114,
        353,
        242,
        325,
        298,
        43,
        127,
        438,
        354,
        52,
        421,
        49,
        480,
        42,
        148,
        46,
        350,
        341,
        458,
        94,
        385,
        2,
        140,
        142,
        360,
        158,
        64,
        371,
        433,
        276,
        98,
        320,
        332,
        359,
        31,
        82,
        32,
        431,
        292,
        26,
        403,
        81,
        227,
        74,
        167,
        390,
        441,
        220,
        108,
        176,
        157,
        254,
        361,
        65,
        262,
        13,
        199,
        284,
        232,
        213,
        126,
        36,
        172,
        471,
        73,
        63,
        270,
        495,
        80,
        303,
        5,
        475,
        367,
        97,
        356,
        281,
        451,
        411,
        264,
        392,
        447,
        93,
        253,
        255,
        366,
        222,
        138,
        258,
        237,
        481,
        479,
        16,
        324,
        0,
        310,
        363,
        198,
        445,
        331,
        143,
        136,
        309,
        250,
        1,
        357,
        183,
        111,
        291,
        196,
        223,
        461,
        15,
        490,
        347,
        436,
        395,
        261,
        365,
        19,
        372,
        477,
        280,
        192,
        3,
        6,
        216,
        4,
        33,
        493,
        35,
        27,
        88,
        173,
        364,
        406,
        415,
        224,
        397,
        249,
        452,
        296,
        83,
        460,
        496,
        375,
        154,
        208,
        321,
        106,
        231,
        456,
        50,
        134,
        307,
        59,
        20,
        486,
        282,
        468,
        492,
        278,
        76,
        444,
        206,
        107,
        45,
        330,
        187,
        272,
        102,
        251,
        38,
        109,
        246,
        248,
        219,
        190,
        188,
        494,
        244,
        498,
        432,
        195,
        268,
        384,
        153,
        346,
        184,
        265,
        410,
        229,
        430,
        9,
        149,
        344,
        77,
        87,
        302,
        407,
        472,
        177,
        308,
        465,
        377,
        125,
        482,
        44,
        439
    ],
    "Global Optimum": 0,
    "Algorithm": "Genetic algorithm",
    "Parameters": {
        "population": 30,
        "offspring": 30,
        "mutation probability": 0.002,
        "crossover probability": 0.9
    },
    "Fitness": 661279,
    "Solution": [
        391,
        334,
        28,
        7,
        170,
        402,
        71,
        144,
        288,
        259,
        182,
        269,
        274,
        396,
        34,
        457,
        317,
        215,
        230,
        159,
        340,
        399,
        487,
        62,
        238,
        72,
        214,
        358,
        400,
        327,
        283,
        466,
        370,
        150,
        197,
        338,
        160,
        381,
        440,
        24,
        289,
        202,
        271,
        418,
        145,
        135,
        175,
        162,
        322,
        383,
        455,
        121,
        435,
        226,
        233,
        448,
        333,
        304,
        205,
        189,
        245,
        181,
        267,
        290,
        115,
        165,
        152,
        286,
        446,
        99,
        467,
        70,
        200,
        328,
        424,
        30,
        18,
        474,
        103,
        273,
        174,
        453,
        40,
        75,
        437,
        240,
        193,
        21,
        11,
        497,
        449,
        329,
        17,
        8,
        386,
        476,
        218,
        404,
        113,
        389,
        419,
        146,
        137,
        305,
        285,
        120,
        209,
        204,
        128,
        373,
        95,
        61,
        37,
        319,
        156,
        104,
        101,
        393,
        110,
        315,
        394,
        96,
        295,
        473,
        169,
        180,
        207,
        92,
        491,
        484,
        147,
        442,
        459,
        349,
        316,
        14,
        362,
        86,
        12,
        39,
        422,
        378,
        186,
        275,
        323,
        326,
        311,
        67,
        443,
        342,
        294,
        257,
        56,
        105,
        352,
        277,
        161,
        48,
        212,
        191,
        425,
        279,
        450,
        287,
        185,
        343,
        55,
        263,
        241,
        79,
        423,
        408,
        369,
        118,
        69,
        243,
        469,
        116,
        53,
        41,
        266,
        256,
        314,
        57,
        179,
        84,
        168,
        252,
        463,
        166,
        345,
        379,
        355,
        260,
        434,
        141,
        22,
        210,
        211,
        488,
        123,
        234,
        299,
        420,
        163,
        122,
        139,
        235,
        132,
        171,
        462,
        194,
        335,
        318,
        483,
        416,
        301,
        228,
        60,
        25,
        112,
        454,
        300,
        405,
        78,
        68,
        151,
        119,
        499,
        221,
        297,
        51,
        464,
        412,
        313,
        414,
        155,
        124,
        417,
        339,
        58,
        409,
        129,
        374,
        85,
        337,
        100,
        225,
        54,
        201,
        429,
        351,
        388,
        90,
        382,
        293,
        336,
        133,
        485,
        401,
        426,
        312,
        368,
        10,
        489,
        348,
        23,
        164,
        47,
        178,
        236,
        306,
        91,
        387,
        478,
        413,
        217,
        470,
        203,
        29,
        376,
        66,
        247,
        427,
        380,
        398,
        117,
        89,
        131,
        130,
        239,
        428,
        114,
        353,
        242,
        325,
        298,
        43,
        127,
        438,
        354,
        52,
        421,
        49,
        480,
        42,
        148,
        46,
        350,
        341,
        458,
        94,
        385,
        2,
        140,
        142,
        360,
        158,
        64,
        371,
        433,
        276,
        98,
        320,
        332,
        359,
        31,
        82,
        32,
        431,
        292,
        26,
        403,
        81,
        227,
        74,
        167,
        390,
        441,
        220,
        108,
        176,
        157,
        254,
        361,
        65,
        262,
        13,
        199,
        284,
        232,
        213,
        126,
        36,
        172,
        471,
        73,
        63,
        270,
        495,
        80,
        303,
        5,
        475,
        367,
        97,
        356,
        281,
        451,
        411,
        264,
        392,
        447,
        93,
        253,
        255,
        366,
        222,
        138,
        258,
        237,
        481,
        479,
        16,
        324,
        0,
        310,
        363,
        198,
        445,
        331,
        143,
        136,
        309,
        250,
        1,
        357,
        183,
        111,
        291,
        196,
        223,
        461,
        15,
        490,
        347,
        436,
        395,
        261,
        365,
        19,
        372,
        477,
        280,
        192,
        3,
        6,
        216,
        4,
        33,
        493,
        35,
        27,
        88,
        173,
        364,
        406,
        415,
        224,
        397,
        249,
        452,
        296,
        83,
        460,
        496,
        375,
        154,
        208,
        321,
        106,
        231,
        456,
        50,
        134,
        307,
        59,
        20,
        486,
        282,
        468,
        492,
        278,
        76,
        444,
        206,
        107,
        45,
        330,
        187,
        272,
        102,
        251,
        38,
        109,
        246,
        248,
        219,
        190,
        188,
        494,
        244,
        498,
        432,
        195,
        268,
        384,
        153,
        346,
        184,
        265,
        410,
        229,
        430,
        9,
        149,
        344,
        77,
        87,
        302,
        407,
        472,
        177,
        308,
        465,
        377,
        125,
        482,
        44,
        439
    ],
    "Nb of functions evaluations": 50010,
    "Computational time in seconds": 364.43785762786865,
    "Stopping criterion in evaluations": 50000
}