4° run output:
{
    "Function": "kroA400.tsp",
    "Problem dimension": [
        356,
        103,
        80,
        179,
        298,
        290,
        175,
        70,
        133,
        256,
        173,
        234,
        344,
        92,
        118,
        36,
        301,
        294,
        338,
        56,
        282,
        135,
        124,
        215,
        2,
        209,
        369,
        90,
        193,
        205,
        98,
        65,
        51,
        242,
        9,
        202,
        279,
        261,
        40,
        232,
        337,
        197,
        399,
        192,
        327,
        169,
        86,
        273,
        141,
        128,
        34,
        122,
        180,
        388,
        277,
        328,
        296,
        203,
        196,
        44,
        263,
        375,
        73,
        225,
        100,
        165,
        10,
        396,
        91,
        213,
        365,
        255,
        278,
        1,
        381,
        364,
        318,
        153,
        266,
        59,
        322,
        32,
        353,
        212,
        164,
        237,
        101,
        69,
        226,
        358,
        191,
        332,
        262,
        31,
        15,
        187,
        24,
        326,
        281,
        354,
        127,
        395,
        357,
        29,
        352,
        107,
        130,
        371,
        221,
        93,
        265,
        211,
        214,
        334,
        45,
        52,
        109,
        110,
        114,
        245,
        379,
        152,
        60,
        84,
        309,
        397,
        264,
        392,
        150,
        268,
        188,
        398,
        176,
        119,
        74,
        345,
        229,
        172,
        5,
        62,
        258,
        171,
        6,
        81,
        184,
        307,
        348,
        391,
        23,
        355,
        325,
        275,
        351,
        271,
        181,
        16,
        154,
        54,
        320,
        116,
        137,
        378,
        247,
        185,
        108,
        3,
        312,
        246,
        105,
        323,
        111,
        126,
        21,
        46,
        63,
        302,
        0,
        389,
        104,
        129,
        190,
        393,
        14,
        267,
        163,
        72,
        230,
        8,
        25,
        178,
        340,
        148,
        324,
        380,
        385,
        386,
        303,
        20,
        330,
        383,
        308,
        243,
        83,
        123,
        189,
        306,
        244,
        102,
        55,
        94,
        222,
        293,
        228,
        145,
        76,
        363,
        313,
        88,
        346,
        161,
        186,
        314,
        333,
        335,
        373,
        146,
        64,
        96,
        359,
        319,
        315,
        183,
        115,
        17,
        144,
        331,
        289,
        291,
        269,
        79,
        75,
        112,
        238,
        349,
        151,
        149,
        142,
        78,
        248,
        48,
        99,
        208,
        253,
        71,
        61,
        368,
        77,
        220,
        11,
        317,
        157,
        38,
        97,
        350,
        254,
        297,
        250,
        316,
        13,
        329,
        35,
        361,
        200,
        387,
        47,
        117,
        367,
        66,
        377,
        18,
        125,
        341,
        287,
        50,
        143,
        85,
        194,
        168,
        67,
        210,
        223,
        288,
        49,
        82,
        160,
        139,
        219,
        22,
        272,
        39,
        134,
        53,
        235,
        136,
        216,
        283,
        384,
        251,
        285,
        224,
        376,
        27,
        155,
        218,
        217,
        87,
        304,
        140,
        89,
        7,
        299,
        233,
        113,
        374,
        394,
        57,
        195,
        276,
        37,
        177,
        42,
        257,
        372,
        342,
        138,
        336,
        41,
        19,
        231,
        159,
        274,
        158,
        4,
        370,
        300,
        43,
        292,
        227,
        147,
        240,
        311,
        167,
        201,
        132,
        206,
        252,
        121,
        284,
        295,
        120,
        182,
        33,
        106,
        30,
        131,
        305,
        28,
        286,
        198,
        347,
        207,
        241,
        280,
        68,
        270,
        321,
        166,
        310,
        58,
        204,
        260,
        382,
        259,
        95,
        390,
        199,
        170,
        362,
        156,
        12,
        360,
        366,
        236,
        343,
        249,
        339,
        174,
        162,
        26,
        239
    ],
    "Global Optimum": 0,
    "Algorithm": "Genetic algorithm",
    "Parameters": {
        "population": 30,
        "offspring": 30,
        "mutation probability": 0.0025,
        "crossover probability": 0.9
    },
    "Fitness": 369525,
    "Solution": [
        356,
        103,
        80,
        179,
        298,
        290,
        175,
        70,
        133,
        256,
        173,
        234,
        344,
        92,
        118,
        36,
        301,
        294,
        338,
        56,
        282,
        135,
        124,
        215,
        2,
        209,
        369,
        90,
        193,
        205,
        98,
        65,
        51,
        242,
        9,
        202,
        279,
        261,
        40,
        232,
        337,
        197,
        399,
        192,
        327,
        169,
        86,
        273,
        141,
        128,
        34,
        122,
        180,
        388,
        277,
        328,
        296,
        203,
        196,
        44,
        263,
        375,
        73,
        225,
        100,
        165,
        10,
        396,
        91,
        213,
        365,
        255,
        278,
        1,
        381,
        364,
        318,
        153,
        266,
        59,
        322,
        32,
        353,
        212,
        164,
        237,
        101,
        69,
        226,
        358,
        191,
        332,
        262,
        31,
        15,
        187,
        24,
        326,
        281,
        354,
        127,
        395,
        357,
        29,
        352,
        107,
        130,
        371,
        221,
        93,
        265,
        211,
        214,
        334,
        45,
        52,
        109,
        110,
        114,
        245,
        379,
        152,
        60,
        84,
        309,
        397,
        264,
        392,
        150,
        268,
        188,
        398,
        176,
        119,
        74,
        345,
        229,
        172,
        5,
        62,
        258,
        171,
        6,
        81,
        184,
        307,
        348,
        391,
        23,
        355,
        325,
        275,
        351,
        271,
        181,
        16,
        154,
        54,
        320,
        116,
        137,
        378,
        247,
        185,
        108,
        3,
        312,
        246,
        105,
        323,
        111,
        126,
        21,
        46,
        63,
        302,
        0,
        389,
        104,
        129,
        190,
        393,
        14,
        267,
        163,
        72,
        230,
        8,
        25,
        178,
        340,
        148,
        324,
        380,
        385,
        386,
        303,
        20,
        330,
        383,
        308,
        243,
        83,
        123,
        189,
        306,
        244,
        102,
        55,
        94,
        222,
        293,
        228,
        145,
        76,
        363,
        313,
        88,
        346,
        161,
        186,
        314,
        333,
        335,
        373,
        146,
        64,
        96,
        359,
        319,
        315,
        183,
        115,
        17,
        144,
        331,
        289,
        291,
        269,
        79,
        75,
        112,
        238,
        349,
        151,
        149,
        142,
        78,
        248,
        48,
        99,
        208,
        253,
        71,
        61,
        368,
        77,
        220,
        11,
        317,
        157,
        38,
        97,
        350,
        254,
        297,
        250,
        316,
        13,
        329,
        35,
        361,
        200,
        387,
        47,
        117,
        367,
        66,
        377,
        18,
        125,
        341,
        287,
        50,
        143,
        85,
        194,
        168,
        67,
        210,
        223,
        288,
        49,
        82,
        160,
        139,
        219,
        22,
        272,
        39,
        134,
        53,
        235,
        136,
        216,
        283,
        384,
        251,
        285,
        224,
        376,
        27,
        155,
        218,
        217,
        87,
        304,
        140,
        89,
        7,
        299,
        233,
        113,
        374,
        394,
        57,
        195,
        276,
        37,
        177,
        42,
        257,
        372,
        342,
        138,
        336,
        41,
        19,
        231,
        159,
        274,
        158,
        4,
        370,
        300,
        43,
        292,
        227,
        147,
        240,
        311,
        167,
        201,
        132,
        206,
        252,
        121,
        284,
        295,
        120,
        182,
        33,
        106,
        30,
        131,
        305,
        28,
        286,
        198,
        347,
        207,
        241,
        280,
        68,
        270,
        321,
        166,
        310,
        58,
        204,
        260,
        382,
        259,
        95,
        390,
        199,
        170,
        362,
        156,
        12,
        360,
        366,
        236,
        343,
        249,
        339,
        174,
        162,
        26,
        239
    ],
    "Nb of functions evaluations": 400020,
    "Computational time in seconds": 1151.7176716327667,
    "Stopping criterion in evaluations": 400000
}