20° run output:
{
    "Function": "euclidA100.tsp",
    "Problem dimension": [
        74,
        88,
        63,
        29,
        1,
        72,
        53,
        46,
        30,
        79,
        27,
        7,
        22,
        25,
        35,
        52,
        36,
        73,
        62,
        71,
        23,
        96,
        54,
        99,
        76,
        57,
        98,
        17,
        49,
        81,
        51,
        21,
        37,
        11,
        26,
        47,
        24,
        87,
        82,
        78,
        69,
        91,
        55,
        67,
        4,
        75,
        0,
        65,
        64,
        60,
        68,
        8,
        32,
        19,
        40,
        28,
        43,
        20,
        5,
        2,
        84,
        85,
        45,
        48,
        92,
        83,
        77,
        13,
        42,
        10,
        94,
        15,
        61,
        3,
        39,
        58,
        31,
        6,
        41,
        95,
        56,
        50,
        44,
        66,
        9,
        18,
        12,
        93,
        80,
        97,
        33,
        89,
        70,
        38,
        90,
        14,
        34,
        59,
        16,
        86
    ],
    "Global Optimum": 0,
    "Algorithm": "Genetic algorithm",
    "Parameters": {
        "population": 30,
        "offspring": 30,
        "mutation probability": 0.01,
        "crossover probability": 0.9
    },
    "Fitness": 66294,
    "Solution": [
        74,
        88,
        63,
        29,
        1,
        72,
        53,
        46,
        30,
        79,
        27,
        7,
        22,
        25,
        35,
        52,
        36,
        73,
        62,
        71,
        23,
        96,
        54,
        99,
        76,
        57,
        98,
        17,
        49,
        81,
        51,
        21,
        37,
        11,
        26,
        47,
        24,
        87,
        82,
        78,
        69,
        91,
        55,
        67,
        4,
        75,
        0,
        65,
        64,
        60,
        68,
        8,
        32,
        19,
        40,
        28,
        43,
        20,
        5,
        2,
        84,
        85,
        45,
        48,
        92,
        83,
        77,
        13,
        42,
        10,
        94,
        15,
        61,
        3,
        39,
        58,
        31,
        6,
        41,
        95,
        56,
        50,
        44,
        66,
        9,
        18,
        12,
        93,
        80,
        97,
        33,
        89,
        70,
        38,
        90,
        14,
        34,
        59,
        16,
        86
    ],
    "Nb of functions evaluations": 200010,
    "Computational time in seconds": 63.569793701171875,
    "Stopping criterion in evaluations": 200000
}