12° run output:
{
    "Function": "euclidA100.tsp",
    "Problem dimension": [
        85,
        26,
        48,
        5,
        73,
        89,
        98,
        99,
        54,
        6,
        92,
        44,
        50,
        70,
        23,
        1,
        2,
        61,
        38,
        15,
        71,
        57,
        41,
        16,
        55,
        67,
        79,
        96,
        7,
        31,
        29,
        88,
        18,
        9,
        36,
        52,
        97,
        33,
        22,
        39,
        10,
        72,
        24,
        87,
        53,
        47,
        64,
        3,
        95,
        35,
        59,
        80,
        93,
        4,
        76,
        83,
        78,
        69,
        65,
        77,
        45,
        11,
        14,
        17,
        74,
        12,
        40,
        28,
        68,
        90,
        20,
        43,
        62,
        56,
        66,
        37,
        0,
        75,
        58,
        25,
        27,
        30,
        46,
        82,
        21,
        81,
        51,
        49,
        86,
        63,
        91,
        34,
        8,
        32,
        19,
        94,
        42,
        84,
        13,
        60
    ],
    "Global Optimum": 0,
    "Algorithm": "Genetic algorithm",
    "Parameters": {
        "population": 30,
        "offspring": 30,
        "mutation probability": 0.01,
        "crossover probability": 0.9
    },
    "Fitness": 64003,
    "Solution": [
        85,
        26,
        48,
        5,
        73,
        89,
        98,
        99,
        54,
        6,
        92,
        44,
        50,
        70,
        23,
        1,
        2,
        61,
        38,
        15,
        71,
        57,
        41,
        16,
        55,
        67,
        79,
        96,
        7,
        31,
        29,
        88,
        18,
        9,
        36,
        52,
        97,
        33,
        22,
        39,
        10,
        72,
        24,
        87,
        53,
        47,
        64,
        3,
        95,
        35,
        59,
        80,
        93,
        4,
        76,
        83,
        78,
        69,
        65,
        77,
        45,
        11,
        14,
        17,
        74,
        12,
        40,
        28,
        68,
        90,
        20,
        43,
        62,
        56,
        66,
        37,
        0,
        75,
        58,
        25,
        27,
        30,
        46,
        82,
        21,
        81,
        51,
        49,
        86,
        63,
        91,
        34,
        8,
        32,
        19,
        94,
        42,
        84,
        13,
        60
    ],
    "Nb of functions evaluations": 200010,
    "Computational time in seconds": 64.17739272117615,
    "Stopping criterion in evaluations": 200000
}