8° run output:
{
    "Function": "ClusterB500.tsp",
    "Problem dimension": [
        470,
        272,
        92,
        462,
        233,
        320,
        193,
        99,
        61,
        93,
        434,
        442,
        131,
        455,
        160,
        296,
        463,
        274,
        64,
        104,
        246,
        387,
        304,
        174,
        169,
        432,
        177,
        373,
        333,
        325,
        88,
        308,
        155,
        91,
        367,
        300,
        394,
        137,
        62,
        345,
        108,
        374,
        51,
        0,
        343,
        231,
        438,
        327,
        371,
        128,
        220,
        72,
        310,
        306,
        489,
        53,
        302,
        481,
        453,
        469,
        283,
        430,
        244,
        491,
        123,
        379,
        417,
        301,
        95,
        421,
        26,
        494,
        203,
        225,
        318,
        420,
        497,
        351,
        398,
        323,
        450,
        56,
        426,
        159,
        19,
        154,
        349,
        464,
        352,
        148,
        230,
        219,
        342,
        405,
        368,
        357,
        86,
        479,
        226,
        228,
        179,
        66,
        211,
        70,
        282,
        60,
        278,
        449,
        384,
        317,
        49,
        429,
        253,
        21,
        382,
        344,
        107,
        9,
        124,
        65,
        376,
        475,
        78,
        204,
        141,
        117,
        315,
        1,
        388,
        200,
        309,
        23,
        362,
        380,
        119,
        55,
        483,
        286,
        202,
        76,
        436,
        14,
        419,
        189,
        424,
        82,
        87,
        482,
        180,
        346,
        83,
        164,
        474,
        20,
        100,
        151,
        348,
        183,
        13,
        143,
        191,
        361,
        305,
        133,
        466,
        439,
        10,
        147,
        249,
        178,
        161,
        187,
        217,
        298,
        307,
        248,
        328,
        378,
        440,
        168,
        409,
        223,
        146,
        125,
        222,
        162,
        80,
        12,
        134,
        2,
        29,
        192,
        41,
        121,
        499,
        197,
        416,
        150,
        418,
        457,
        467,
        28,
        427,
        393,
        166,
        324,
        232,
        153,
        136,
        24,
        498,
        229,
        81,
        116,
        34,
        186,
        289,
        185,
        332,
        431,
        458,
        254,
        472,
        251,
        106,
        6,
        176,
        3,
        321,
        157,
        52,
        35,
        281,
        354,
        54,
        488,
        473,
        433,
        465,
        395,
        250,
        285,
        316,
        237,
        140,
        401,
        89,
        261,
        31,
        347,
        129,
        485,
        476,
        44,
        484,
        425,
        452,
        32,
        79,
        46,
        496,
        276,
        359,
        339,
        165,
        167,
        175,
        7,
        30,
        69,
        329,
        334,
        118,
        280,
        437,
        295,
        67,
        90,
        422,
        404,
        98,
        312,
        109,
        383,
        215,
        410,
        171,
        447,
        138,
        213,
        335,
        389,
        103,
        58,
        495,
        377,
        293,
        198,
        71,
        184,
        105,
        443,
        314,
        48,
        319,
        45,
        212,
        206,
        264,
        77,
        386,
        408,
        279,
        234,
        142,
        15,
        101,
        236,
        403,
        112,
        487,
        127,
        414,
        57,
        75,
        451,
        18,
        353,
        156,
        126,
        311,
        287,
        369,
        195,
        235,
        205,
        456,
        381,
        113,
        391,
        5,
        258,
        459,
        145,
        356,
        16,
        37,
        392,
        412,
        38,
        268,
        277,
        224,
        115,
        360,
        428,
        284,
        326,
        144,
        257,
        97,
        363,
        85,
        173,
        210,
        172,
        338,
        196,
        445,
        446,
        218,
        441,
        120,
        227,
        50,
        366,
        149,
        490,
        375,
        194,
        17,
        275,
        406,
        4,
        341,
        84,
        299,
        263,
        493,
        337,
        492,
        59,
        330,
        269,
        400,
        486,
        260,
        460,
        33,
        241,
        63,
        122,
        42,
        8,
        209,
        454,
        262,
        135,
        247,
        102,
        73,
        43,
        303,
        239,
        461,
        207,
        413,
        423,
        39,
        152,
        163,
        170,
        242,
        139,
        114,
        158,
        267,
        444,
        480,
        68,
        471,
        402,
        415,
        385,
        240,
        313,
        255,
        27,
        214,
        36,
        292,
        216,
        221,
        110,
        358,
        182,
        297,
        245,
        270,
        355,
        290,
        11,
        336,
        468,
        266,
        273,
        74,
        130,
        288,
        448,
        94,
        25,
        435,
        364,
        181,
        390,
        291,
        399,
        201,
        22,
        47,
        396,
        199,
        243,
        340,
        294,
        322,
        407,
        132,
        259,
        40,
        208,
        331,
        365,
        265,
        252,
        370,
        238,
        478,
        256,
        188,
        350,
        111,
        190,
        271,
        96,
        397,
        372,
        411,
        477
    ],
    "Global Optimum": 0,
    "Algorithm": "Genetic algorithm",
    "Parameters": {
        "population": 30,
        "offspring": 30,
        "mutation probability": 0.002,
        "crossover probability": 0.9
    },
    "Fitness": 535828,
    "Solution": [
        470,
        272,
        92,
        462,
        233,
        320,
        193,
        99,
        61,
        93,
        434,
        442,
        131,
        455,
        160,
        296,
        463,
        274,
        64,
        104,
        246,
        387,
        304,
        174,
        169,
        432,
        177,
        373,
        333,
        325,
        88,
        308,
        155,
        91,
        367,
        300,
        394,
        137,
        62,
        345,
        108,
        374,
        51,
        0,
        343,
        231,
        438,
        327,
        371,
        128,
        220,
        72,
        310,
        306,
        489,
        53,
        302,
        481,
        453,
        469,
        283,
        430,
        244,
        491,
        123,
        379,
        417,
        301,
        95,
        421,
        26,
        494,
        203,
        225,
        318,
        420,
        497,
        351,
        398,
        323,
        450,
        56,
        426,
        159,
        19,
        154,
        349,
        464,
        352,
        148,
        230,
        219,
        342,
        405,
        368,
        357,
        86,
        479,
        226,
        228,
        179,
        66,
        211,
        70,
        282,
        60,
        278,
        449,
        384,
        317,
        49,
        429,
        253,
        21,
        382,
        344,
        107,
        9,
        124,
        65,
        376,
        475,
        78,
        204,
        141,
        117,
        315,
        1,
        388,
        200,
        309,
        23,
        362,
        380,
        119,
        55,
        483,
        286,
        202,
        76,
        436,
        14,
        419,
        189,
        424,
        82,
        87,
        482,
        180,
        346,
        83,
        164,
        474,
        20,
        100,
        151,
        348,
        183,
        13,
        143,
        191,
        361,
        305,
        133,
        466,
        439,
        10,
        147,
        249,
        178,
        161,
        187,
        217,
        298,
        307,
        248,
        328,
        378,
        440,
        168,
        409,
        223,
        146,
        125,
        222,
        162,
        80,
        12,
        134,
        2,
        29,
        192,
        41,
        121,
        499,
        197,
        416,
        150,
        418,
        457,
        467,
        28,
        427,
        393,
        166,
        324,
        232,
        153,
        136,
        24,
        498,
        229,
        81,
        116,
        34,
        186,
        289,
        185,
        332,
        431,
        458,
        254,
        472,
        251,
        106,
        6,
        176,
        3,
        321,
        157,
        52,
        35,
        281,
        354,
        54,
        488,
        473,
        433,
        465,
        395,
        250,
        285,
        316,
        237,
        140,
        401,
        89,
        261,
        31,
        347,
        129,
        485,
        476,
        44,
        484,
        425,
        452,
        32,
        79,
        46,
        496,
        276,
        359,
        339,
        165,
        167,
        175,
        7,
        30,
        69,
        329,
        334,
        118,
        280,
        437,
        295,
        67,
        90,
        422,
        404,
        98,
        312,
        109,
        383,
        215,
        410,
        171,
        447,
        138,
        213,
        335,
        389,
        103,
        58,
        495,
        377,
        293,
        198,
        71,
        184,
        105,
        443,
        314,
        48,
        319,
        45,
        212,
        206,
        264,
        77,
        386,
        408,
        279,
        234,
        142,
        15,
        101,
        236,
        403,
        112,
        487,
        127,
        414,
        57,
        75,
        451,
        18,
        353,
        156,
        126,
        311,
        287,
        369,
        195,
        235,
        205,
        456,
        381,
        113,
        391,
        5,
        258,
        459,
        145,
        356,
        16,
        37,
        392,
        412,
        38,
        268,
        277,
        224,
        115,
        360,
        428,
        284,
        326,
        144,
        257,
        97,
        363,
        85,
        173,
        210,
        172,
        338,
        196,
        445,
        446,
        218,
        441,
        120,
        227,
        50,
        366,
        149,
        490,
        375,
        194,
        17,
        275,
        406,
        4,
        341,
        84,
        299,
        263,
        493,
        337,
        492,
        59,
        330,
        269,
        400,
        486,
        260,
        460,
        33,
        241,
        63,
        122,
        42,
        8,
        209,
        454,
        262,
        135,
        247,
        102,
        73,
        43,
        303,
        239,
        461,
        207,
        413,
        423,
        39,
        152,
        163,
        170,
        242,
        139,
        114,
        158,
        267,
        444,
        480,
        68,
        471,
        402,
        415,
        385,
        240,
        313,
        255,
        27,
        214,
        36,
        292,
        216,
        221,
        110,
        358,
        182,
        297,
        245,
        270,
        355,
        290,
        11,
        336,
        468,
        266,
        273,
        74,
        130,
        288,
        448,
        94,
        25,
        435,
        364,
        181,
        390,
        291,
        399,
        201,
        22,
        47,
        396,
        199,
        243,
        340,
        294,
        322,
        407,
        132,
        259,
        40,
        208,
        331,
        365,
        265,
        252,
        370,
        238,
        478,
        256,
        188,
        350,
        111,
        190,
        271,
        96,
        397,
        372,
        411,
        477
    ],
    "Nb of functions evaluations": 400020,
    "Computational time in seconds": 1773.6132791042328,
    "Stopping criterion in evaluations": 400000
}