2° run output:
{
    "Function": "ClusterB500.tsp",
    "Problem dimension": [
        210,
        486,
        183,
        445,
        133,
        288,
        401,
        128,
        478,
        80,
        181,
        357,
        409,
        493,
        436,
        192,
        177,
        122,
        255,
        20,
        152,
        495,
        375,
        44,
        340,
        354,
        360,
        437,
        391,
        351,
        120,
        301,
        410,
        238,
        412,
        250,
        430,
        343,
        66,
        274,
        0,
        489,
        143,
        490,
        480,
        453,
        474,
        231,
        385,
        323,
        488,
        277,
        407,
        397,
        293,
        322,
        491,
        225,
        174,
        214,
        234,
        52,
        241,
        309,
        457,
        494,
        63,
        36,
        449,
        24,
        148,
        246,
        9,
        26,
        378,
        352,
        429,
        312,
        386,
        439,
        142,
        123,
        483,
        311,
        497,
        121,
        270,
        388,
        272,
        393,
        498,
        38,
        435,
        153,
        184,
        146,
        247,
        499,
        376,
        96,
        363,
        191,
        48,
        245,
        364,
        299,
        416,
        295,
        217,
        22,
        114,
        107,
        158,
        178,
        138,
        469,
        222,
        282,
        444,
        65,
        471,
        462,
        145,
        89,
        366,
        365,
        154,
        127,
        18,
        296,
        161,
        111,
        297,
        443,
        454,
        396,
        186,
        87,
        334,
        221,
        432,
        189,
        117,
        315,
        477,
        473,
        400,
        54,
        387,
        372,
        4,
        33,
        11,
        374,
        70,
        440,
        55,
        81,
        423,
        392,
        389,
        369,
        15,
        305,
        173,
        51,
        298,
        380,
        455,
        93,
        187,
        461,
        23,
        307,
        283,
        130,
        84,
        260,
        170,
        466,
        251,
        140,
        53,
        275,
        304,
        333,
        243,
        85,
        180,
        166,
        413,
        28,
        68,
        198,
        71,
        359,
        92,
        45,
        330,
        450,
        97,
        485,
        361,
        370,
        106,
        31,
        268,
        19,
        190,
        459,
        236,
        94,
        196,
        383,
        118,
        442,
        447,
        47,
        13,
        110,
        203,
        384,
        10,
        229,
        160,
        126,
        240,
        100,
        325,
        224,
        395,
        104,
        314,
        355,
        159,
        347,
        329,
        124,
        428,
        156,
        219,
        252,
        263,
        113,
        258,
        458,
        60,
        463,
        98,
        446,
        465,
        403,
        40,
        382,
        79,
        227,
        2,
        422,
        185,
        77,
        433,
        194,
        207,
        25,
        67,
        75,
        338,
        399,
        211,
        256,
        17,
        119,
        164,
        139,
        169,
        417,
        242,
        427,
        35,
        289,
        162,
        57,
        310,
        1,
        339,
        168,
        420,
        348,
        285,
        280,
        290,
        262,
        49,
        91,
        318,
        151,
        342,
        235,
        101,
        61,
        402,
        43,
        257,
        182,
        470,
        82,
        398,
        216,
        193,
        108,
        345,
        155,
        479,
        136,
        475,
        103,
        226,
        414,
        259,
        135,
        278,
        249,
        125,
        373,
        6,
        27,
        37,
        165,
        425,
        327,
        451,
        266,
        7,
        438,
        404,
        102,
        141,
        208,
        218,
        131,
        434,
        464,
        197,
        394,
        411,
        308,
        157,
        64,
        467,
        261,
        149,
        349,
        405,
        163,
        46,
        336,
        88,
        42,
        424,
        321,
        233,
        406,
        271,
        344,
        129,
        337,
        212,
        267,
        254,
        171,
        367,
        286,
        112,
        78,
        239,
        205,
        287,
        179,
        58,
        415,
        353,
        21,
        379,
        328,
        176,
        206,
        408,
        460,
        56,
        90,
        115,
        73,
        281,
        292,
        476,
        59,
        319,
        306,
        350,
        362,
        223,
        232,
        116,
        95,
        484,
        421,
        134,
        213,
        5,
        39,
        377,
        204,
        200,
        172,
        418,
        220,
        228,
        199,
        76,
        356,
        253,
        346,
        264,
        3,
        29,
        86,
        441,
        468,
        368,
        317,
        279,
        269,
        332,
        150,
        209,
        244,
        452,
        482,
        381,
        195,
        230,
        188,
        291,
        358,
        265,
        74,
        456,
        284,
        320,
        302,
        481,
        30,
        137,
        14,
        326,
        496,
        69,
        72,
        237,
        341,
        492,
        12,
        300,
        32,
        371,
        472,
        487,
        316,
        167,
        276,
        132,
        390,
        50,
        303,
        331,
        324,
        419,
        99,
        201,
        105,
        426,
        147,
        313,
        109,
        8,
        273,
        294,
        16,
        83,
        431,
        215,
        41,
        144,
        248,
        175,
        62,
        335,
        34,
        202,
        448
    ],
    "Global Optimum": 0,
    "Algorithm": "Genetic algorithm",
    "Parameters": {
        "population": 30,
        "offspring": 30,
        "mutation probability": 0.002,
        "crossover probability": 0.9
    },
    "Fitness": 559327,
    "Solution": [
        210,
        486,
        183,
        445,
        133,
        288,
        401,
        128,
        478,
        80,
        181,
        357,
        409,
        493,
        436,
        192,
        177,
        122,
        255,
        20,
        152,
        495,
        375,
        44,
        340,
        354,
        360,
        437,
        391,
        351,
        120,
        301,
        410,
        238,
        412,
        250,
        430,
        343,
        66,
        274,
        0,
        489,
        143,
        490,
        480,
        453,
        474,
        231,
        385,
        323,
        488,
        277,
        407,
        397,
        293,
        322,
        491,
        225,
        174,
        214,
        234,
        52,
        241,
        309,
        457,
        494,
        63,
        36,
        449,
        24,
        148,
        246,
        9,
        26,
        378,
        352,
        429,
        312,
        386,
        439,
        142,
        123,
        483,
        311,
        497,
        121,
        270,
        388,
        272,
        393,
        498,
        38,
        435,
        153,
        184,
        146,
        247,
        499,
        376,
        96,
        363,
        191,
        48,
        245,
        364,
        299,
        416,
        295,
        217,
        22,
        114,
        107,
        158,
        178,
        138,
        469,
        222,
        282,
        444,
        65,
        471,
        462,
        145,
        89,
        366,
        365,
        154,
        127,
        18,
        296,
        161,
        111,
        297,
        443,
        454,
        396,
        186,
        87,
        334,
        221,
        432,
        189,
        117,
        315,
        477,
        473,
        400,
        54,
        387,
        372,
        4,
        33,
        11,
        374,
        70,
        440,
        55,
        81,
        423,
        392,
        389,
        369,
        15,
        305,
        173,
        51,
        298,
        380,
        455,
        93,
        187,
        461,
        23,
        307,
        283,
        130,
        84,
        260,
        170,
        466,
        251,
        140,
        53,
        275,
        304,
        333,
        243,
        85,
        180,
        166,
        413,
        28,
        68,
        198,
        71,
        359,
        92,
        45,
        330,
        450,
        97,
        485,
        361,
        370,
        106,
        31,
        268,
        19,
        190,
        459,
        236,
        94,
        196,
        383,
        118,
        442,
        447,
        47,
        13,
        110,
        203,
        384,
        10,
        229,
        160,
        126,
        240,
        100,
        325,
        224,
        395,
        104,
        314,
        355,
        159,
        347,
        329,
        124,
        428,
        156,
        219,
        252,
        263,
        113,
        258,
        458,
        60,
        463,
        98,
        446,
        465,
        403,
        40,
        382,
        79,
        227,
        2,
        422,
        185,
        77,
        433,
        194,
        207,
        25,
        67,
        75,
        338,
        399,
        211,
        256,
        17,
        119,
        164,
        139,
        169,
        417,
        242,
        427,
        35,
        289,
        162,
        57,
        310,
        1,
        339,
        168,
        420,
        348,
        285,
        280,
        290,
        262,
        49,
        91,
        318,
        151,
        342,
        235,
        101,
        61,
        402,
        43,
        257,
        182,
        470,
        82,
        398,
        216,
        193,
        108,
        345,
        155,
        479,
        136,
        475,
        103,
        226,
        414,
        259,
        135,
        278,
        249,
        125,
        373,
        6,
        27,
        37,
        165,
        425,
        327,
        451,
        266,
        7,
        438,
        404,
        102,
        141,
        208,
        218,
        131,
        434,
        464,
        197,
        394,
        411,
        308,
        157,
        64,
        467,
        261,
        149,
        349,
        405,
        163,
        46,
        336,
        88,
        42,
        424,
        321,
        233,
        406,
        271,
        344,
        129,
        337,
        212,
        267,
        254,
        171,
        367,
        286,
        112,
        78,
        239,
        205,
        287,
        179,
        58,
        415,
        353,
        21,
        379,
        328,
        176,
        206,
        408,
        460,
        56,
        90,
        115,
        73,
        281,
        292,
        476,
        59,
        319,
        306,
        350,
        362,
        223,
        232,
        116,
        95,
        484,
        421,
        134,
        213,
        5,
        39,
        377,
        204,
        200,
        172,
        418,
        220,
        228,
        199,
        76,
        356,
        253,
        346,
        264,
        3,
        29,
        86,
        441,
        468,
        368,
        317,
        279,
        269,
        332,
        150,
        209,
        244,
        452,
        482,
        381,
        195,
        230,
        188,
        291,
        358,
        265,
        74,
        456,
        284,
        320,
        302,
        481,
        30,
        137,
        14,
        326,
        496,
        69,
        72,
        237,
        341,
        492,
        12,
        300,
        32,
        371,
        472,
        487,
        316,
        167,
        276,
        132,
        390,
        50,
        303,
        331,
        324,
        419,
        99,
        201,
        105,
        426,
        147,
        313,
        109,
        8,
        273,
        294,
        16,
        83,
        431,
        215,
        41,
        144,
        248,
        175,
        62,
        335,
        34,
        202,
        448
    ],
    "Nb of functions evaluations": 400020,
    "Computational time in seconds": 1780.928059577942,
    "Stopping criterion in evaluations": 400000
}