7° run output:
{
    "Function": "ClusterB500.tsp",
    "Problem dimension": [
        460,
        404,
        481,
        223,
        146,
        198,
        112,
        280,
        244,
        323,
        336,
        310,
        152,
        191,
        227,
        411,
        279,
        423,
        428,
        453,
        60,
        140,
        402,
        54,
        400,
        12,
        476,
        242,
        52,
        221,
        346,
        30,
        289,
        320,
        350,
        160,
        214,
        161,
        497,
        408,
        373,
        354,
        100,
        297,
        430,
        479,
        439,
        294,
        466,
        358,
        268,
        426,
        409,
        94,
        317,
        230,
        232,
        178,
        2,
        269,
        333,
        137,
        170,
        128,
        119,
        449,
        202,
        278,
        239,
        61,
        335,
        457,
        15,
        435,
        369,
        380,
        179,
        341,
        432,
        415,
        249,
        51,
        6,
        295,
        305,
        361,
        258,
        209,
        438,
        301,
        248,
        7,
        487,
        401,
        322,
        298,
        291,
        65,
        71,
        403,
        37,
        254,
        451,
        412,
        345,
        465,
        67,
        448,
        163,
        290,
        441,
        486,
        265,
        303,
        44,
        80,
        387,
        456,
        424,
        165,
        344,
        77,
        407,
        55,
        436,
        134,
        474,
        368,
        390,
        196,
        166,
        48,
        488,
        25,
        372,
        328,
        200,
        103,
        360,
        201,
        245,
        192,
        371,
        159,
        469,
        454,
        312,
        343,
        492,
        478,
        421,
        440,
        261,
        334,
        475,
        471,
        376,
        158,
        364,
        461,
        225,
        413,
        213,
        443,
        406,
        347,
        120,
        302,
        270,
        314,
        43,
        207,
        129,
        283,
        19,
        257,
        189,
        260,
        496,
        378,
        327,
        185,
        27,
        86,
        450,
        63,
        151,
        375,
        382,
        419,
        381,
        36,
        194,
        171,
        420,
        356,
        211,
        62,
        11,
        392,
        26,
        184,
        240,
        40,
        82,
        74,
        299,
        318,
        383,
        273,
        355,
        468,
        264,
        326,
        304,
        39,
        452,
        491,
        136,
        108,
        125,
        370,
        296,
        4,
        417,
        75,
        57,
        84,
        231,
        95,
        348,
        493,
        176,
        35,
        418,
        139,
        444,
        217,
        76,
        282,
        117,
        271,
        277,
        144,
        365,
        143,
        495,
        483,
        33,
        431,
        243,
        97,
        490,
        499,
        366,
        394,
        463,
        216,
        203,
        396,
        141,
        229,
        121,
        90,
        422,
        286,
        49,
        234,
        233,
        219,
        416,
        46,
        70,
        133,
        98,
        212,
        253,
        169,
        154,
        0,
        85,
        379,
        482,
        307,
        206,
        311,
        472,
        433,
        205,
        494,
        138,
        384,
        22,
        397,
        1,
        53,
        309,
        68,
        292,
        208,
        72,
        29,
        73,
        342,
        187,
        389,
        123,
        319,
        110,
        329,
        259,
        21,
        386,
        325,
        222,
        250,
        446,
        131,
        352,
        306,
        181,
        182,
        313,
        167,
        8,
        276,
        47,
        45,
        115,
        332,
        485,
        414,
        281,
        50,
        135,
        3,
        464,
        188,
        256,
        316,
        315,
        338,
        218,
        477,
        237,
        410,
        111,
        20,
        275,
        255,
        331,
        41,
        236,
        175,
        399,
        81,
        91,
        285,
        388,
        470,
        183,
        96,
        210,
        122,
        215,
        162,
        155,
        17,
        272,
        31,
        56,
        437,
        174,
        377,
        83,
        395,
        88,
        293,
        180,
        24,
        246,
        148,
        434,
        362,
        89,
        23,
        173,
        32,
        38,
        330,
        340,
        105,
        114,
        359,
        374,
        156,
        241,
        247,
        93,
        393,
        145,
        107,
        153,
        391,
        66,
        172,
        14,
        484,
        87,
        427,
        228,
        127,
        9,
        102,
        78,
        10,
        13,
        58,
        287,
        226,
        447,
        489,
        220,
        199,
        104,
        197,
        442,
        116,
        363,
        425,
        177,
        42,
        458,
        467,
        193,
        349,
        149,
        106,
        308,
        168,
        339,
        337,
        498,
        445,
        118,
        429,
        150,
        263,
        79,
        405,
        124,
        147,
        351,
        238,
        18,
        274,
        34,
        157,
        357,
        190,
        284,
        353,
        99,
        126,
        204,
        142,
        321,
        385,
        398,
        224,
        164,
        473,
        367,
        324,
        288,
        267,
        16,
        262,
        92,
        480,
        252,
        455,
        195,
        5,
        28,
        113,
        59,
        300,
        462,
        101,
        235,
        251,
        459,
        69,
        130,
        64,
        186,
        132,
        109,
        266
    ],
    "Global Optimum": 0,
    "Algorithm": "Genetic algorithm",
    "Parameters": {
        "population": 30,
        "offspring": 30,
        "mutation probability": 0.002,
        "crossover probability": 0.9
    },
    "Fitness": 551462,
    "Solution": [
        460,
        404,
        481,
        223,
        146,
        198,
        112,
        280,
        244,
        323,
        336,
        310,
        152,
        191,
        227,
        411,
        279,
        423,
        428,
        453,
        60,
        140,
        402,
        54,
        400,
        12,
        476,
        242,
        52,
        221,
        346,
        30,
        289,
        320,
        350,
        160,
        214,
        161,
        497,
        408,
        373,
        354,
        100,
        297,
        430,
        479,
        439,
        294,
        466,
        358,
        268,
        426,
        409,
        94,
        317,
        230,
        232,
        178,
        2,
        269,
        333,
        137,
        170,
        128,
        119,
        449,
        202,
        278,
        239,
        61,
        335,
        457,
        15,
        435,
        369,
        380,
        179,
        341,
        432,
        415,
        249,
        51,
        6,
        295,
        305,
        361,
        258,
        209,
        438,
        301,
        248,
        7,
        487,
        401,
        322,
        298,
        291,
        65,
        71,
        403,
        37,
        254,
        451,
        412,
        345,
        465,
        67,
        448,
        163,
        290,
        441,
        486,
        265,
        303,
        44,
        80,
        387,
        456,
        424,
        165,
        344,
        77,
        407,
        55,
        436,
        134,
        474,
        368,
        390,
        196,
        166,
        48,
        488,
        25,
        372,
        328,
        200,
        103,
        360,
        201,
        245,
        192,
        371,
        159,
        469,
        454,
        312,
        343,
        492,
        478,
        421,
        440,
        261,
        334,
        475,
        471,
        376,
        158,
        364,
        461,
        225,
        413,
        213,
        443,
        406,
        347,
        120,
        302,
        270,
        314,
        43,
        207,
        129,
        283,
        19,
        257,
        189,
        260,
        496,
        378,
        327,
        185,
        27,
        86,
        450,
        63,
        151,
        375,
        382,
        419,
        381,
        36,
        194,
        171,
        420,
        356,
        211,
        62,
        11,
        392,
        26,
        184,
        240,
        40,
        82,
        74,
        299,
        318,
        383,
        273,
        355,
        468,
        264,
        326,
        304,
        39,
        452,
        491,
        136,
        108,
        125,
        370,
        296,
        4,
        417,
        75,
        57,
        84,
        231,
        95,
        348,
        493,
        176,
        35,
        418,
        139,
        444,
        217,
        76,
        282,
        117,
        271,
        277,
        144,
        365,
        143,
        495,
        483,
        33,
        431,
        243,
        97,
        490,
        499,
        366,
        394,
        463,
        216,
        203,
        396,
        141,
        229,
        121,
        90,
        422,
        286,
        49,
        234,
        233,
        219,
        416,
        46,
        70,
        133,
        98,
        212,
        253,
        169,
        154,
        0,
        85,
        379,
        482,
        307,
        206,
        311,
        472,
        433,
        205,
        494,
        138,
        384,
        22,
        397,
        1,
        53,
        309,
        68,
        292,
        208,
        72,
        29,
        73,
        342,
        187,
        389,
        123,
        319,
        110,
        329,
        259,
        21,
        386,
        325,
        222,
        250,
        446,
        131,
        352,
        306,
        181,
        182,
        313,
        167,
        8,
        276,
        47,
        45,
        115,
        332,
        485,
        414,
        281,
        50,
        135,
        3,
        464,
        188,
        256,
        316,
        315,
        338,
        218,
        477,
        237,
        410,
        111,
        20,
        275,
        255,
        331,
        41,
        236,
        175,
        399,
        81,
        91,
        285,
        388,
        470,
        183,
        96,
        210,
        122,
        215,
        162,
        155,
        17,
        272,
        31,
        56,
        437,
        174,
        377,
        83,
        395,
        88,
        293,
        180,
        24,
        246,
        148,
        434,
        362,
        89,
        23,
        173,
        32,
        38,
        330,
        340,
        105,
        114,
        359,
        374,
        156,
        241,
        247,
        93,
        393,
        145,
        107,
        153,
        391,
        66,
        172,
        14,
        484,
        87,
        427,
        228,
        127,
        9,
        102,
        78,
        10,
        13,
        58,
        287,
        226,
        447,
        489,
        220,
        199,
        104,
        197,
        442,
        116,
        363,
        425,
        177,
        42,
        458,
        467,
        193,
        349,
        149,
        106,
        308,
        168,
        339,
        337,
        498,
        445,
        118,
        429,
        150,
        263,
        79,
        405,
        124,
        147,
        351,
        238,
        18,
        274,
        34,
        157,
        357,
        190,
        284,
        353,
        99,
        126,
        204,
        142,
        321,
        385,
        398,
        224,
        164,
        473,
        367,
        324,
        288,
        267,
        16,
        262,
        92,
        480,
        252,
        455,
        195,
        5,
        28,
        113,
        59,
        300,
        462,
        101,
        235,
        251,
        459,
        69,
        130,
        64,
        186,
        132,
        109,
        266
    ],
    "Nb of functions evaluations": 400020,
    "Computational time in seconds": 1776.4554476737976,
    "Stopping criterion in evaluations": 400000
}