7° run output:
{
    "Function": "kroC100.tsp",
    "Problem dimension": [
        88,
        29,
        69,
        75,
        90,
        93,
        74,
        5,
        64,
        56,
        99,
        73,
        79,
        53,
        30,
        61,
        82,
        38,
        27,
        70,
        35,
        91,
        9,
        13,
        76,
        1,
        67,
        34,
        97,
        87,
        42,
        4,
        85,
        94,
        49,
        68,
        32,
        80,
        96,
        10,
        51,
        48,
        17,
        45,
        92,
        39,
        26,
        14,
        78,
        12,
        84,
        28,
        25,
        60,
        31,
        23,
        36,
        62,
        43,
        83,
        47,
        65,
        77,
        6,
        81,
        8,
        50,
        15,
        98,
        18,
        11,
        46,
        7,
        37,
        55,
        71,
        21,
        24,
        41,
        16,
        89,
        57,
        33,
        54,
        44,
        95,
        86,
        72,
        2,
        66,
        19,
        63,
        0,
        52,
        3,
        59,
        22,
        20,
        40,
        58
    ],
    "Global Optimum": 0,
    "Algorithm": "Genetic algorithm",
    "Parameters": {
        "population": 30,
        "offspring": 30,
        "mutation probability": 0.01,
        "crossover probability": 0.9
    },
    "Fitness": 53400,
    "Solution": [
        88,
        29,
        69,
        75,
        90,
        93,
        74,
        5,
        64,
        56,
        99,
        73,
        79,
        53,
        30,
        61,
        82,
        38,
        27,
        70,
        35,
        91,
        9,
        13,
        76,
        1,
        67,
        34,
        97,
        87,
        42,
        4,
        85,
        94,
        49,
        68,
        32,
        80,
        96,
        10,
        51,
        48,
        17,
        45,
        92,
        39,
        26,
        14,
        78,
        12,
        84,
        28,
        25,
        60,
        31,
        23,
        36,
        62,
        43,
        83,
        47,
        65,
        77,
        6,
        81,
        8,
        50,
        15,
        98,
        18,
        11,
        46,
        7,
        37,
        55,
        71,
        21,
        24,
        41,
        16,
        89,
        57,
        33,
        54,
        44,
        95,
        86,
        72,
        2,
        66,
        19,
        63,
        0,
        52,
        3,
        59,
        22,
        20,
        40,
        58
    ],
    "Nb of functions evaluations": 400020,
    "Computational time in seconds": 102.27741050720215,
    "Stopping criterion in evaluations": 400000
}