4° run output:
{
    "Function": "kroC100.tsp",
    "Problem dimension": [
        35,
        32,
        9,
        65,
        43,
        92,
        78,
        63,
        19,
        41,
        74,
        54,
        5,
        53,
        46,
        30,
        24,
        57,
        33,
        89,
        7,
        73,
        99,
        80,
        10,
        50,
        81,
        6,
        23,
        36,
        28,
        16,
        97,
        87,
        1,
        34,
        76,
        22,
        79,
        67,
        29,
        72,
        2,
        26,
        84,
        0,
        52,
        25,
        77,
        8,
        31,
        60,
        17,
        13,
        98,
        3,
        59,
        40,
        88,
        20,
        69,
        75,
        93,
        85,
        4,
        42,
        90,
        56,
        44,
        83,
        51,
        47,
        91,
        15,
        62,
        58,
        27,
        55,
        37,
        94,
        70,
        71,
        64,
        45,
        48,
        18,
        96,
        95,
        86,
        68,
        21,
        38,
        61,
        49,
        82,
        66,
        12,
        14,
        39,
        11
    ],
    "Global Optimum": 0,
    "Algorithm": "Genetic algorithm",
    "Parameters": {
        "population": 30,
        "offspring": 30,
        "mutation probability": 0.01,
        "crossover probability": 0.9
    },
    "Fitness": 57165,
    "Solution": [
        35,
        32,
        9,
        65,
        43,
        92,
        78,
        63,
        19,
        41,
        74,
        54,
        5,
        53,
        46,
        30,
        24,
        57,
        33,
        89,
        7,
        73,
        99,
        80,
        10,
        50,
        81,
        6,
        23,
        36,
        28,
        16,
        97,
        87,
        1,
        34,
        76,
        22,
        79,
        67,
        29,
        72,
        2,
        26,
        84,
        0,
        52,
        25,
        77,
        8,
        31,
        60,
        17,
        13,
        98,
        3,
        59,
        40,
        88,
        20,
        69,
        75,
        93,
        85,
        4,
        42,
        90,
        56,
        44,
        83,
        51,
        47,
        91,
        15,
        62,
        58,
        27,
        55,
        37,
        94,
        70,
        71,
        64,
        45,
        48,
        18,
        96,
        95,
        86,
        68,
        21,
        38,
        61,
        49,
        82,
        66,
        12,
        14,
        39,
        11
    ],
    "Nb of functions evaluations": 400020,
    "Computational time in seconds": 103.78493523597717,
    "Stopping criterion in evaluations": 400000
}