3° run output:
{
    "Function": "kroC100.tsp",
    "Problem dimension": [
        31,
        17,
        59,
        20,
        75,
        42,
        4,
        55,
        87,
        21,
        19,
        23,
        45,
        48,
        11,
        39,
        78,
        14,
        12,
        76,
        2,
        72,
        99,
        44,
        32,
        9,
        98,
        18,
        50,
        47,
        83,
        58,
        88,
        40,
        68,
        80,
        96,
        53,
        74,
        71,
        27,
        38,
        37,
        84,
        77,
        8,
        15,
        36,
        73,
        56,
        35,
        13,
        67,
        70,
        94,
        93,
        90,
        85,
        97,
        57,
        33,
        7,
        66,
        63,
        52,
        0,
        54,
        41,
        24,
        89,
        16,
        92,
        91,
        62,
        43,
        65,
        3,
        64,
        69,
        49,
        61,
        82,
        1,
        34,
        5,
        46,
        30,
        26,
        10,
        51,
        95,
        86,
        22,
        29,
        79,
        28,
        6,
        81,
        25,
        60
    ],
    "Global Optimum": 0,
    "Algorithm": "Genetic algorithm",
    "Parameters": {
        "population": 30,
        "offspring": 30,
        "mutation probability": 0.01,
        "crossover probability": 0.9
    },
    "Fitness": 59785,
    "Solution": [
        31,
        17,
        59,
        20,
        75,
        42,
        4,
        55,
        87,
        21,
        19,
        23,
        45,
        48,
        11,
        39,
        78,
        14,
        12,
        76,
        2,
        72,
        99,
        44,
        32,
        9,
        98,
        18,
        50,
        47,
        83,
        58,
        88,
        40,
        68,
        80,
        96,
        53,
        74,
        71,
        27,
        38,
        37,
        84,
        77,
        8,
        15,
        36,
        73,
        56,
        35,
        13,
        67,
        70,
        94,
        93,
        90,
        85,
        97,
        57,
        33,
        7,
        66,
        63,
        52,
        0,
        54,
        41,
        24,
        89,
        16,
        92,
        91,
        62,
        43,
        65,
        3,
        64,
        69,
        49,
        61,
        82,
        1,
        34,
        5,
        46,
        30,
        26,
        10,
        51,
        95,
        86,
        22,
        29,
        79,
        28,
        6,
        81,
        25,
        60
    ],
    "Nb of functions evaluations": 400020,
    "Computational time in seconds": 102.86712694168091,
    "Stopping criterion in evaluations": 400000
}