5° run output:
{
    "Function": "kroC100.tsp",
    "Problem dimension": [
        45,
        25,
        60,
        28,
        84,
        0,
        14,
        57,
        89,
        63,
        11,
        15,
        62,
        43,
        83,
        47,
        65,
        36,
        81,
        8,
        6,
        31,
        78,
        66,
        46,
        5,
        53,
        76,
        56,
        73,
        35,
        9,
        91,
        98,
        68,
        72,
        2,
        13,
        92,
        48,
        17,
        3,
        67,
        40,
        59,
        39,
        26,
        79,
        49,
        85,
        4,
        42,
        55,
        70,
        37,
        54,
        19,
        52,
        23,
        12,
        41,
        7,
        16,
        24,
        21,
        74,
        30,
        64,
        86,
        95,
        96,
        80,
        58,
        29,
        34,
        22,
        90,
        93,
        20,
        88,
        18,
        51,
        1,
        61,
        38,
        97,
        33,
        87,
        27,
        82,
        71,
        94,
        75,
        69,
        77,
        50,
        10,
        99,
        32,
        44
    ],
    "Global Optimum": 0,
    "Algorithm": "Genetic algorithm",
    "Parameters": {
        "population": 30,
        "offspring": 30,
        "mutation probability": 0.01,
        "crossover probability": 0.9
    },
    "Fitness": 57720,
    "Solution": [
        45,
        25,
        60,
        28,
        84,
        0,
        14,
        57,
        89,
        63,
        11,
        15,
        62,
        43,
        83,
        47,
        65,
        36,
        81,
        8,
        6,
        31,
        78,
        66,
        46,
        5,
        53,
        76,
        56,
        73,
        35,
        9,
        91,
        98,
        68,
        72,
        2,
        13,
        92,
        48,
        17,
        3,
        67,
        40,
        59,
        39,
        26,
        79,
        49,
        85,
        4,
        42,
        55,
        70,
        37,
        54,
        19,
        52,
        23,
        12,
        41,
        7,
        16,
        24,
        21,
        74,
        30,
        64,
        86,
        95,
        96,
        80,
        58,
        29,
        34,
        22,
        90,
        93,
        20,
        88,
        18,
        51,
        1,
        61,
        38,
        97,
        33,
        87,
        27,
        82,
        71,
        94,
        75,
        69,
        77,
        50,
        10,
        99,
        32,
        44
    ],
    "Nb of functions evaluations": 400020,
    "Computational time in seconds": 103.0981273651123,
    "Stopping criterion in evaluations": 400000
}