2° run output:
{
    "Function": "ClusterB100.tsp",
    "Problem dimension": [
        59,
        99,
        81,
        74,
        26,
        97,
        54,
        44,
        49,
        10,
        34,
        79,
        88,
        77,
        4,
        16,
        17,
        53,
        30,
        89,
        12,
        47,
        86,
        20,
        28,
        57,
        73,
        36,
        27,
        48,
        67,
        96,
        42,
        25,
        15,
        83,
        71,
        63,
        3,
        69,
        19,
        1,
        98,
        41,
        87,
        24,
        65,
        21,
        93,
        80,
        62,
        35,
        61,
        11,
        18,
        6,
        29,
        5,
        40,
        7,
        14,
        84,
        68,
        55,
        91,
        50,
        43,
        31,
        58,
        85,
        78,
        8,
        52,
        82,
        56,
        90,
        95,
        75,
        66,
        22,
        13,
        64,
        92,
        23,
        39,
        94,
        2,
        45,
        9,
        72,
        60,
        37,
        32,
        70,
        51,
        76,
        0,
        46,
        33,
        38
    ],
    "Global Optimum": 0,
    "Algorithm": "Genetic algorithm",
    "Parameters": {
        "population": 30,
        "offspring": 30,
        "mutation probability": 0.01,
        "crossover probability": 0.9
    },
    "Fitness": 59271,
    "Solution": [
        59,
        99,
        81,
        74,
        26,
        97,
        54,
        44,
        49,
        10,
        34,
        79,
        88,
        77,
        4,
        16,
        17,
        53,
        30,
        89,
        12,
        47,
        86,
        20,
        28,
        57,
        73,
        36,
        27,
        48,
        67,
        96,
        42,
        25,
        15,
        83,
        71,
        63,
        3,
        69,
        19,
        1,
        98,
        41,
        87,
        24,
        65,
        21,
        93,
        80,
        62,
        35,
        61,
        11,
        18,
        6,
        29,
        5,
        40,
        7,
        14,
        84,
        68,
        55,
        91,
        50,
        43,
        31,
        58,
        85,
        78,
        8,
        52,
        82,
        56,
        90,
        95,
        75,
        66,
        22,
        13,
        64,
        92,
        23,
        39,
        94,
        2,
        45,
        9,
        72,
        60,
        37,
        32,
        70,
        51,
        76,
        0,
        46,
        33,
        38
    ],
    "Nb of functions evaluations": 200010,
    "Computational time in seconds": 61.92619347572327,
    "Stopping criterion in evaluations": 200000
}