3° run output:
{
    "Function": "ClusterB100.tsp",
    "Problem dimension": [
        35,
        37,
        29,
        86,
        74,
        25,
        3,
        58,
        55,
        72,
        10,
        45,
        13,
        84,
        78,
        85,
        42,
        2,
        48,
        81,
        28,
        57,
        92,
        64,
        20,
        26,
        47,
        91,
        43,
        12,
        59,
        53,
        99,
        34,
        60,
        56,
        90,
        52,
        95,
        4,
        77,
        82,
        88,
        17,
        49,
        44,
        23,
        39,
        97,
        54,
        94,
        69,
        83,
        71,
        89,
        30,
        63,
        31,
        27,
        36,
        15,
        87,
        80,
        32,
        70,
        0,
        8,
        93,
        14,
        7,
        19,
        79,
        96,
        61,
        33,
        18,
        68,
        1,
        9,
        67,
        98,
        16,
        24,
        65,
        75,
        21,
        41,
        66,
        76,
        51,
        40,
        5,
        46,
        22,
        62,
        6,
        38,
        11,
        50,
        73
    ],
    "Global Optimum": 0,
    "Algorithm": "Genetic algorithm",
    "Parameters": {
        "population": 30,
        "offspring": 30,
        "mutation probability": 0.01,
        "crossover probability": 0.9
    },
    "Fitness": 53697,
    "Solution": [
        35,
        37,
        29,
        86,
        74,
        25,
        3,
        58,
        55,
        72,
        10,
        45,
        13,
        84,
        78,
        85,
        42,
        2,
        48,
        81,
        28,
        57,
        92,
        64,
        20,
        26,
        47,
        91,
        43,
        12,
        59,
        53,
        99,
        34,
        60,
        56,
        90,
        52,
        95,
        4,
        77,
        82,
        88,
        17,
        49,
        44,
        23,
        39,
        97,
        54,
        94,
        69,
        83,
        71,
        89,
        30,
        63,
        31,
        27,
        36,
        15,
        87,
        80,
        32,
        70,
        0,
        8,
        93,
        14,
        7,
        19,
        79,
        96,
        61,
        33,
        18,
        68,
        1,
        9,
        67,
        98,
        16,
        24,
        65,
        75,
        21,
        41,
        66,
        76,
        51,
        40,
        5,
        46,
        22,
        62,
        6,
        38,
        11,
        50,
        73
    ],
    "Nb of functions evaluations": 200010,
    "Computational time in seconds": 62.77866244316101,
    "Stopping criterion in evaluations": 200000
}