24° run output:
{
    "Function": "ClusterB100.tsp",
    "Problem dimension": [
        17,
        84,
        16,
        6,
        62,
        90,
        56,
        58,
        89,
        30,
        28,
        23,
        44,
        25,
        59,
        99,
        1,
        34,
        85,
        26,
        42,
        96,
        33,
        37,
        0,
        65,
        41,
        95,
        49,
        39,
        54,
        97,
        57,
        31,
        63,
        86,
        74,
        48,
        69,
        94,
        20,
        19,
        10,
        45,
        9,
        68,
        79,
        13,
        2,
        53,
        81,
        3,
        55,
        47,
        83,
        71,
        27,
        12,
        36,
        15,
        50,
        35,
        38,
        18,
        22,
        14,
        76,
        93,
        66,
        8,
        88,
        78,
        11,
        98,
        72,
        60,
        7,
        21,
        5,
        40,
        51,
        75,
        70,
        29,
        46,
        61,
        43,
        73,
        91,
        32,
        80,
        87,
        52,
        77,
        4,
        82,
        24,
        67,
        64,
        92
    ],
    "Global Optimum": 0,
    "Algorithm": "Genetic algorithm",
    "Parameters": {
        "population": 30,
        "offspring": 30,
        "mutation probability": 0.01,
        "crossover probability": 0.9
    },
    "Fitness": 54727,
    "Solution": [
        17,
        84,
        16,
        6,
        62,
        90,
        56,
        58,
        89,
        30,
        28,
        23,
        44,
        25,
        59,
        99,
        1,
        34,
        85,
        26,
        42,
        96,
        33,
        37,
        0,
        65,
        41,
        95,
        49,
        39,
        54,
        97,
        57,
        31,
        63,
        86,
        74,
        48,
        69,
        94,
        20,
        19,
        10,
        45,
        9,
        68,
        79,
        13,
        2,
        53,
        81,
        3,
        55,
        47,
        83,
        71,
        27,
        12,
        36,
        15,
        50,
        35,
        38,
        18,
        22,
        14,
        76,
        93,
        66,
        8,
        88,
        78,
        11,
        98,
        72,
        60,
        7,
        21,
        5,
        40,
        51,
        75,
        70,
        29,
        46,
        61,
        43,
        73,
        91,
        32,
        80,
        87,
        52,
        77,
        4,
        82,
        24,
        67,
        64,
        92
    ],
    "Nb of functions evaluations": 200010,
    "Computational time in seconds": 62.05723476409912,
    "Stopping criterion in evaluations": 200000
}