22° run output:
{
    "Function": "ClusterB100.tsp",
    "Problem dimension": [
        86,
        74,
        28,
        3,
        89,
        27,
        30,
        31,
        42,
        59,
        34,
        19,
        2,
        64,
        57,
        39,
        69,
        35,
        16,
        52,
        33,
        78,
        18,
        85,
        96,
        43,
        73,
        91,
        24,
        8,
        46,
        62,
        60,
        9,
        98,
        45,
        97,
        54,
        20,
        49,
        92,
        94,
        81,
        58,
        71,
        83,
        12,
        50,
        47,
        55,
        88,
        77,
        65,
        75,
        93,
        84,
        11,
        99,
        25,
        15,
        36,
        82,
        41,
        95,
        7,
        14,
        80,
        87,
        22,
        6,
        90,
        32,
        70,
        21,
        66,
        40,
        0,
        29,
        37,
        76,
        4,
        72,
        79,
        1,
        38,
        56,
        5,
        51,
        61,
        53,
        26,
        68,
        13,
        67,
        17,
        10,
        44,
        23,
        48,
        63
    ],
    "Global Optimum": 0,
    "Algorithm": "Genetic algorithm",
    "Parameters": {
        "population": 30,
        "offspring": 30,
        "mutation probability": 0.01,
        "crossover probability": 0.9
    },
    "Fitness": 60372,
    "Solution": [
        86,
        74,
        28,
        3,
        89,
        27,
        30,
        31,
        42,
        59,
        34,
        19,
        2,
        64,
        57,
        39,
        69,
        35,
        16,
        52,
        33,
        78,
        18,
        85,
        96,
        43,
        73,
        91,
        24,
        8,
        46,
        62,
        60,
        9,
        98,
        45,
        97,
        54,
        20,
        49,
        92,
        94,
        81,
        58,
        71,
        83,
        12,
        50,
        47,
        55,
        88,
        77,
        65,
        75,
        93,
        84,
        11,
        99,
        25,
        15,
        36,
        82,
        41,
        95,
        7,
        14,
        80,
        87,
        22,
        6,
        90,
        32,
        70,
        21,
        66,
        40,
        0,
        29,
        37,
        76,
        4,
        72,
        79,
        1,
        38,
        56,
        5,
        51,
        61,
        53,
        26,
        68,
        13,
        67,
        17,
        10,
        44,
        23,
        48,
        63
    ],
    "Nb of functions evaluations": 200010,
    "Computational time in seconds": 61.78139090538025,
    "Stopping criterion in evaluations": 200000
}