20° run output:
{
    "Function": "ClusterB100.tsp",
    "Problem dimension": [
        74,
        53,
        9,
        19,
        42,
        43,
        55,
        25,
        48,
        45,
        17,
        6,
        32,
        29,
        37,
        56,
        16,
        99,
        26,
        85,
        59,
        96,
        11,
        91,
        73,
        31,
        70,
        5,
        76,
        21,
        93,
        0,
        90,
        88,
        95,
        41,
        52,
        4,
        77,
        80,
        87,
        8,
        62,
        35,
        36,
        15,
        12,
        47,
        83,
        89,
        58,
        61,
        18,
        24,
        82,
        65,
        7,
        75,
        66,
        68,
        60,
        98,
        14,
        51,
        40,
        22,
        46,
        79,
        84,
        78,
        97,
        44,
        23,
        10,
        49,
        69,
        2,
        72,
        38,
        33,
        13,
        1,
        34,
        67,
        20,
        92,
        94,
        54,
        39,
        64,
        50,
        71,
        27,
        30,
        63,
        86,
        28,
        57,
        81,
        3
    ],
    "Global Optimum": 0,
    "Algorithm": "Genetic algorithm",
    "Parameters": {
        "population": 30,
        "offspring": 30,
        "mutation probability": 0.01,
        "crossover probability": 0.9
    },
    "Fitness": 56499,
    "Solution": [
        74,
        53,
        9,
        19,
        42,
        43,
        55,
        25,
        48,
        45,
        17,
        6,
        32,
        29,
        37,
        56,
        16,
        99,
        26,
        85,
        59,
        96,
        11,
        91,
        73,
        31,
        70,
        5,
        76,
        21,
        93,
        0,
        90,
        88,
        95,
        41,
        52,
        4,
        77,
        80,
        87,
        8,
        62,
        35,
        36,
        15,
        12,
        47,
        83,
        89,
        58,
        61,
        18,
        24,
        82,
        65,
        7,
        75,
        66,
        68,
        60,
        98,
        14,
        51,
        40,
        22,
        46,
        79,
        84,
        78,
        97,
        44,
        23,
        10,
        49,
        69,
        2,
        72,
        38,
        33,
        13,
        1,
        34,
        67,
        20,
        92,
        94,
        54,
        39,
        64,
        50,
        71,
        27,
        30,
        63,
        86,
        28,
        57,
        81,
        3
    ],
    "Nb of functions evaluations": 200010,
    "Computational time in seconds": 61.87114357948303,
    "Stopping criterion in evaluations": 200000
}