17° run output:
{
    "Function": "kroB1000.tsp",
    "Problem dimension": [
        410,
        992,
        726,
        798,
        518,
        624,
        865,
        791,
        0,
        317,
        267,
        919,
        789,
        157,
        91,
        741,
        406,
        329,
        896,
        201,
        963,
        827,
        276,
        956,
        731,
        435,
        300,
        173,
        925,
        794,
        897,
        399,
        167,
        601,
        126,
        78,
        487,
        856,
        205,
        672,
        775,
        640,
        612,
        495,
        373,
        240,
        98,
        861,
        949,
        408,
        533,
        571,
        426,
        599,
        184,
        885,
        218,
        88,
        460,
        190,
        39,
        845,
        939,
        570,
        38,
        723,
        471,
        620,
        30,
        411,
        72,
        590,
        400,
        20,
        130,
        214,
        737,
        334,
        315,
        866,
        285,
        818,
        10,
        9,
        95,
        831,
        773,
        657,
        819,
        172,
        462,
        607,
        961,
        288,
        116,
        974,
        431,
        461,
        467,
        630,
        688,
        776,
        940,
        659,
        627,
        465,
        535,
        310,
        65,
        686,
        475,
        647,
        766,
        230,
        696,
        832,
        89,
        440,
        164,
        106,
        720,
        132,
        510,
        857,
        262,
        730,
        976,
        477,
        957,
        757,
        364,
        79,
        500,
        959,
        392,
        404,
        260,
        519,
        437,
        270,
        134,
        968,
        125,
        147,
        562,
        444,
        265,
        242,
        641,
        983,
        631,
        727,
        232,
        469,
        189,
        33,
        327,
        711,
        674,
        82,
        682,
        362,
        618,
        943,
        658,
        250,
        51,
        407,
        895,
        538,
        187,
        18,
        549,
        417,
        185,
        769,
        177,
        615,
        394,
        432,
        739,
        803,
        122,
        843,
        131,
        81,
        975,
        667,
        969,
        224,
        623,
        296,
        252,
        668,
        695,
        83,
        749,
        272,
        320,
        546,
        588,
        864,
        101,
        666,
        441,
        829,
        800,
        817,
        673,
        213,
        513,
        145,
        439,
        751,
        401,
        360,
        105,
        244,
        639,
        478,
        702,
        324,
        299,
        55,
        778,
        502,
        681,
        524,
        47,
        724,
        491,
        216,
        652,
        807,
        45,
        931,
        450,
        424,
        993,
        561,
        622,
        333,
        874,
        388,
        61,
        814,
        944,
        499,
        802,
        263,
        237,
        12,
        472,
        453,
        70,
        523,
        763,
        793,
        415,
        217,
        135,
        25,
        877,
        349,
        40,
        878,
        661,
        357,
        810,
        115,
        577,
        226,
        635,
        15,
        63,
        279,
        838,
        867,
        198,
        278,
        651,
        508,
        283,
        479,
        111,
        182,
        223,
        887,
        604,
        188,
        316,
        210,
        828,
        760,
        473,
        297,
        451,
        797,
        86,
        910,
        649,
        532,
        493,
        13,
        756,
        616,
        155,
        771,
        414,
        594,
        309,
        849,
        337,
        772,
        269,
        50,
        580,
        675,
        138,
        685,
        386,
        514,
        632,
        140,
        740,
        413,
        920,
        44,
        494,
        886,
        290,
        574,
        239,
        347,
        3,
        235,
        146,
        154,
        280,
        220,
        678,
        161,
        997,
        23,
        564,
        541,
        745,
        573,
        830,
        979,
        712,
        991,
        48,
        927,
        434,
        85,
        589,
        912,
        743,
        606,
        137,
        358,
        455,
        505,
        582,
        248,
        294,
        66,
        331,
        306,
        87,
        900,
        506,
        526,
        22,
        517,
        1,
        698,
        755,
        264,
        292,
        990,
        738,
        377,
        936,
        193,
        195,
        212,
        692,
        354,
        287,
        555,
        293,
        545,
        808,
        200,
        642,
        951,
        530,
        305,
        245,
        889,
        69,
        770,
        75,
        174,
        735,
        516,
        463,
        215,
        860,
        311,
        169,
        950,
        638,
        139,
        945,
        24,
        758,
        840,
        768,
        916,
        339,
        914,
        206,
        850,
        186,
        816,
        929,
        691,
        321,
        779,
        176,
        123,
        575,
        222,
        113,
        572,
        553,
        192,
        180,
        645,
        980,
        109,
        136,
        556,
        907,
        982,
        655,
        543,
        653,
        181,
        566,
        626,
        962,
        179,
        725,
        844,
        717,
        955,
        942,
        343,
        598,
        372,
        241,
        351,
        898,
        433,
        365,
        261,
        301,
        714,
        664,
        43,
        986,
        162,
        355,
        540,
        777,
        989,
        73,
        918,
        813,
        848,
        687,
        124,
        236,
        58,
        948,
        801,
        231,
        121,
        709,
        325,
        902,
        781,
        871,
        747,
        804,
        677,
        671,
        409,
        960,
        783,
        152,
        93,
        464,
        470,
        633,
        782,
        613,
        114,
        825,
        893,
        482,
        26,
        903,
        6,
        96,
        872,
        308,
        610,
        558,
        359,
        759,
        854,
        209,
        208,
        894,
        253,
        153,
        560,
        569,
        501,
        366,
        729,
        700,
        591,
        368,
        322,
        628,
        721,
        694,
        170,
        625,
        550,
        108,
        371,
        531,
        839,
        899,
        46,
        418,
        429,
        92,
        171,
        452,
        100,
        243,
        851,
        332,
        191,
        342,
        605,
        31,
        809,
        733,
        890,
        608,
        159,
        376,
        284,
        650,
        395,
        29,
        275,
        754,
        690,
        728,
        459,
        512,
        999,
        338,
        379,
        489,
        996,
        7,
        348,
        515,
        846,
        112,
        454,
        8,
        928,
        917,
        716,
        119,
        792,
        883,
        14,
        697,
        274,
        150,
        834,
        234,
        767,
        617,
        921,
        595,
        539,
        103,
        425,
        596,
        313,
        199,
        762,
        774,
        621,
        77,
        826,
        32,
        37,
        994,
        398,
        64,
        67,
        330,
        380,
        59,
        761,
        143,
        436,
        913,
        480,
        663,
        383,
        458,
        952,
        375,
        926,
        412,
        862,
        669,
        422,
        405,
        202,
        525,
        344,
        557,
        393,
        304,
        689,
        448,
        107,
        837,
        402,
        684,
        665,
        965,
        133,
        35,
        149,
        163,
        629,
        643,
        966,
        456,
        129,
        707,
        249,
        909,
        5,
        527,
        870,
        947,
        693,
        905,
        634,
        389,
        158,
        534,
        16,
        744,
        787,
        247,
        619,
        496,
        815,
        457,
        795,
        76,
        586,
        602,
        703,
        4,
        542,
        141,
        796,
        891,
        565,
        277,
        204,
        225,
        522,
        183,
        175,
        970,
        824,
        820,
        933,
        449,
        576,
        971,
        49,
        298,
        592,
        271,
        273,
        504,
        884,
        428,
        790,
        319,
        488,
        544,
        683,
        836,
        255,
        922,
        196,
        74,
        679,
        353,
        784,
        318,
        901,
        486,
        954,
        567,
        127,
        972,
        985,
        148,
        551,
        981,
        644,
        118,
        734,
        396,
        597,
        908,
        346,
        842,
        554,
        548,
        382,
        60,
        286,
        56,
        19,
        995,
        447,
        484,
        314,
        229,
        964,
        443,
        258,
        507,
        128,
        853,
        911,
        805,
        151,
        833,
        391,
        742,
        915,
        438,
        511,
        268,
        547,
        156,
        869,
        356,
        17,
        938,
        219,
        228,
        614,
        699,
        736,
        11,
        71,
        102,
        752,
        312,
        421,
        578,
        924,
        378,
        835,
        821,
        880,
        246,
        563,
        521,
        930,
        680,
        367,
        27,
        497,
        746,
        474,
        54,
        932,
        603,
        476,
        847,
        323,
        868,
        648,
        350,
        799,
        352,
        935,
        303,
        178,
        670,
        537,
        481,
        811,
        906,
        289,
        953,
        863,
        363,
        904,
        806,
        41,
        579,
        53,
        291,
        888,
        593,
        120,
        529,
        941,
        203,
        416,
        442,
        973,
        34,
        485,
        611,
        520,
        722,
        387,
        977,
        713,
        345,
        390,
        282,
        2,
        584,
        587,
        36,
        704,
        430,
        855,
        786,
        923,
        934,
        552,
        765,
        705,
        238,
        660,
        42,
        958,
        370,
        882,
        197,
        841,
        559,
        492,
        988,
        585,
        583,
        266,
        468,
        335,
        84,
        165,
        104,
        445,
        227,
        381,
        233,
        384,
        881,
        715,
        419,
        144,
        859,
        341,
        719,
        110,
        256,
        68,
        328,
        254,
        498,
        637,
        166,
        221,
        97,
        211,
        892,
        62,
        257,
        307,
        536,
        259,
        676,
        251,
        28,
        706,
        427,
        656,
        978,
        403,
        812,
        80,
        600,
        99,
        609,
        748,
        423,
        207,
        581,
        879,
        701,
        503,
        732,
        326,
        987,
        361,
        646,
        785,
        636,
        281,
        710,
        90,
        160,
        369,
        21,
        788,
        764,
        946,
        718,
        420,
        397,
        446,
        937,
        509,
        295,
        94,
        52,
        858,
        194,
        662,
        875,
        654,
        385,
        483,
        753,
        568,
        117,
        876,
        490,
        374,
        822,
        823,
        57,
        780,
        340,
        466,
        873,
        750,
        708,
        336,
        142,
        998,
        967,
        852,
        528,
        984,
        302,
        168
    ],
    "Global Optimum": 0,
    "Algorithm": "Genetic algorithm",
    "Parameters": {
        "population": 30,
        "offspring": 30,
        "mutation probability": 0.001,
        "crossover probability": 0.9
    },
    "Fitness": 1346575,
    "Solution": [
        410,
        992,
        726,
        798,
        518,
        624,
        865,
        791,
        0,
        317,
        267,
        919,
        789,
        157,
        91,
        741,
        406,
        329,
        896,
        201,
        963,
        827,
        276,
        956,
        731,
        435,
        300,
        173,
        925,
        794,
        897,
        399,
        167,
        601,
        126,
        78,
        487,
        856,
        205,
        672,
        775,
        640,
        612,
        495,
        373,
        240,
        98,
        861,
        949,
        408,
        533,
        571,
        426,
        599,
        184,
        885,
        218,
        88,
        460,
        190,
        39,
        845,
        939,
        570,
        38,
        723,
        471,
        620,
        30,
        411,
        72,
        590,
        400,
        20,
        130,
        214,
        737,
        334,
        315,
        866,
        285,
        818,
        10,
        9,
        95,
        831,
        773,
        657,
        819,
        172,
        462,
        607,
        961,
        288,
        116,
        974,
        431,
        461,
        467,
        630,
        688,
        776,
        940,
        659,
        627,
        465,
        535,
        310,
        65,
        686,
        475,
        647,
        766,
        230,
        696,
        832,
        89,
        440,
        164,
        106,
        720,
        132,
        510,
        857,
        262,
        730,
        976,
        477,
        957,
        757,
        364,
        79,
        500,
        959,
        392,
        404,
        260,
        519,
        437,
        270,
        134,
        968,
        125,
        147,
        562,
        444,
        265,
        242,
        641,
        983,
        631,
        727,
        232,
        469,
        189,
        33,
        327,
        711,
        674,
        82,
        682,
        362,
        618,
        943,
        658,
        250,
        51,
        407,
        895,
        538,
        187,
        18,
        549,
        417,
        185,
        769,
        177,
        615,
        394,
        432,
        739,
        803,
        122,
        843,
        131,
        81,
        975,
        667,
        969,
        224,
        623,
        296,
        252,
        668,
        695,
        83,
        749,
        272,
        320,
        546,
        588,
        864,
        101,
        666,
        441,
        829,
        800,
        817,
        673,
        213,
        513,
        145,
        439,
        751,
        401,
        360,
        105,
        244,
        639,
        478,
        702,
        324,
        299,
        55,
        778,
        502,
        681,
        524,
        47,
        724,
        491,
        216,
        652,
        807,
        45,
        931,
        450,
        424,
        993,
        561,
        622,
        333,
        874,
        388,
        61,
        814,
        944,
        499,
        802,
        263,
        237,
        12,
        472,
        453,
        70,
        523,
        763,
        793,
        415,
        217,
        135,
        25,
        877,
        349,
        40,
        878,
        661,
        357,
        810,
        115,
        577,
        226,
        635,
        15,
        63,
        279,
        838,
        867,
        198,
        278,
        651,
        508,
        283,
        479,
        111,
        182,
        223,
        887,
        604,
        188,
        316,
        210,
        828,
        760,
        473,
        297,
        451,
        797,
        86,
        910,
        649,
        532,
        493,
        13,
        756,
        616,
        155,
        771,
        414,
        594,
        309,
        849,
        337,
        772,
        269,
        50,
        580,
        675,
        138,
        685,
        386,
        514,
        632,
        140,
        740,
        413,
        920,
        44,
        494,
        886,
        290,
        574,
        239,
        347,
        3,
        235,
        146,
        154,
        280,
        220,
        678,
        161,
        997,
        23,
        564,
        541,
        745,
        573,
        830,
        979,
        712,
        991,
        48,
        927,
        434,
        85,
        589,
        912,
        743,
        606,
        137,
        358,
        455,
        505,
        582,
        248,
        294,
        66,
        331,
        306,
        87,
        900,
        506,
        526,
        22,
        517,
        1,
        698,
        755,
        264,
        292,
        990,
        738,
        377,
        936,
        193,
        195,
        212,
        692,
        354,
        287,
        555,
        293,
        545,
        808,
        200,
        642,
        951,
        530,
        305,
        245,
        889,
        69,
        770,
        75,
        174,
        735,
        516,
        463,
        215,
        860,
        311,
        169,
        950,
        638,
        139,
        945,
        24,
        758,
        840,
        768,
        916,
        339,
        914,
        206,
        850,
        186,
        816,
        929,
        691,
        321,
        779,
        176,
        123,
        575,
        222,
        113,
        572,
        553,
        192,
        180,
        645,
        980,
        109,
        136,
        556,
        907,
        982,
        655,
        543,
        653,
        181,
        566,
        626,
        962,
        179,
        725,
        844,
        717,
        955,
        942,
        343,
        598,
        372,
        241,
        351,
        898,
        433,
        365,
        261,
        301,
        714,
        664,
        43,
        986,
        162,
        355,
        540,
        777,
        989,
        73,
        918,
        813,
        848,
        687,
        124,
        236,
        58,
        948,
        801,
        231,
        121,
        709,
        325,
        902,
        781,
        871,
        747,
        804,
        677,
        671,
        409,
        960,
        783,
        152,
        93,
        464,
        470,
        633,
        782,
        613,
        114,
        825,
        893,
        482,
        26,
        903,
        6,
        96,
        872,
        308,
        610,
        558,
        359,
        759,
        854,
        209,
        208,
        894,
        253,
        153,
        560,
        569,
        501,
        366,
        729,
        700,
        591,
        368,
        322,
        628,
        721,
        694,
        170,
        625,
        550,
        108,
        371,
        531,
        839,
        899,
        46,
        418,
        429,
        92,
        171,
        452,
        100,
        243,
        851,
        332,
        191,
        342,
        605,
        31,
        809,
        733,
        890,
        608,
        159,
        376,
        284,
        650,
        395,
        29,
        275,
        754,
        690,
        728,
        459,
        512,
        999,
        338,
        379,
        489,
        996,
        7,
        348,
        515,
        846,
        112,
        454,
        8,
        928,
        917,
        716,
        119,
        792,
        883,
        14,
        697,
        274,
        150,
        834,
        234,
        767,
        617,
        921,
        595,
        539,
        103,
        425,
        596,
        313,
        199,
        762,
        774,
        621,
        77,
        826,
        32,
        37,
        994,
        398,
        64,
        67,
        330,
        380,
        59,
        761,
        143,
        436,
        913,
        480,
        663,
        383,
        458,
        952,
        375,
        926,
        412,
        862,
        669,
        422,
        405,
        202,
        525,
        344,
        557,
        393,
        304,
        689,
        448,
        107,
        837,
        402,
        684,
        665,
        965,
        133,
        35,
        149,
        163,
        629,
        643,
        966,
        456,
        129,
        707,
        249,
        909,
        5,
        527,
        870,
        947,
        693,
        905,
        634,
        389,
        158,
        534,
        16,
        744,
        787,
        247,
        619,
        496,
        815,
        457,
        795,
        76,
        586,
        602,
        703,
        4,
        542,
        141,
        796,
        891,
        565,
        277,
        204,
        225,
        522,
        183,
        175,
        970,
        824,
        820,
        933,
        449,
        576,
        971,
        49,
        298,
        592,
        271,
        273,
        504,
        884,
        428,
        790,
        319,
        488,
        544,
        683,
        836,
        255,
        922,
        196,
        74,
        679,
        353,
        784,
        318,
        901,
        486,
        954,
        567,
        127,
        972,
        985,
        148,
        551,
        981,
        644,
        118,
        734,
        396,
        597,
        908,
        346,
        842,
        554,
        548,
        382,
        60,
        286,
        56,
        19,
        995,
        447,
        484,
        314,
        229,
        964,
        443,
        258,
        507,
        128,
        853,
        911,
        805,
        151,
        833,
        391,
        742,
        915,
        438,
        511,
        268,
        547,
        156,
        869,
        356,
        17,
        938,
        219,
        228,
        614,
        699,
        736,
        11,
        71,
        102,
        752,
        312,
        421,
        578,
        924,
        378,
        835,
        821,
        880,
        246,
        563,
        521,
        930,
        680,
        367,
        27,
        497,
        746,
        474,
        54,
        932,
        603,
        476,
        847,
        323,
        868,
        648,
        350,
        799,
        352,
        935,
        303,
        178,
        670,
        537,
        481,
        811,
        906,
        289,
        953,
        863,
        363,
        904,
        806,
        41,
        579,
        53,
        291,
        888,
        593,
        120,
        529,
        941,
        203,
        416,
        442,
        973,
        34,
        485,
        611,
        520,
        722,
        387,
        977,
        713,
        345,
        390,
        282,
        2,
        584,
        587,
        36,
        704,
        430,
        855,
        786,
        923,
        934,
        552,
        765,
        705,
        238,
        660,
        42,
        958,
        370,
        882,
        197,
        841,
        559,
        492,
        988,
        585,
        583,
        266,
        468,
        335,
        84,
        165,
        104,
        445,
        227,
        381,
        233,
        384,
        881,
        715,
        419,
        144,
        859,
        341,
        719,
        110,
        256,
        68,
        328,
        254,
        498,
        637,
        166,
        221,
        97,
        211,
        892,
        62,
        257,
        307,
        536,
        259,
        676,
        251,
        28,
        706,
        427,
        656,
        978,
        403,
        812,
        80,
        600,
        99,
        609,
        748,
        423,
        207,
        581,
        879,
        701,
        503,
        732,
        326,
        987,
        361,
        646,
        785,
        636,
        281,
        710,
        90,
        160,
        369,
        21,
        788,
        764,
        946,
        718,
        420,
        397,
        446,
        937,
        509,
        295,
        94,
        52,
        858,
        194,
        662,
        875,
        654,
        385,
        483,
        753,
        568,
        117,
        876,
        490,
        374,
        822,
        823,
        57,
        780,
        340,
        466,
        873,
        750,
        708,
        336,
        142,
        998,
        967,
        852,
        528,
        984,
        302,
        168
    ],
    "Nb of functions evaluations": 50010,
    "Computational time in seconds": 1468.3293018341064,
    "Stopping criterion in evaluations": 50000
}