29° run output:
{
    "Function": "kroB1000.tsp",
    "Problem dimension": [
        942,
        834,
        108,
        608,
        327,
        690,
        826,
        741,
        173,
        859,
        81,
        207,
        884,
        154,
        580,
        990,
        388,
        265,
        204,
        719,
        740,
        666,
        765,
        473,
        976,
        178,
        44,
        404,
        298,
        27,
        419,
        962,
        748,
        733,
        465,
        647,
        757,
        966,
        570,
        233,
        239,
        384,
        148,
        420,
        270,
        954,
        726,
        97,
        845,
        865,
        83,
        862,
        180,
        287,
        437,
        217,
        13,
        916,
        206,
        761,
        854,
        225,
        648,
        70,
        293,
        669,
        447,
        461,
        796,
        379,
        928,
        846,
        172,
        323,
        486,
        245,
        880,
        931,
        687,
        758,
        459,
        730,
        889,
        536,
        993,
        619,
        843,
        488,
        629,
        746,
        120,
        62,
        738,
        613,
        963,
        818,
        297,
        564,
        414,
        460,
        645,
        60,
        45,
        353,
        885,
        871,
        908,
        18,
        938,
        285,
        99,
        751,
        650,
        538,
        868,
        951,
        950,
        328,
        964,
        480,
        102,
        915,
        540,
        14,
        947,
        122,
        838,
        56,
        583,
        654,
        914,
        503,
        263,
        665,
        223,
        965,
        732,
        262,
        710,
        728,
        255,
        764,
        752,
        333,
        345,
        575,
        383,
        864,
        281,
        2,
        547,
        466,
        311,
        6,
        997,
        471,
        315,
        797,
        291,
        272,
        456,
        190,
        170,
        199,
        549,
        759,
        510,
        591,
        278,
        474,
        557,
        981,
        55,
        626,
        985,
        624,
        448,
        712,
        811,
        599,
        29,
        713,
        542,
        661,
        597,
        478,
        211,
        267,
        392,
        828,
        126,
        41,
        402,
        153,
        857,
        569,
        957,
        167,
        175,
        776,
        618,
        635,
        852,
        604,
        224,
        146,
        69,
        695,
        350,
        541,
        625,
        54,
        103,
        801,
        636,
        88,
        59,
        532,
        313,
        706,
        144,
        449,
        34,
        401,
        634,
        978,
        306,
        735,
        894,
        0,
        559,
        107,
        364,
        899,
        32,
        294,
        773,
        10,
        717,
        767,
        183,
        771,
        197,
        453,
        271,
        946,
        644,
        450,
        142,
        138,
        937,
        42,
        998,
        860,
        769,
        632,
        346,
        112,
        290,
        841,
        375,
        682,
        157,
        819,
        992,
        522,
        982,
        442,
        606,
        835,
        319,
        468,
        944,
        641,
        753,
        832,
        17,
        592,
        693,
        104,
        23,
        724,
        371,
        403,
        381,
        301,
        576,
        237,
        507,
        742,
        431,
        703,
        312,
        130,
        498,
        910,
        78,
        25,
        495,
        970,
        418,
        254,
        639,
        971,
        365,
        721,
        322,
        622,
        716,
        895,
        979,
        43,
        870,
        806,
        483,
        49,
        344,
        702,
        987,
        477,
        166,
        948,
        670,
        208,
        551,
        941,
        718,
        215,
        794,
        26,
        151,
        355,
        145,
        176,
        994,
        181,
        745,
        708,
        4,
        490,
        367,
        581,
        394,
        820,
        147,
        467,
        433,
        436,
        179,
        1,
        493,
        929,
        390,
        605,
        924,
        630,
        601,
        259,
        406,
        711,
        649,
        188,
        922,
        366,
        701,
        836,
        354,
        627,
        530,
        523,
        400,
        598,
        408,
        935,
        86,
        612,
        257,
        781,
        92,
        451,
        174,
        343,
        511,
        905,
        566,
        499,
        589,
        590,
        91,
        391,
        657,
        975,
        494,
        416,
        731,
        697,
        655,
        804,
        28,
        131,
        74,
        356,
        482,
        877,
        337,
        66,
        660,
        5,
        552,
        341,
        919,
        554,
        305,
        318,
        127,
        317,
        901,
        999,
        114,
        316,
        633,
        429,
        623,
        961,
        967,
        984,
        917,
        617,
        155,
        505,
        562,
        989,
        273,
        16,
        446,
        3,
        679,
        444,
        288,
        699,
        921,
        940,
        100,
        415,
        310,
        684,
        352,
        441,
        525,
        535,
        231,
        556,
        209,
        253,
        454,
        799,
        837,
        105,
        573,
        485,
        800,
        725,
        329,
        331,
        360,
        774,
        754,
        911,
        236,
        202,
        955,
        786,
        358,
        435,
        320,
        141,
        452,
        858,
        399,
        747,
        983,
        326,
        531,
        134,
        892,
        953,
        198,
        930,
        744,
        219,
        856,
        933,
        68,
        497,
        694,
        80,
        269,
        405,
        737,
        830,
        653,
        386,
        94,
        689,
        89,
        370,
        831,
        526,
        382,
        421,
        723,
        766,
        84,
        755,
        560,
        462,
        159,
        925,
        527,
        565,
        194,
        218,
        67,
        840,
        398,
        904,
        256,
        600,
        90,
        829,
        621,
        334,
        561,
        205,
        674,
        577,
        850,
        185,
        680,
        266,
        182,
        991,
        349,
        616,
        863,
        434,
        563,
        407,
        567,
        280,
        111,
        376,
        663,
        192,
        150,
        492,
        529,
        309,
        348,
        866,
        243,
        756,
        768,
        164,
        833,
        412,
        113,
        847,
        668,
        177,
        813,
        512,
        347,
        790,
        464,
        125,
        53,
        455,
        534,
        110,
        888,
        314,
        195,
        760,
        873,
        38,
        504,
        546,
        714,
        739,
        186,
        715,
        268,
        876,
        324,
        463,
        906,
        479,
        709,
        579,
        705,
        887,
        514,
        369,
        380,
        304,
        359,
        750,
        528,
        377,
        517,
        117,
        995,
        586,
        216,
        821,
        791,
        520,
        119,
        743,
        135,
        545,
        458,
        193,
        945,
        321,
        250,
        736,
        75,
        677,
        210,
        489,
        779,
        824,
        106,
        487,
        685,
        156,
        812,
        227,
        611,
        277,
        427,
        974,
        11,
        952,
        777,
        815,
        588,
        241,
        33,
        518,
        502,
        593,
        430,
        595,
        472,
        64,
        496,
        907,
        330,
        729,
        926,
        284,
        903,
        31,
        9,
        652,
        76,
        373,
        912,
        96,
        516,
        20,
        336,
        432,
        918,
        734,
        959,
        707,
        571,
        784,
        152,
        109,
        609,
        372,
        594,
        229,
        203,
        678,
        920,
        279,
        184,
        568,
        698,
        848,
        574,
        792,
        927,
        115,
        128,
        659,
        72,
        443,
        417,
        187,
        878,
        913,
        638,
        385,
        361,
        607,
        839,
        234,
        137,
        36,
        772,
        558,
        614,
        578,
        48,
        807,
        158,
        501,
        628,
        620,
        52,
        244,
        222,
        351,
        116,
        519,
        643,
        387,
        533,
        445,
        521,
        15,
        782,
        292,
        24,
        793,
        161,
        615,
        584,
        140,
        162,
        308,
        169,
        374,
        221,
        332,
        506,
        40,
        378,
        260,
        809,
        749,
        124,
        572,
        696,
        893,
        63,
        872,
        413,
        778,
        118,
        200,
        664,
        368,
        201,
        165,
        363,
        891,
        902,
        780,
        849,
        457,
        656,
        603,
        470,
        996,
        874,
        196,
        423,
        7,
        543,
        58,
        39,
        844,
        121,
        389,
        307,
        822,
        823,
        875,
        302,
        149,
        425,
        51,
        247,
        212,
        393,
        286,
        869,
        8,
        817,
        274,
        814,
        61,
        299,
        238,
        855,
        956,
        340,
        537,
        476,
        515,
        123,
        637,
        686,
        722,
        439,
        932,
        428,
        524,
        651,
        596,
        357,
        720,
        810,
        785,
        240,
        422,
        939,
        484,
        261,
        968,
        969,
        282,
        762,
        77,
        610,
        438,
        252,
        226,
        129,
        71,
        802,
        986,
        35,
        95,
        973,
        500,
        79,
        789,
        972,
        98,
        631,
        85,
        214,
        923,
        139,
        691,
        235,
        788,
        93,
        481,
        21,
        101,
        509,
        276,
        513,
        30,
        191,
        220,
        827,
        642,
        189,
        228,
        861,
        275,
        602,
        248,
        57,
        65,
        882,
        440,
        251,
        783,
        671,
        585,
        213,
        909,
        896,
        980,
        410,
        300,
        936,
        681,
        775,
        395,
        582,
        47,
        949,
        411,
        988,
        727,
        397,
        816,
        898,
        338,
        132,
        264,
        303,
        683,
        900,
        335,
        553,
        704,
        339,
        960,
        808,
        658,
        879,
        883,
        87,
        842,
        424,
        230,
        770,
        667,
        798,
        662,
        475,
        409,
        22,
        491,
        555,
        168,
        640,
        136,
        396,
        886,
        676,
        688,
        958,
        851,
        289,
        673,
        73,
        171,
        692,
        805,
        246,
        46,
        544,
        19,
        825,
        50,
        890,
        295,
        249,
        82,
        160,
        508,
        934,
        342,
        325,
        258,
        853,
        37,
        881,
        426,
        787,
        587,
        700,
        763,
        133,
        550,
        675,
        672,
        795,
        803,
        646,
        943,
        867,
        539,
        469,
        897,
        232,
        12,
        242,
        977,
        362,
        163,
        283,
        296,
        548,
        143
    ],
    "Global Optimum": 0,
    "Algorithm": "Genetic algorithm",
    "Parameters": {
        "population": 30,
        "offspring": 30,
        "mutation probability": 0.001,
        "crossover probability": 0.9
    },
    "Fitness": 1367262,
    "Solution": [
        942,
        834,
        108,
        608,
        327,
        690,
        826,
        741,
        173,
        859,
        81,
        207,
        884,
        154,
        580,
        990,
        388,
        265,
        204,
        719,
        740,
        666,
        765,
        473,
        976,
        178,
        44,
        404,
        298,
        27,
        419,
        962,
        748,
        733,
        465,
        647,
        757,
        966,
        570,
        233,
        239,
        384,
        148,
        420,
        270,
        954,
        726,
        97,
        845,
        865,
        83,
        862,
        180,
        287,
        437,
        217,
        13,
        916,
        206,
        761,
        854,
        225,
        648,
        70,
        293,
        669,
        447,
        461,
        796,
        379,
        928,
        846,
        172,
        323,
        486,
        245,
        880,
        931,
        687,
        758,
        459,
        730,
        889,
        536,
        993,
        619,
        843,
        488,
        629,
        746,
        120,
        62,
        738,
        613,
        963,
        818,
        297,
        564,
        414,
        460,
        645,
        60,
        45,
        353,
        885,
        871,
        908,
        18,
        938,
        285,
        99,
        751,
        650,
        538,
        868,
        951,
        950,
        328,
        964,
        480,
        102,
        915,
        540,
        14,
        947,
        122,
        838,
        56,
        583,
        654,
        914,
        503,
        263,
        665,
        223,
        965,
        732,
        262,
        710,
        728,
        255,
        764,
        752,
        333,
        345,
        575,
        383,
        864,
        281,
        2,
        547,
        466,
        311,
        6,
        997,
        471,
        315,
        797,
        291,
        272,
        456,
        190,
        170,
        199,
        549,
        759,
        510,
        591,
        278,
        474,
        557,
        981,
        55,
        626,
        985,
        624,
        448,
        712,
        811,
        599,
        29,
        713,
        542,
        661,
        597,
        478,
        211,
        267,
        392,
        828,
        126,
        41,
        402,
        153,
        857,
        569,
        957,
        167,
        175,
        776,
        618,
        635,
        852,
        604,
        224,
        146,
        69,
        695,
        350,
        541,
        625,
        54,
        103,
        801,
        636,
        88,
        59,
        532,
        313,
        706,
        144,
        449,
        34,
        401,
        634,
        978,
        306,
        735,
        894,
        0,
        559,
        107,
        364,
        899,
        32,
        294,
        773,
        10,
        717,
        767,
        183,
        771,
        197,
        453,
        271,
        946,
        644,
        450,
        142,
        138,
        937,
        42,
        998,
        860,
        769,
        632,
        346,
        112,
        290,
        841,
        375,
        682,
        157,
        819,
        992,
        522,
        982,
        442,
        606,
        835,
        319,
        468,
        944,
        641,
        753,
        832,
        17,
        592,
        693,
        104,
        23,
        724,
        371,
        403,
        381,
        301,
        576,
        237,
        507,
        742,
        431,
        703,
        312,
        130,
        498,
        910,
        78,
        25,
        495,
        970,
        418,
        254,
        639,
        971,
        365,
        721,
        322,
        622,
        716,
        895,
        979,
        43,
        870,
        806,
        483,
        49,
        344,
        702,
        987,
        477,
        166,
        948,
        670,
        208,
        551,
        941,
        718,
        215,
        794,
        26,
        151,
        355,
        145,
        176,
        994,
        181,
        745,
        708,
        4,
        490,
        367,
        581,
        394,
        820,
        147,
        467,
        433,
        436,
        179,
        1,
        493,
        929,
        390,
        605,
        924,
        630,
        601,
        259,
        406,
        711,
        649,
        188,
        922,
        366,
        701,
        836,
        354,
        627,
        530,
        523,
        400,
        598,
        408,
        935,
        86,
        612,
        257,
        781,
        92,
        451,
        174,
        343,
        511,
        905,
        566,
        499,
        589,
        590,
        91,
        391,
        657,
        975,
        494,
        416,
        731,
        697,
        655,
        804,
        28,
        131,
        74,
        356,
        482,
        877,
        337,
        66,
        660,
        5,
        552,
        341,
        919,
        554,
        305,
        318,
        127,
        317,
        901,
        999,
        114,
        316,
        633,
        429,
        623,
        961,
        967,
        984,
        917,
        617,
        155,
        505,
        562,
        989,
        273,
        16,
        446,
        3,
        679,
        444,
        288,
        699,
        921,
        940,
        100,
        415,
        310,
        684,
        352,
        441,
        525,
        535,
        231,
        556,
        209,
        253,
        454,
        799,
        837,
        105,
        573,
        485,
        800,
        725,
        329,
        331,
        360,
        774,
        754,
        911,
        236,
        202,
        955,
        786,
        358,
        435,
        320,
        141,
        452,
        858,
        399,
        747,
        983,
        326,
        531,
        134,
        892,
        953,
        198,
        930,
        744,
        219,
        856,
        933,
        68,
        497,
        694,
        80,
        269,
        405,
        737,
        830,
        653,
        386,
        94,
        689,
        89,
        370,
        831,
        526,
        382,
        421,
        723,
        766,
        84,
        755,
        560,
        462,
        159,
        925,
        527,
        565,
        194,
        218,
        67,
        840,
        398,
        904,
        256,
        600,
        90,
        829,
        621,
        334,
        561,
        205,
        674,
        577,
        850,
        185,
        680,
        266,
        182,
        991,
        349,
        616,
        863,
        434,
        563,
        407,
        567,
        280,
        111,
        376,
        663,
        192,
        150,
        492,
        529,
        309,
        348,
        866,
        243,
        756,
        768,
        164,
        833,
        412,
        113,
        847,
        668,
        177,
        813,
        512,
        347,
        790,
        464,
        125,
        53,
        455,
        534,
        110,
        888,
        314,
        195,
        760,
        873,
        38,
        504,
        546,
        714,
        739,
        186,
        715,
        268,
        876,
        324,
        463,
        906,
        479,
        709,
        579,
        705,
        887,
        514,
        369,
        380,
        304,
        359,
        750,
        528,
        377,
        517,
        117,
        995,
        586,
        216,
        821,
        791,
        520,
        119,
        743,
        135,
        545,
        458,
        193,
        945,
        321,
        250,
        736,
        75,
        677,
        210,
        489,
        779,
        824,
        106,
        487,
        685,
        156,
        812,
        227,
        611,
        277,
        427,
        974,
        11,
        952,
        777,
        815,
        588,
        241,
        33,
        518,
        502,
        593,
        430,
        595,
        472,
        64,
        496,
        907,
        330,
        729,
        926,
        284,
        903,
        31,
        9,
        652,
        76,
        373,
        912,
        96,
        516,
        20,
        336,
        432,
        918,
        734,
        959,
        707,
        571,
        784,
        152,
        109,
        609,
        372,
        594,
        229,
        203,
        678,
        920,
        279,
        184,
        568,
        698,
        848,
        574,
        792,
        927,
        115,
        128,
        659,
        72,
        443,
        417,
        187,
        878,
        913,
        638,
        385,
        361,
        607,
        839,
        234,
        137,
        36,
        772,
        558,
        614,
        578,
        48,
        807,
        158,
        501,
        628,
        620,
        52,
        244,
        222,
        351,
        116,
        519,
        643,
        387,
        533,
        445,
        521,
        15,
        782,
        292,
        24,
        793,
        161,
        615,
        584,
        140,
        162,
        308,
        169,
        374,
        221,
        332,
        506,
        40,
        378,
        260,
        809,
        749,
        124,
        572,
        696,
        893,
        63,
        872,
        413,
        778,
        118,
        200,
        664,
        368,
        201,
        165,
        363,
        891,
        902,
        780,
        849,
        457,
        656,
        603,
        470,
        996,
        874,
        196,
        423,
        7,
        543,
        58,
        39,
        844,
        121,
        389,
        307,
        822,
        823,
        875,
        302,
        149,
        425,
        51,
        247,
        212,
        393,
        286,
        869,
        8,
        817,
        274,
        814,
        61,
        299,
        238,
        855,
        956,
        340,
        537,
        476,
        515,
        123,
        637,
        686,
        722,
        439,
        932,
        428,
        524,
        651,
        596,
        357,
        720,
        810,
        785,
        240,
        422,
        939,
        484,
        261,
        968,
        969,
        282,
        762,
        77,
        610,
        438,
        252,
        226,
        129,
        71,
        802,
        986,
        35,
        95,
        973,
        500,
        79,
        789,
        972,
        98,
        631,
        85,
        214,
        923,
        139,
        691,
        235,
        788,
        93,
        481,
        21,
        101,
        509,
        276,
        513,
        30,
        191,
        220,
        827,
        642,
        189,
        228,
        861,
        275,
        602,
        248,
        57,
        65,
        882,
        440,
        251,
        783,
        671,
        585,
        213,
        909,
        896,
        980,
        410,
        300,
        936,
        681,
        775,
        395,
        582,
        47,
        949,
        411,
        988,
        727,
        397,
        816,
        898,
        338,
        132,
        264,
        303,
        683,
        900,
        335,
        553,
        704,
        339,
        960,
        808,
        658,
        879,
        883,
        87,
        842,
        424,
        230,
        770,
        667,
        798,
        662,
        475,
        409,
        22,
        491,
        555,
        168,
        640,
        136,
        396,
        886,
        676,
        688,
        958,
        851,
        289,
        673,
        73,
        171,
        692,
        805,
        246,
        46,
        544,
        19,
        825,
        50,
        890,
        295,
        249,
        82,
        160,
        508,
        934,
        342,
        325,
        258,
        853,
        37,
        881,
        426,
        787,
        587,
        700,
        763,
        133,
        550,
        675,
        672,
        795,
        803,
        646,
        943,
        867,
        539,
        469,
        897,
        232,
        12,
        242,
        977,
        362,
        163,
        283,
        296,
        548,
        143
    ],
    "Nb of functions evaluations": 50010,
    "Computational time in seconds": 1659.466774225235,
    "Stopping criterion in evaluations": 50000
}