7° run output:
{
    "Function": "kroB1000.tsp",
    "Problem dimension": [
        686,
        661,
        433,
        656,
        629,
        492,
        568,
        435,
        669,
        617,
        488,
        897,
        790,
        238,
        412,
        214,
        832,
        94,
        132,
        634,
        838,
        266,
        852,
        809,
        234,
        873,
        55,
        102,
        413,
        917,
        981,
        627,
        389,
        253,
        884,
        477,
        43,
        644,
        428,
        399,
        150,
        190,
        14,
        774,
        622,
        515,
        500,
        326,
        391,
        876,
        170,
        65,
        951,
        127,
        937,
        99,
        254,
        407,
        308,
        92,
        942,
        478,
        71,
        940,
        410,
        587,
        716,
        639,
        827,
        424,
        119,
        853,
        830,
        453,
        367,
        637,
        445,
        256,
        609,
        451,
        117,
        839,
        829,
        16,
        154,
        503,
        496,
        760,
        310,
        347,
        974,
        110,
        991,
        319,
        861,
        579,
        914,
        695,
        678,
        200,
        655,
        890,
        927,
        999,
        419,
        417,
        909,
        100,
        561,
        137,
        501,
        580,
        380,
        777,
        893,
        208,
        215,
        658,
        40,
        403,
        752,
        565,
        582,
        966,
        771,
        52,
        479,
        670,
        321,
        87,
        996,
        784,
        353,
        840,
        905,
        824,
        504,
        874,
        359,
        343,
        290,
        935,
        370,
        959,
        258,
        630,
        339,
        723,
        821,
        992,
        727,
        248,
        819,
        107,
        95,
        360,
        694,
        352,
        472,
        554,
        825,
        605,
        933,
        653,
        366,
        943,
        916,
        408,
        454,
        98,
        342,
        719,
        546,
        216,
        542,
        401,
        17,
        210,
        792,
        588,
        104,
        717,
        676,
        383,
        68,
        713,
        571,
        452,
        781,
        374,
        602,
        608,
        20,
        329,
        948,
        621,
        160,
        140,
        491,
        957,
        521,
        980,
        595,
        280,
        3,
        473,
        456,
        263,
        666,
        910,
        979,
        563,
        529,
        791,
        240,
        798,
        620,
        775,
        330,
        47,
        134,
        982,
        831,
        354,
        306,
        212,
        331,
        131,
        690,
        738,
        394,
        461,
        755,
        610,
        129,
        683,
        434,
        607,
        625,
        941,
        24,
        748,
        70,
        114,
        48,
        196,
        858,
        706,
        783,
        801,
        510,
        122,
        121,
        722,
        616,
        328,
        758,
        273,
        305,
        247,
        971,
        550,
        476,
        518,
        522,
        672,
        304,
        288,
        517,
        2,
        596,
        730,
        572,
        173,
        202,
        485,
        393,
        259,
        815,
        363,
        191,
        880,
        79,
        533,
        255,
        4,
        638,
        903,
        731,
        262,
        954,
        911,
        387,
        351,
        311,
        785,
        692,
        38,
        116,
        921,
        223,
        72,
        606,
        820,
        564,
        317,
        889,
        309,
        189,
        860,
        484,
        277,
        35,
        431,
        681,
        854,
        301,
        91,
        566,
        382,
        192,
        567,
        898,
        494,
        619,
        600,
        877,
        368,
        138,
        395,
        871,
        176,
        848,
        878,
        325,
        336,
        128,
        920,
        524,
        807,
        667,
        863,
        278,
        228,
        736,
        701,
        442,
        585,
        416,
        624,
        34,
        346,
        455,
        913,
        157,
        659,
        490,
        710,
        218,
        268,
        599,
        381,
        315,
        805,
        58,
        299,
        636,
        590,
        7,
        712,
        236,
        302,
        918,
        575,
        144,
        365,
        882,
        22,
        645,
        926,
        289,
        450,
        379,
        133,
        648,
        584,
        548,
        970,
        540,
        987,
        915,
        307,
        986,
        487,
        32,
        207,
        162,
        168,
        106,
        733,
        741,
        439,
        206,
        219,
        237,
        388,
        528,
        84,
        66,
        794,
        696,
        226,
        739,
        180,
        8,
        998,
        471,
        270,
        164,
        44,
        281,
        327,
        246,
        372,
        928,
        892,
        300,
        275,
        497,
        767,
        469,
        967,
        650,
        709,
        929,
        227,
        318,
        924,
        594,
        42,
        581,
        183,
        570,
        812,
        239,
        158,
        93,
        313,
        837,
        850,
        440,
        735,
        945,
        537,
        698,
        430,
        994,
        54,
        799,
        569,
        414,
        919,
        866,
        976,
        61,
        879,
        376,
        45,
        895,
        483,
        15,
        139,
        185,
        770,
        444,
        534,
        779,
        224,
        778,
        502,
        802,
        703,
        118,
        859,
        754,
        340,
        555,
        56,
        499,
        432,
        553,
        103,
        171,
        303,
        711,
        750,
        985,
        757,
        573,
        700,
        828,
        221,
        186,
        217,
        458,
        197,
        293,
        885,
        516,
        474,
        604,
        746,
        421,
        229,
        956,
        766,
        49,
        923,
        86,
        130,
        907,
        231,
        341,
        740,
        142,
        843,
        181,
        436,
        862,
        835,
        507,
        598,
        46,
        547,
        51,
        105,
        377,
        626,
        193,
        149,
        988,
        97,
        896,
        708,
        470,
        182,
        108,
        663,
        762,
        211,
        459,
        513,
        425,
        30,
        753,
        361,
        355,
        947,
        714,
        316,
        62,
        806,
        36,
        849,
        901,
        950,
        958,
        222,
        33,
        188,
        856,
        155,
        680,
        141,
        457,
        426,
        257,
        782,
        209,
        816,
        441,
        682,
        286,
        642,
        930,
        583,
        5,
        764,
        793,
        334,
        702,
        796,
        404,
        297,
        576,
        615,
        535,
        233,
        557,
        687,
        120,
        939,
        203,
        593,
        333,
        90,
        324,
        995,
        724,
        677,
        364,
        249,
        803,
        952,
        169,
        989,
        242,
        586,
        922,
        161,
        972,
        552,
        375,
        519,
        159,
        525,
        148,
        465,
        597,
        356,
        314,
        949,
        272,
        167,
        172,
        589,
        833,
        83,
        74,
        657,
        486,
        23,
        789,
        643,
        715,
        556,
        67,
        817,
        538,
        9,
        842,
        78,
        934,
        865,
        390,
        536,
        39,
        743,
        541,
        418,
        6,
        323,
        335,
        423,
        875,
        761,
        539,
        788,
        28,
        868,
        405,
        973,
        963,
        279,
        632,
        213,
        611,
        623,
        420,
        699,
        747,
        495,
        912,
        294,
        241,
        198,
        654,
        446,
        646,
        235,
        870,
        265,
        845,
        475,
        814,
        73,
        392,
        147,
        969,
        601,
        674,
        984,
        143,
        230,
        647,
        737,
        466,
        990,
        163,
        888,
        53,
        184,
        689,
        177,
        225,
        612,
        968,
        291,
        96,
        836,
        153,
        312,
        89,
        378,
        768,
        447,
        857,
        460,
        532,
        671,
        113,
        697,
        57,
        82,
        411,
        422,
        21,
        371,
        251,
        296,
        232,
        964,
        220,
        660,
        685,
        720,
        80,
        965,
        194,
        649,
        350,
        146,
        718,
        633,
        13,
        844,
        841,
        780,
        704,
        684,
        260,
        961,
        462,
        744,
        409,
        944,
        112,
        369,
        511,
        983,
        12,
        284,
        531,
        732,
        613,
        506,
        960,
        199,
        31,
        902,
        668,
        1,
        135,
        997,
        618,
        894,
        261,
        931,
        818,
        322,
        763,
        269,
        438,
        883,
        651,
        765,
        175,
        145,
        124,
        978,
        320,
        174,
        467,
        437,
        559,
        123,
        826,
        81,
        480,
        635,
        520,
        751,
        756,
        953,
        464,
        900,
        869,
        707,
        847,
        345,
        975,
        332,
        267,
        745,
        773,
        514,
        891,
        165,
        156,
        526,
        527,
        60,
        64,
        946,
        0,
        244,
        415,
        337,
        449,
        29,
        578,
        85,
        402,
        725,
        509,
        179,
        274,
        41,
        344,
        886,
        109,
        808,
        688,
        88,
        640,
        673,
        429,
        530,
        10,
        481,
        628,
        577,
        126,
        243,
        993,
        27,
        691,
        25,
        834,
        614,
        26,
        252,
        728,
        822,
        178,
        101,
        125,
        362,
        787,
        493,
        19,
        742,
        908,
        562,
        201,
        899,
        872,
        932,
        545,
        398,
        373,
        348,
        543,
        749,
        283,
        904,
        204,
        631,
        652,
        245,
        574,
        679,
        523,
        205,
        166,
        498,
        823,
        115,
        705,
        276,
        560,
        468,
        18,
        443,
        357,
        846,
        813,
        37,
        855,
        851,
        592,
        549,
        797,
        977,
        804,
        427,
        482,
        75,
        558,
        675,
        111,
        693,
        810,
        776,
        298,
        11,
        195,
        463,
        867,
        881,
        50,
        512,
        287,
        936,
        864,
        282,
        591,
        250,
        544,
        338,
        925,
        385,
        59,
        772,
        938,
        734,
        292,
        448,
        603,
        264,
        406,
        662,
        285,
        887,
        63,
        508,
        386,
        295,
        664,
        962,
        726,
        400,
        187,
        136,
        397,
        152,
        396,
        665,
        759,
        721,
        77,
        551,
        271,
        769,
        384,
        505,
        641,
        69,
        811,
        795,
        76,
        906,
        349,
        955,
        358,
        800,
        151,
        729,
        786,
        489
    ],
    "Global Optimum": 0,
    "Algorithm": "Genetic algorithm",
    "Parameters": {
        "population": 30,
        "offspring": 30,
        "mutation probability": 0.001,
        "crossover probability": 0.9
    },
    "Fitness": 1400830,
    "Solution": [
        686,
        661,
        433,
        656,
        629,
        492,
        568,
        435,
        669,
        617,
        488,
        897,
        790,
        238,
        412,
        214,
        832,
        94,
        132,
        634,
        838,
        266,
        852,
        809,
        234,
        873,
        55,
        102,
        413,
        917,
        981,
        627,
        389,
        253,
        884,
        477,
        43,
        644,
        428,
        399,
        150,
        190,
        14,
        774,
        622,
        515,
        500,
        326,
        391,
        876,
        170,
        65,
        951,
        127,
        937,
        99,
        254,
        407,
        308,
        92,
        942,
        478,
        71,
        940,
        410,
        587,
        716,
        639,
        827,
        424,
        119,
        853,
        830,
        453,
        367,
        637,
        445,
        256,
        609,
        451,
        117,
        839,
        829,
        16,
        154,
        503,
        496,
        760,
        310,
        347,
        974,
        110,
        991,
        319,
        861,
        579,
        914,
        695,
        678,
        200,
        655,
        890,
        927,
        999,
        419,
        417,
        909,
        100,
        561,
        137,
        501,
        580,
        380,
        777,
        893,
        208,
        215,
        658,
        40,
        403,
        752,
        565,
        582,
        966,
        771,
        52,
        479,
        670,
        321,
        87,
        996,
        784,
        353,
        840,
        905,
        824,
        504,
        874,
        359,
        343,
        290,
        935,
        370,
        959,
        258,
        630,
        339,
        723,
        821,
        992,
        727,
        248,
        819,
        107,
        95,
        360,
        694,
        352,
        472,
        554,
        825,
        605,
        933,
        653,
        366,
        943,
        916,
        408,
        454,
        98,
        342,
        719,
        546,
        216,
        542,
        401,
        17,
        210,
        792,
        588,
        104,
        717,
        676,
        383,
        68,
        713,
        571,
        452,
        781,
        374,
        602,
        608,
        20,
        329,
        948,
        621,
        160,
        140,
        491,
        957,
        521,
        980,
        595,
        280,
        3,
        473,
        456,
        263,
        666,
        910,
        979,
        563,
        529,
        791,
        240,
        798,
        620,
        775,
        330,
        47,
        134,
        982,
        831,
        354,
        306,
        212,
        331,
        131,
        690,
        738,
        394,
        461,
        755,
        610,
        129,
        683,
        434,
        607,
        625,
        941,
        24,
        748,
        70,
        114,
        48,
        196,
        858,
        706,
        783,
        801,
        510,
        122,
        121,
        722,
        616,
        328,
        758,
        273,
        305,
        247,
        971,
        550,
        476,
        518,
        522,
        672,
        304,
        288,
        517,
        2,
        596,
        730,
        572,
        173,
        202,
        485,
        393,
        259,
        815,
        363,
        191,
        880,
        79,
        533,
        255,
        4,
        638,
        903,
        731,
        262,
        954,
        911,
        387,
        351,
        311,
        785,
        692,
        38,
        116,
        921,
        223,
        72,
        606,
        820,
        564,
        317,
        889,
        309,
        189,
        860,
        484,
        277,
        35,
        431,
        681,
        854,
        301,
        91,
        566,
        382,
        192,
        567,
        898,
        494,
        619,
        600,
        877,
        368,
        138,
        395,
        871,
        176,
        848,
        878,
        325,
        336,
        128,
        920,
        524,
        807,
        667,
        863,
        278,
        228,
        736,
        701,
        442,
        585,
        416,
        624,
        34,
        346,
        455,
        913,
        157,
        659,
        490,
        710,
        218,
        268,
        599,
        381,
        315,
        805,
        58,
        299,
        636,
        590,
        7,
        712,
        236,
        302,
        918,
        575,
        144,
        365,
        882,
        22,
        645,
        926,
        289,
        450,
        379,
        133,
        648,
        584,
        548,
        970,
        540,
        987,
        915,
        307,
        986,
        487,
        32,
        207,
        162,
        168,
        106,
        733,
        741,
        439,
        206,
        219,
        237,
        388,
        528,
        84,
        66,
        794,
        696,
        226,
        739,
        180,
        8,
        998,
        471,
        270,
        164,
        44,
        281,
        327,
        246,
        372,
        928,
        892,
        300,
        275,
        497,
        767,
        469,
        967,
        650,
        709,
        929,
        227,
        318,
        924,
        594,
        42,
        581,
        183,
        570,
        812,
        239,
        158,
        93,
        313,
        837,
        850,
        440,
        735,
        945,
        537,
        698,
        430,
        994,
        54,
        799,
        569,
        414,
        919,
        866,
        976,
        61,
        879,
        376,
        45,
        895,
        483,
        15,
        139,
        185,
        770,
        444,
        534,
        779,
        224,
        778,
        502,
        802,
        703,
        118,
        859,
        754,
        340,
        555,
        56,
        499,
        432,
        553,
        103,
        171,
        303,
        711,
        750,
        985,
        757,
        573,
        700,
        828,
        221,
        186,
        217,
        458,
        197,
        293,
        885,
        516,
        474,
        604,
        746,
        421,
        229,
        956,
        766,
        49,
        923,
        86,
        130,
        907,
        231,
        341,
        740,
        142,
        843,
        181,
        436,
        862,
        835,
        507,
        598,
        46,
        547,
        51,
        105,
        377,
        626,
        193,
        149,
        988,
        97,
        896,
        708,
        470,
        182,
        108,
        663,
        762,
        211,
        459,
        513,
        425,
        30,
        753,
        361,
        355,
        947,
        714,
        316,
        62,
        806,
        36,
        849,
        901,
        950,
        958,
        222,
        33,
        188,
        856,
        155,
        680,
        141,
        457,
        426,
        257,
        782,
        209,
        816,
        441,
        682,
        286,
        642,
        930,
        583,
        5,
        764,
        793,
        334,
        702,
        796,
        404,
        297,
        576,
        615,
        535,
        233,
        557,
        687,
        120,
        939,
        203,
        593,
        333,
        90,
        324,
        995,
        724,
        677,
        364,
        249,
        803,
        952,
        169,
        989,
        242,
        586,
        922,
        161,
        972,
        552,
        375,
        519,
        159,
        525,
        148,
        465,
        597,
        356,
        314,
        949,
        272,
        167,
        172,
        589,
        833,
        83,
        74,
        657,
        486,
        23,
        789,
        643,
        715,
        556,
        67,
        817,
        538,
        9,
        842,
        78,
        934,
        865,
        390,
        536,
        39,
        743,
        541,
        418,
        6,
        323,
        335,
        423,
        875,
        761,
        539,
        788,
        28,
        868,
        405,
        973,
        963,
        279,
        632,
        213,
        611,
        623,
        420,
        699,
        747,
        495,
        912,
        294,
        241,
        198,
        654,
        446,
        646,
        235,
        870,
        265,
        845,
        475,
        814,
        73,
        392,
        147,
        969,
        601,
        674,
        984,
        143,
        230,
        647,
        737,
        466,
        990,
        163,
        888,
        53,
        184,
        689,
        177,
        225,
        612,
        968,
        291,
        96,
        836,
        153,
        312,
        89,
        378,
        768,
        447,
        857,
        460,
        532,
        671,
        113,
        697,
        57,
        82,
        411,
        422,
        21,
        371,
        251,
        296,
        232,
        964,
        220,
        660,
        685,
        720,
        80,
        965,
        194,
        649,
        350,
        146,
        718,
        633,
        13,
        844,
        841,
        780,
        704,
        684,
        260,
        961,
        462,
        744,
        409,
        944,
        112,
        369,
        511,
        983,
        12,
        284,
        531,
        732,
        613,
        506,
        960,
        199,
        31,
        902,
        668,
        1,
        135,
        997,
        618,
        894,
        261,
        931,
        818,
        322,
        763,
        269,
        438,
        883,
        651,
        765,
        175,
        145,
        124,
        978,
        320,
        174,
        467,
        437,
        559,
        123,
        826,
        81,
        480,
        635,
        520,
        751,
        756,
        953,
        464,
        900,
        869,
        707,
        847,
        345,
        975,
        332,
        267,
        745,
        773,
        514,
        891,
        165,
        156,
        526,
        527,
        60,
        64,
        946,
        0,
        244,
        415,
        337,
        449,
        29,
        578,
        85,
        402,
        725,
        509,
        179,
        274,
        41,
        344,
        886,
        109,
        808,
        688,
        88,
        640,
        673,
        429,
        530,
        10,
        481,
        628,
        577,
        126,
        243,
        993,
        27,
        691,
        25,
        834,
        614,
        26,
        252,
        728,
        822,
        178,
        101,
        125,
        362,
        787,
        493,
        19,
        742,
        908,
        562,
        201,
        899,
        872,
        932,
        545,
        398,
        373,
        348,
        543,
        749,
        283,
        904,
        204,
        631,
        652,
        245,
        574,
        679,
        523,
        205,
        166,
        498,
        823,
        115,
        705,
        276,
        560,
        468,
        18,
        443,
        357,
        846,
        813,
        37,
        855,
        851,
        592,
        549,
        797,
        977,
        804,
        427,
        482,
        75,
        558,
        675,
        111,
        693,
        810,
        776,
        298,
        11,
        195,
        463,
        867,
        881,
        50,
        512,
        287,
        936,
        864,
        282,
        591,
        250,
        544,
        338,
        925,
        385,
        59,
        772,
        938,
        734,
        292,
        448,
        603,
        264,
        406,
        662,
        285,
        887,
        63,
        508,
        386,
        295,
        664,
        962,
        726,
        400,
        187,
        136,
        397,
        152,
        396,
        665,
        759,
        721,
        77,
        551,
        271,
        769,
        384,
        505,
        641,
        69,
        811,
        795,
        76,
        906,
        349,
        955,
        358,
        800,
        151,
        729,
        786,
        489
    ],
    "Nb of functions evaluations": 50010,
    "Computational time in seconds": 1413.1147327423096,
    "Stopping criterion in evaluations": 50000
}