13° run output:
{
    "Function": "kroB1000.tsp",
    "Problem dimension": [
        538,
        481,
        377,
        684,
        683,
        997,
        880,
        994,
        393,
        549,
        957,
        660,
        204,
        165,
        99,
        532,
        578,
        196,
        492,
        360,
        263,
        909,
        87,
        832,
        24,
        555,
        191,
        824,
        524,
        124,
        36,
        369,
        774,
        221,
        428,
        615,
        41,
        536,
        324,
        860,
        380,
        229,
        0,
        371,
        821,
        915,
        208,
        245,
        960,
        417,
        507,
        56,
        964,
        444,
        450,
        213,
        359,
        969,
        724,
        65,
        751,
        526,
        318,
        953,
        148,
        512,
        685,
        118,
        677,
        23,
        106,
        622,
        943,
        60,
        744,
        670,
        173,
        597,
        635,
        771,
        172,
        701,
        504,
        308,
        897,
        135,
        53,
        963,
        928,
        977,
        828,
        723,
        867,
        838,
        389,
        719,
        932,
        372,
        155,
        234,
        459,
        477,
        579,
        612,
        643,
        654,
        260,
        542,
        220,
        202,
        257,
        939,
        180,
        768,
        871,
        982,
        453,
        462,
        7,
        601,
        350,
        893,
        644,
        848,
        537,
        588,
        20,
        419,
        322,
        911,
        762,
        551,
        672,
        788,
        35,
        356,
        2,
        853,
        556,
        317,
        493,
        796,
        625,
        983,
        494,
        826,
        344,
        917,
        961,
        464,
        803,
        217,
        405,
        400,
        571,
        19,
        489,
        281,
        305,
        655,
        210,
        596,
        570,
        101,
        457,
        797,
        352,
        17,
        102,
        105,
        778,
        454,
        502,
        506,
        887,
        900,
        443,
        808,
        583,
        674,
        520,
        689,
        452,
        927,
        354,
        66,
        321,
        985,
        799,
        716,
        710,
        136,
        469,
        139,
        338,
        197,
        355,
        287,
        813,
        740,
        426,
        921,
        386,
        167,
        76,
        458,
        241,
        250,
        396,
        920,
        293,
        822,
        875,
        333,
        916,
        629,
        407,
        341,
        388,
        638,
        54,
        807,
        758,
        782,
        430,
        679,
        642,
        368,
        673,
        572,
        235,
        589,
        664,
        239,
        755,
        491,
        987,
        594,
        645,
        926,
        329,
        935,
        158,
        938,
        714,
        727,
        154,
        77,
        429,
        271,
        363,
        885,
        120,
        575,
        699,
        531,
        896,
        249,
        734,
        930,
        566,
        166,
        421,
        455,
        193,
        185,
        280,
        745,
        300,
        598,
        404,
        882,
        975,
        763,
        98,
        238,
        785,
        979,
        219,
        147,
        39,
        276,
        825,
        74,
        652,
        169,
        637,
        505,
        729,
        733,
        529,
        925,
        27,
        278,
        474,
        448,
        303,
        130,
        530,
        659,
        122,
        545,
        573,
        918,
        13,
        170,
        713,
        515,
        295,
        636,
        754,
        485,
        814,
        374,
        581,
        958,
        593,
        550,
        786,
        732,
        243,
        941,
        301,
        471,
        776,
        224,
        119,
        449,
        358,
        414,
        662,
        582,
        40,
        109,
        22,
        510,
        817,
        750,
        256,
        631,
        95,
        265,
        192,
        717,
        50,
        488,
        284,
        687,
        991,
        743,
        14,
        268,
        332,
        334,
        473,
        468,
        394,
        614,
        264,
        844,
        244,
        810,
        461,
        55,
        902,
        508,
        761,
        890,
        438,
        38,
        4,
        482,
        437,
        521,
        978,
        205,
        337,
        959,
        559,
        780,
        63,
        999,
        427,
        980,
        163,
        176,
        901,
        669,
        752,
        174,
        242,
        946,
        116,
        702,
        123,
        663,
        691,
        385,
        228,
        558,
        805,
        907,
        34,
        248,
        618,
        845,
        29,
        765,
        58,
        557,
        456,
        364,
        519,
        802,
        569,
        886,
        145,
        315,
        186,
        692,
        904,
        996,
        113,
        841,
        703,
        837,
        10,
        16,
        599,
        843,
        518,
        936,
        898,
        171,
        8,
        325,
        157,
        798,
        711,
        466,
        865,
        889,
        667,
        681,
        610,
        387,
        878,
        514,
        188,
        656,
        247,
        883,
        852,
        409,
        945,
        275,
        395,
        974,
        484,
        231,
        650,
        715,
        735,
        440,
        760,
        894,
        565,
        232,
        100,
        790,
        992,
        328,
        290,
        816,
        696,
        121,
        225,
        700,
        731,
        152,
        873,
        849,
        950,
        134,
        465,
        671,
        784,
        564,
        541,
        309,
        3,
        274,
        297,
        384,
        855,
        78,
        833,
        86,
        168,
        658,
        947,
        93,
        361,
        441,
        415,
        779,
        411,
        179,
        868,
        522,
        292,
        870,
        794,
        470,
        353,
        634,
        623,
        561,
        194,
        18,
        891,
        348,
        737,
        211,
        856,
        279,
        818,
        92,
        299,
        44,
        693,
        793,
        864,
        451,
        540,
        705,
        869,
        709,
        401,
        940,
        801,
        998,
        326,
        311,
        553,
        57,
        787,
        433,
        688,
        294,
        767,
        866,
        47,
        968,
        665,
        32,
        298,
        133,
        605,
        831,
        626,
        25,
        117,
        563,
        560,
        59,
        487,
        254,
        903,
        28,
        989,
        857,
        88,
        190,
        967,
        51,
        543,
        546,
        772,
        475,
        223,
        486,
        447,
        378,
        630,
        850,
        184,
        442,
        215,
        207,
        923,
        432,
        948,
        182,
        37,
        657,
        150,
        80,
        323,
        365,
        842,
        525,
        649,
        937,
        410,
        534,
        306,
        82,
        285,
        397,
        89,
        181,
        628,
        12,
        639,
        966,
        840,
        320,
        516,
        435,
        697,
        49,
        345,
        403,
        336,
        820,
        809,
        829,
        84,
        984,
        137,
        718,
        513,
        544,
        390,
        335,
        884,
        609,
        676,
        127,
        200,
        480,
        862,
        434,
        187,
        375,
        739,
        189,
        85,
        342,
        132,
        146,
        640,
        472,
        21,
        112,
        83,
        33,
        606,
        568,
        707,
        547,
        720,
        381,
        398,
        554,
        738,
        651,
        633,
        993,
        94,
        501,
        240,
        600,
        574,
        164,
        646,
        694,
        753,
        206,
        823,
        877,
        327,
        517,
        424,
        314,
        319,
        467,
        212,
        736,
        366,
        924,
        209,
        585,
        376,
        291,
        800,
        267,
        819,
        490,
        370,
        373,
        580,
        346,
        973,
        289,
        955,
        965,
        981,
        402,
        528,
        972,
        423,
        253,
        201,
        246,
        846,
        607,
        270,
        183,
        156,
        11,
        463,
        198,
        839,
        125,
        339,
        108,
        934,
        412,
        956,
        439,
        222,
        712,
        567,
        43,
        382,
        425,
        269,
        811,
        783,
        942,
        143,
        73,
        769,
        283,
        971,
        913,
        773,
        836,
        704,
        340,
        110,
        990,
        115,
        128,
        90,
        313,
        933,
        162,
        177,
        479,
        392,
        104,
        722,
        422,
        976,
        478,
        288,
        6,
        30,
        872,
        804,
        255,
        931,
        603,
        273,
        61,
        199,
        497,
        806,
        621,
        892,
        500,
        418,
        96,
        503,
        686,
        619,
        159,
        399,
        216,
        15,
        876,
        535,
        103,
        391,
        912,
        608,
        126,
        203,
        995,
        888,
        548,
        79,
        602,
        595,
        5,
        951,
        552,
        144,
        919,
        237,
        675,
        357,
        962,
        562,
        908,
        42,
        160,
        725,
        954,
        770,
        757,
        742,
        922,
        9,
        533,
        71,
        632,
        905,
        262,
        949,
        62,
        331,
        151,
        282,
        138,
        351,
        483,
        863,
        791,
        661,
        879,
        775,
        861,
        899,
        858,
        75,
        587,
        847,
        648,
        695,
        81,
        227,
        617,
        690,
        431,
        111,
        406,
        730,
        258,
        91,
        460,
        107,
        214,
        759,
        307,
        416,
        952,
        812,
        881,
        304,
        114,
        627,
        741,
        31,
        408,
        859,
        141,
        929,
        296,
        413,
        26,
        69,
        792,
        748,
        834,
        970,
        1,
        302,
        509,
        641,
        349,
        523,
        446,
        576,
        815,
        195,
        218,
        251,
        310,
        668,
        706,
        682,
        584,
        286,
        511,
        827,
        721,
        781,
        316,
        830,
        72,
        347,
        362,
        259,
        64,
        330,
        230,
        592,
        747,
        698,
        142,
        591,
        233,
        944,
        261,
        252,
        577,
        476,
        272,
        616,
        874,
        647,
        46,
        236,
        851,
        68,
        277,
        52,
        590,
        379,
        835,
        756,
        678,
        266,
        666,
        445,
        766,
        420,
        586,
        728,
        149,
        986,
        680,
        914,
        129,
        226,
        343,
        895,
        539,
        527,
        436,
        161,
        140,
        746,
        764,
        153,
        499,
        495,
        789,
        777,
        620,
        604,
        795,
        70,
        45,
        178,
        175,
        611,
        383,
        988,
        97,
        496,
        498,
        910,
        906,
        312,
        48,
        726,
        708,
        613,
        854,
        367,
        749,
        653,
        131,
        67,
        624
    ],
    "Global Optimum": 0,
    "Algorithm": "Genetic algorithm",
    "Parameters": {
        "population": 30,
        "offspring": 30,
        "mutation probability": 0.001,
        "crossover probability": 0.9
    },
    "Fitness": 1406296,
    "Solution": [
        538,
        481,
        377,
        684,
        683,
        997,
        880,
        994,
        393,
        549,
        957,
        660,
        204,
        165,
        99,
        532,
        578,
        196,
        492,
        360,
        263,
        909,
        87,
        832,
        24,
        555,
        191,
        824,
        524,
        124,
        36,
        369,
        774,
        221,
        428,
        615,
        41,
        536,
        324,
        860,
        380,
        229,
        0,
        371,
        821,
        915,
        208,
        245,
        960,
        417,
        507,
        56,
        964,
        444,
        450,
        213,
        359,
        969,
        724,
        65,
        751,
        526,
        318,
        953,
        148,
        512,
        685,
        118,
        677,
        23,
        106,
        622,
        943,
        60,
        744,
        670,
        173,
        597,
        635,
        771,
        172,
        701,
        504,
        308,
        897,
        135,
        53,
        963,
        928,
        977,
        828,
        723,
        867,
        838,
        389,
        719,
        932,
        372,
        155,
        234,
        459,
        477,
        579,
        612,
        643,
        654,
        260,
        542,
        220,
        202,
        257,
        939,
        180,
        768,
        871,
        982,
        453,
        462,
        7,
        601,
        350,
        893,
        644,
        848,
        537,
        588,
        20,
        419,
        322,
        911,
        762,
        551,
        672,
        788,
        35,
        356,
        2,
        853,
        556,
        317,
        493,
        796,
        625,
        983,
        494,
        826,
        344,
        917,
        961,
        464,
        803,
        217,
        405,
        400,
        571,
        19,
        489,
        281,
        305,
        655,
        210,
        596,
        570,
        101,
        457,
        797,
        352,
        17,
        102,
        105,
        778,
        454,
        502,
        506,
        887,
        900,
        443,
        808,
        583,
        674,
        520,
        689,
        452,
        927,
        354,
        66,
        321,
        985,
        799,
        716,
        710,
        136,
        469,
        139,
        338,
        197,
        355,
        287,
        813,
        740,
        426,
        921,
        386,
        167,
        76,
        458,
        241,
        250,
        396,
        920,
        293,
        822,
        875,
        333,
        916,
        629,
        407,
        341,
        388,
        638,
        54,
        807,
        758,
        782,
        430,
        679,
        642,
        368,
        673,
        572,
        235,
        589,
        664,
        239,
        755,
        491,
        987,
        594,
        645,
        926,
        329,
        935,
        158,
        938,
        714,
        727,
        154,
        77,
        429,
        271,
        363,
        885,
        120,
        575,
        699,
        531,
        896,
        249,
        734,
        930,
        566,
        166,
        421,
        455,
        193,
        185,
        280,
        745,
        300,
        598,
        404,
        882,
        975,
        763,
        98,
        238,
        785,
        979,
        219,
        147,
        39,
        276,
        825,
        74,
        652,
        169,
        637,
        505,
        729,
        733,
        529,
        925,
        27,
        278,
        474,
        448,
        303,
        130,
        530,
        659,
        122,
        545,
        573,
        918,
        13,
        170,
        713,
        515,
        295,
        636,
        754,
        485,
        814,
        374,
        581,
        958,
        593,
        550,
        786,
        732,
        243,
        941,
        301,
        471,
        776,
        224,
        119,
        449,
        358,
        414,
        662,
        582,
        40,
        109,
        22,
        510,
        817,
        750,
        256,
        631,
        95,
        265,
        192,
        717,
        50,
        488,
        284,
        687,
        991,
        743,
        14,
        268,
        332,
        334,
        473,
        468,
        394,
        614,
        264,
        844,
        244,
        810,
        461,
        55,
        902,
        508,
        761,
        890,
        438,
        38,
        4,
        482,
        437,
        521,
        978,
        205,
        337,
        959,
        559,
        780,
        63,
        999,
        427,
        980,
        163,
        176,
        901,
        669,
        752,
        174,
        242,
        946,
        116,
        702,
        123,
        663,
        691,
        385,
        228,
        558,
        805,
        907,
        34,
        248,
        618,
        845,
        29,
        765,
        58,
        557,
        456,
        364,
        519,
        802,
        569,
        886,
        145,
        315,
        186,
        692,
        904,
        996,
        113,
        841,
        703,
        837,
        10,
        16,
        599,
        843,
        518,
        936,
        898,
        171,
        8,
        325,
        157,
        798,
        711,
        466,
        865,
        889,
        667,
        681,
        610,
        387,
        878,
        514,
        188,
        656,
        247,
        883,
        852,
        409,
        945,
        275,
        395,
        974,
        484,
        231,
        650,
        715,
        735,
        440,
        760,
        894,
        565,
        232,
        100,
        790,
        992,
        328,
        290,
        816,
        696,
        121,
        225,
        700,
        731,
        152,
        873,
        849,
        950,
        134,
        465,
        671,
        784,
        564,
        541,
        309,
        3,
        274,
        297,
        384,
        855,
        78,
        833,
        86,
        168,
        658,
        947,
        93,
        361,
        441,
        415,
        779,
        411,
        179,
        868,
        522,
        292,
        870,
        794,
        470,
        353,
        634,
        623,
        561,
        194,
        18,
        891,
        348,
        737,
        211,
        856,
        279,
        818,
        92,
        299,
        44,
        693,
        793,
        864,
        451,
        540,
        705,
        869,
        709,
        401,
        940,
        801,
        998,
        326,
        311,
        553,
        57,
        787,
        433,
        688,
        294,
        767,
        866,
        47,
        968,
        665,
        32,
        298,
        133,
        605,
        831,
        626,
        25,
        117,
        563,
        560,
        59,
        487,
        254,
        903,
        28,
        989,
        857,
        88,
        190,
        967,
        51,
        543,
        546,
        772,
        475,
        223,
        486,
        447,
        378,
        630,
        850,
        184,
        442,
        215,
        207,
        923,
        432,
        948,
        182,
        37,
        657,
        150,
        80,
        323,
        365,
        842,
        525,
        649,
        937,
        410,
        534,
        306,
        82,
        285,
        397,
        89,
        181,
        628,
        12,
        639,
        966,
        840,
        320,
        516,
        435,
        697,
        49,
        345,
        403,
        336,
        820,
        809,
        829,
        84,
        984,
        137,
        718,
        513,
        544,
        390,
        335,
        884,
        609,
        676,
        127,
        200,
        480,
        862,
        434,
        187,
        375,
        739,
        189,
        85,
        342,
        132,
        146,
        640,
        472,
        21,
        112,
        83,
        33,
        606,
        568,
        707,
        547,
        720,
        381,
        398,
        554,
        738,
        651,
        633,
        993,
        94,
        501,
        240,
        600,
        574,
        164,
        646,
        694,
        753,
        206,
        823,
        877,
        327,
        517,
        424,
        314,
        319,
        467,
        212,
        736,
        366,
        924,
        209,
        585,
        376,
        291,
        800,
        267,
        819,
        490,
        370,
        373,
        580,
        346,
        973,
        289,
        955,
        965,
        981,
        402,
        528,
        972,
        423,
        253,
        201,
        246,
        846,
        607,
        270,
        183,
        156,
        11,
        463,
        198,
        839,
        125,
        339,
        108,
        934,
        412,
        956,
        439,
        222,
        712,
        567,
        43,
        382,
        425,
        269,
        811,
        783,
        942,
        143,
        73,
        769,
        283,
        971,
        913,
        773,
        836,
        704,
        340,
        110,
        990,
        115,
        128,
        90,
        313,
        933,
        162,
        177,
        479,
        392,
        104,
        722,
        422,
        976,
        478,
        288,
        6,
        30,
        872,
        804,
        255,
        931,
        603,
        273,
        61,
        199,
        497,
        806,
        621,
        892,
        500,
        418,
        96,
        503,
        686,
        619,
        159,
        399,
        216,
        15,
        876,
        535,
        103,
        391,
        912,
        608,
        126,
        203,
        995,
        888,
        548,
        79,
        602,
        595,
        5,
        951,
        552,
        144,
        919,
        237,
        675,
        357,
        962,
        562,
        908,
        42,
        160,
        725,
        954,
        770,
        757,
        742,
        922,
        9,
        533,
        71,
        632,
        905,
        262,
        949,
        62,
        331,
        151,
        282,
        138,
        351,
        483,
        863,
        791,
        661,
        879,
        775,
        861,
        899,
        858,
        75,
        587,
        847,
        648,
        695,
        81,
        227,
        617,
        690,
        431,
        111,
        406,
        730,
        258,
        91,
        460,
        107,
        214,
        759,
        307,
        416,
        952,
        812,
        881,
        304,
        114,
        627,
        741,
        31,
        408,
        859,
        141,
        929,
        296,
        413,
        26,
        69,
        792,
        748,
        834,
        970,
        1,
        302,
        509,
        641,
        349,
        523,
        446,
        576,
        815,
        195,
        218,
        251,
        310,
        668,
        706,
        682,
        584,
        286,
        511,
        827,
        721,
        781,
        316,
        830,
        72,
        347,
        362,
        259,
        64,
        330,
        230,
        592,
        747,
        698,
        142,
        591,
        233,
        944,
        261,
        252,
        577,
        476,
        272,
        616,
        874,
        647,
        46,
        236,
        851,
        68,
        277,
        52,
        590,
        379,
        835,
        756,
        678,
        266,
        666,
        445,
        766,
        420,
        586,
        728,
        149,
        986,
        680,
        914,
        129,
        226,
        343,
        895,
        539,
        527,
        436,
        161,
        140,
        746,
        764,
        153,
        499,
        495,
        789,
        777,
        620,
        604,
        795,
        70,
        45,
        178,
        175,
        611,
        383,
        988,
        97,
        496,
        498,
        910,
        906,
        312,
        48,
        726,
        708,
        613,
        854,
        367,
        749,
        653,
        131,
        67,
        624
    ],
    "Nb of functions evaluations": 50010,
    "Computational time in seconds": 1554.4912073612213,
    "Stopping criterion in evaluations": 50000
}