26° run output:
{
    "Function": "kroB1000.tsp",
    "Problem dimension": [
        644,
        91,
        938,
        614,
        757,
        609,
        540,
        421,
        618,
        576,
        260,
        170,
        363,
        372,
        761,
        734,
        813,
        166,
        902,
        581,
        634,
        806,
        330,
        726,
        403,
        28,
        25,
        273,
        223,
        422,
        952,
        409,
        673,
        624,
        711,
        650,
        495,
        14,
        556,
        190,
        847,
        845,
        933,
        328,
        828,
        359,
        972,
        998,
        391,
        36,
        214,
        464,
        683,
        835,
        208,
        184,
        984,
        267,
        293,
        401,
        146,
        631,
        89,
        851,
        990,
        66,
        800,
        919,
        626,
        960,
        248,
        142,
        739,
        153,
        989,
        318,
        971,
        381,
        778,
        309,
        77,
        430,
        697,
        975,
        108,
        420,
        764,
        640,
        686,
        841,
        564,
        770,
        812,
        279,
        350,
        714,
        549,
        269,
        932,
        483,
        115,
        263,
        474,
        38,
        353,
        738,
        824,
        116,
        561,
        567,
        923,
        562,
        450,
        463,
        622,
        991,
        195,
        436,
        741,
        825,
        484,
        815,
        37,
        837,
        893,
        301,
        861,
        428,
        487,
        385,
        198,
        342,
        523,
        782,
        125,
        43,
        616,
        369,
        708,
        24,
        163,
        519,
        850,
        934,
        314,
        3,
        914,
        252,
        227,
        536,
        389,
        478,
        182,
        762,
        718,
        338,
        418,
        712,
        161,
        988,
        678,
        312,
        926,
        449,
        740,
        378,
        817,
        335,
        888,
        520,
        292,
        75,
        656,
        362,
        874,
        274,
        637,
        242,
        243,
        978,
        444,
        298,
        319,
        925,
        942,
        780,
        250,
        550,
        294,
        832,
        627,
        310,
        792,
        473,
        753,
        511,
        365,
        791,
        664,
        124,
        524,
        951,
        891,
        52,
        862,
        17,
        425,
        779,
        53,
        210,
        465,
        994,
        955,
        595,
        766,
        859,
        201,
        382,
        909,
        368,
        696,
        763,
        438,
        241,
        272,
        316,
        846,
        939,
        402,
        99,
        956,
        710,
        253,
        383,
        74,
        417,
        447,
        743,
        83,
        482,
        667,
        921,
        750,
        499,
        528,
        80,
        983,
        736,
        443,
        503,
        27,
        233,
        46,
        228,
        687,
        529,
        1,
        974,
        645,
        868,
        211,
        305,
        466,
        979,
        512,
        684,
        987,
        11,
        912,
        744,
        737,
        855,
        6,
        122,
        767,
        136,
        593,
        580,
        997,
        469,
        853,
        876,
        171,
        768,
        507,
        790,
        506,
        33,
        118,
        439,
        468,
        97,
        8,
        69,
        705,
        150,
        226,
        240,
        429,
        73,
        797,
        931,
        343,
        694,
        86,
        937,
        760,
        259,
        901,
        130,
        964,
        123,
        127,
        811,
        598,
        785,
        604,
        953,
        471,
        19,
        172,
        781,
        943,
        105,
        237,
        63,
        870,
        535,
        218,
        39,
        646,
        351,
        985,
        94,
        399,
        221,
        440,
        589,
        334,
        504,
        224,
        836,
        20,
        663,
        112,
        152,
        488,
        455,
        981,
        92,
        325,
        281,
        601,
        671,
        502,
        427,
        333,
        289,
        727,
        186,
        453,
        668,
        4,
        139,
        35,
        603,
        886,
        277,
        207,
        194,
        479,
        183,
        446,
        30,
        897,
        666,
        160,
        521,
        361,
        18,
        547,
        57,
        906,
        537,
        747,
        236,
        26,
        639,
        104,
        872,
        435,
        491,
        831,
        2,
        619,
        113,
        278,
        655,
        70,
        472,
        234,
        808,
        745,
        222,
        426,
        167,
        896,
        135,
        605,
        51,
        716,
        230,
        913,
        854,
        31,
        498,
        345,
        433,
        134,
        460,
        56,
        98,
        517,
        674,
        489,
        875,
        966,
        461,
        789,
        607,
        724,
        651,
        731,
        652,
        454,
        255,
        202,
        23,
        829,
        22,
        185,
        204,
        629,
        299,
        229,
        452,
        999,
        805,
        514,
        9,
        90,
        145,
        793,
        977,
        596,
        884,
        196,
        940,
        513,
        282,
        733,
        807,
        404,
        371,
        630,
        85,
        818,
        542,
        954,
        410,
        415,
        332,
        715,
        364,
        258,
        307,
        799,
        110,
        585,
        62,
        777,
        635,
        490,
        344,
        602,
        193,
        55,
        121,
        751,
        928,
        804,
        476,
        883,
        387,
        60,
        13,
        285,
        842,
        21,
        625,
        326,
        935,
        189,
        615,
        87,
        551,
        775,
        467,
        905,
        530,
        889,
        456,
        570,
        380,
        709,
        156,
        169,
        148,
        40,
        916,
        649,
        48,
        393,
        414,
        810,
        735,
        692,
        869,
        154,
        929,
        197,
        638,
        337,
        151,
        917,
        336,
        101,
        880,
        887,
        44,
        67,
        827,
        203,
        819,
        641,
        728,
        721,
        871,
        508,
        5,
        962,
        238,
        500,
        59,
        691,
        713,
        239,
        219,
        560,
        858,
        592,
        137,
        497,
        283,
        7,
        723,
        324,
        765,
        354,
        610,
        784,
        911,
        908,
        377,
        967,
        796,
        900,
        290,
        949,
        117,
        968,
        178,
        445,
        516,
        45,
        903,
        176,
        406,
        458,
        628,
        848,
        386,
        49,
        699,
        681,
        138,
        71,
        442,
        752,
        701,
        617,
        863,
        685,
        120,
        265,
        774,
        852,
        217,
        930,
        509,
        375,
        390,
        168,
        111,
        61,
        308,
        982,
        78,
        606,
        554,
        245,
        621,
        864,
        216,
        996,
        355,
        803,
        96,
        270,
        587,
        396,
        288,
        177,
        594,
        857,
        10,
        904,
        986,
        296,
        322,
        287,
        742,
        553,
        783,
        254,
        244,
        348,
        892,
        532,
        268,
        702,
        995,
        212,
        155,
        574,
        577,
        494,
        284,
        235,
        408,
        128,
        693,
        873,
        191,
        515,
        814,
        360,
        143,
        758,
        300,
        661,
        276,
        72,
        534,
        706,
        340,
        539,
        54,
        969,
        199,
        531,
        572,
        749,
        798,
        486,
        700,
        68,
        936,
        927,
        860,
        976,
        963,
        907,
        257,
        205,
        679,
        400,
        346,
        129,
        280,
        264,
        327,
        632,
        522,
        384,
        206,
        890,
        588,
        373,
        557,
        141,
        315,
        246,
        416,
        665,
        844,
        950,
        748,
        424,
        582,
        109,
        839,
        261,
        571,
        437,
        47,
        493,
        965,
        159,
        695,
        395,
        575,
        480,
        431,
        599,
        755,
        84,
        181,
        795,
        231,
        103,
        541,
        910,
        898,
        481,
        220,
        730,
        434,
        653,
        331,
        970,
        915,
        50,
        100,
        689,
        518,
        496,
        658,
        647,
        114,
        980,
        320,
        552,
        82,
        88,
        158,
        754,
        677,
        379,
        157,
        773,
        670,
        849,
        993,
        329,
        366,
        470,
        162,
        510,
        457,
        131,
        349,
        579,
        776,
        948,
        339,
        648,
        636,
        249,
        291,
        698,
        543,
        232,
        76,
        64,
        323,
        662,
        251,
        501,
        608,
        313,
        132,
        405,
        441,
        79,
        475,
        374,
        225,
        657,
        822,
        107,
        15,
        586,
        729,
        756,
        682,
        643,
        341,
        613,
        957,
        388,
        546,
        419,
        620,
        867,
        505,
        719,
        187,
        961,
        569,
        311,
        65,
        821,
        321,
        826,
        16,
        707,
        590,
        865,
        144,
        769,
        920,
        394,
        213,
        262,
        568,
        786,
        398,
        106,
        133,
        126,
        922,
        772,
        823,
        877,
        93,
        526,
        527,
        407,
        788,
        271,
        376,
        306,
        973,
        894,
        149,
        722,
        924,
        352,
        573,
        558,
        173,
        856,
        448,
        12,
        566,
        833,
        801,
        840,
        58,
        746,
        413,
        180,
        295,
        771,
        555,
        834,
        119,
        545,
        816,
        266,
        432,
        787,
        423,
        485,
        358,
        304,
        302,
        690,
        944,
        303,
        820,
        102,
        147,
        247,
        623,
        680,
        688,
        600,
        899,
        559,
        947,
        544,
        959,
        215,
        256,
        392,
        583,
        356,
        565,
        633,
        759,
        209,
        492,
        477,
        802,
        397,
        286,
        946,
        29,
        885,
        357,
        895,
        200,
        0,
        275,
        188,
        459,
        843,
        179,
        732,
        41,
        563,
        192,
        347,
        81,
        717,
        725,
        945,
        918,
        611,
        42,
        451,
        538,
        642,
        140,
        878,
        297,
        462,
        32,
        548,
        669,
        165,
        533,
        660,
        367,
        654,
        175,
        584,
        95,
        597,
        672,
        412,
        578,
        838,
        703,
        525,
        881,
        866,
        612,
        164,
        992,
        882,
        794,
        659,
        174,
        720,
        809,
        941,
        317,
        411,
        879,
        370,
        704,
        830,
        34,
        676,
        675,
        591,
        958
    ],
    "Global Optimum": 0,
    "Algorithm": "Genetic algorithm",
    "Parameters": {
        "population": 30,
        "offspring": 30,
        "mutation probability": 0.001,
        "crossover probability": 0.9
    },
    "Fitness": 1374485,
    "Solution": [
        644,
        91,
        938,
        614,
        757,
        609,
        540,
        421,
        618,
        576,
        260,
        170,
        363,
        372,
        761,
        734,
        813,
        166,
        902,
        581,
        634,
        806,
        330,
        726,
        403,
        28,
        25,
        273,
        223,
        422,
        952,
        409,
        673,
        624,
        711,
        650,
        495,
        14,
        556,
        190,
        847,
        845,
        933,
        328,
        828,
        359,
        972,
        998,
        391,
        36,
        214,
        464,
        683,
        835,
        208,
        184,
        984,
        267,
        293,
        401,
        146,
        631,
        89,
        851,
        990,
        66,
        800,
        919,
        626,
        960,
        248,
        142,
        739,
        153,
        989,
        318,
        971,
        381,
        778,
        309,
        77,
        430,
        697,
        975,
        108,
        420,
        764,
        640,
        686,
        841,
        564,
        770,
        812,
        279,
        350,
        714,
        549,
        269,
        932,
        483,
        115,
        263,
        474,
        38,
        353,
        738,
        824,
        116,
        561,
        567,
        923,
        562,
        450,
        463,
        622,
        991,
        195,
        436,
        741,
        825,
        484,
        815,
        37,
        837,
        893,
        301,
        861,
        428,
        487,
        385,
        198,
        342,
        523,
        782,
        125,
        43,
        616,
        369,
        708,
        24,
        163,
        519,
        850,
        934,
        314,
        3,
        914,
        252,
        227,
        536,
        389,
        478,
        182,
        762,
        718,
        338,
        418,
        712,
        161,
        988,
        678,
        312,
        926,
        449,
        740,
        378,
        817,
        335,
        888,
        520,
        292,
        75,
        656,
        362,
        874,
        274,
        637,
        242,
        243,
        978,
        444,
        298,
        319,
        925,
        942,
        780,
        250,
        550,
        294,
        832,
        627,
        310,
        792,
        473,
        753,
        511,
        365,
        791,
        664,
        124,
        524,
        951,
        891,
        52,
        862,
        17,
        425,
        779,
        53,
        210,
        465,
        994,
        955,
        595,
        766,
        859,
        201,
        382,
        909,
        368,
        696,
        763,
        438,
        241,
        272,
        316,
        846,
        939,
        402,
        99,
        956,
        710,
        253,
        383,
        74,
        417,
        447,
        743,
        83,
        482,
        667,
        921,
        750,
        499,
        528,
        80,
        983,
        736,
        443,
        503,
        27,
        233,
        46,
        228,
        687,
        529,
        1,
        974,
        645,
        868,
        211,
        305,
        466,
        979,
        512,
        684,
        987,
        11,
        912,
        744,
        737,
        855,
        6,
        122,
        767,
        136,
        593,
        580,
        997,
        469,
        853,
        876,
        171,
        768,
        507,
        790,
        506,
        33,
        118,
        439,
        468,
        97,
        8,
        69,
        705,
        150,
        226,
        240,
        429,
        73,
        797,
        931,
        343,
        694,
        86,
        937,
        760,
        259,
        901,
        130,
        964,
        123,
        127,
        811,
        598,
        785,
        604,
        953,
        471,
        19,
        172,
        781,
        943,
        105,
        237,
        63,
        870,
        535,
        218,
        39,
        646,
        351,
        985,
        94,
        399,
        221,
        440,
        589,
        334,
        504,
        224,
        836,
        20,
        663,
        112,
        152,
        488,
        455,
        981,
        92,
        325,
        281,
        601,
        671,
        502,
        427,
        333,
        289,
        727,
        186,
        453,
        668,
        4,
        139,
        35,
        603,
        886,
        277,
        207,
        194,
        479,
        183,
        446,
        30,
        897,
        666,
        160,
        521,
        361,
        18,
        547,
        57,
        906,
        537,
        747,
        236,
        26,
        639,
        104,
        872,
        435,
        491,
        831,
        2,
        619,
        113,
        278,
        655,
        70,
        472,
        234,
        808,
        745,
        222,
        426,
        167,
        896,
        135,
        605,
        51,
        716,
        230,
        913,
        854,
        31,
        498,
        345,
        433,
        134,
        460,
        56,
        98,
        517,
        674,
        489,
        875,
        966,
        461,
        789,
        607,
        724,
        651,
        731,
        652,
        454,
        255,
        202,
        23,
        829,
        22,
        185,
        204,
        629,
        299,
        229,
        452,
        999,
        805,
        514,
        9,
        90,
        145,
        793,
        977,
        596,
        884,
        196,
        940,
        513,
        282,
        733,
        807,
        404,
        371,
        630,
        85,
        818,
        542,
        954,
        410,
        415,
        332,
        715,
        364,
        258,
        307,
        799,
        110,
        585,
        62,
        777,
        635,
        490,
        344,
        602,
        193,
        55,
        121,
        751,
        928,
        804,
        476,
        883,
        387,
        60,
        13,
        285,
        842,
        21,
        625,
        326,
        935,
        189,
        615,
        87,
        551,
        775,
        467,
        905,
        530,
        889,
        456,
        570,
        380,
        709,
        156,
        169,
        148,
        40,
        916,
        649,
        48,
        393,
        414,
        810,
        735,
        692,
        869,
        154,
        929,
        197,
        638,
        337,
        151,
        917,
        336,
        101,
        880,
        887,
        44,
        67,
        827,
        203,
        819,
        641,
        728,
        721,
        871,
        508,
        5,
        962,
        238,
        500,
        59,
        691,
        713,
        239,
        219,
        560,
        858,
        592,
        137,
        497,
        283,
        7,
        723,
        324,
        765,
        354,
        610,
        784,
        911,
        908,
        377,
        967,
        796,
        900,
        290,
        949,
        117,
        968,
        178,
        445,
        516,
        45,
        903,
        176,
        406,
        458,
        628,
        848,
        386,
        49,
        699,
        681,
        138,
        71,
        442,
        752,
        701,
        617,
        863,
        685,
        120,
        265,
        774,
        852,
        217,
        930,
        509,
        375,
        390,
        168,
        111,
        61,
        308,
        982,
        78,
        606,
        554,
        245,
        621,
        864,
        216,
        996,
        355,
        803,
        96,
        270,
        587,
        396,
        288,
        177,
        594,
        857,
        10,
        904,
        986,
        296,
        322,
        287,
        742,
        553,
        783,
        254,
        244,
        348,
        892,
        532,
        268,
        702,
        995,
        212,
        155,
        574,
        577,
        494,
        284,
        235,
        408,
        128,
        693,
        873,
        191,
        515,
        814,
        360,
        143,
        758,
        300,
        661,
        276,
        72,
        534,
        706,
        340,
        539,
        54,
        969,
        199,
        531,
        572,
        749,
        798,
        486,
        700,
        68,
        936,
        927,
        860,
        976,
        963,
        907,
        257,
        205,
        679,
        400,
        346,
        129,
        280,
        264,
        327,
        632,
        522,
        384,
        206,
        890,
        588,
        373,
        557,
        141,
        315,
        246,
        416,
        665,
        844,
        950,
        748,
        424,
        582,
        109,
        839,
        261,
        571,
        437,
        47,
        493,
        965,
        159,
        695,
        395,
        575,
        480,
        431,
        599,
        755,
        84,
        181,
        795,
        231,
        103,
        541,
        910,
        898,
        481,
        220,
        730,
        434,
        653,
        331,
        970,
        915,
        50,
        100,
        689,
        518,
        496,
        658,
        647,
        114,
        980,
        320,
        552,
        82,
        88,
        158,
        754,
        677,
        379,
        157,
        773,
        670,
        849,
        993,
        329,
        366,
        470,
        162,
        510,
        457,
        131,
        349,
        579,
        776,
        948,
        339,
        648,
        636,
        249,
        291,
        698,
        543,
        232,
        76,
        64,
        323,
        662,
        251,
        501,
        608,
        313,
        132,
        405,
        441,
        79,
        475,
        374,
        225,
        657,
        822,
        107,
        15,
        586,
        729,
        756,
        682,
        643,
        341,
        613,
        957,
        388,
        546,
        419,
        620,
        867,
        505,
        719,
        187,
        961,
        569,
        311,
        65,
        821,
        321,
        826,
        16,
        707,
        590,
        865,
        144,
        769,
        920,
        394,
        213,
        262,
        568,
        786,
        398,
        106,
        133,
        126,
        922,
        772,
        823,
        877,
        93,
        526,
        527,
        407,
        788,
        271,
        376,
        306,
        973,
        894,
        149,
        722,
        924,
        352,
        573,
        558,
        173,
        856,
        448,
        12,
        566,
        833,
        801,
        840,
        58,
        746,
        413,
        180,
        295,
        771,
        555,
        834,
        119,
        545,
        816,
        266,
        432,
        787,
        423,
        485,
        358,
        304,
        302,
        690,
        944,
        303,
        820,
        102,
        147,
        247,
        623,
        680,
        688,
        600,
        899,
        559,
        947,
        544,
        959,
        215,
        256,
        392,
        583,
        356,
        565,
        633,
        759,
        209,
        492,
        477,
        802,
        397,
        286,
        946,
        29,
        885,
        357,
        895,
        200,
        0,
        275,
        188,
        459,
        843,
        179,
        732,
        41,
        563,
        192,
        347,
        81,
        717,
        725,
        945,
        918,
        611,
        42,
        451,
        538,
        642,
        140,
        878,
        297,
        462,
        32,
        548,
        669,
        165,
        533,
        660,
        367,
        654,
        175,
        584,
        95,
        597,
        672,
        412,
        578,
        838,
        703,
        525,
        881,
        866,
        612,
        164,
        992,
        882,
        794,
        659,
        174,
        720,
        809,
        941,
        317,
        411,
        879,
        370,
        704,
        830,
        34,
        676,
        675,
        591,
        958
    ],
    "Nb of functions evaluations": 50010,
    "Computational time in seconds": 1571.8472781181335,
    "Stopping criterion in evaluations": 50000
}