28° run output:
{
    "Function": "ClusterA300.tsp",
    "Problem dimension": [
        259,
        81,
        51,
        10,
        297,
        100,
        188,
        247,
        202,
        1,
        45,
        122,
        182,
        208,
        79,
        292,
        15,
        101,
        27,
        285,
        214,
        19,
        89,
        138,
        220,
        152,
        49,
        115,
        201,
        147,
        137,
        240,
        39,
        204,
        150,
        95,
        50,
        0,
        54,
        42,
        34,
        267,
        162,
        159,
        161,
        253,
        132,
        197,
        236,
        265,
        156,
        205,
        278,
        76,
        67,
        62,
        11,
        242,
        30,
        274,
        296,
        178,
        117,
        139,
        136,
        179,
        290,
        257,
        264,
        78,
        215,
        233,
        228,
        218,
        282,
        248,
        221,
        213,
        86,
        255,
        200,
        167,
        270,
        231,
        180,
        16,
        99,
        192,
        12,
        160,
        119,
        170,
        176,
        66,
        38,
        57,
        276,
        69,
        212,
        82,
        210,
        46,
        134,
        155,
        37,
        194,
        18,
        52,
        74,
        169,
        32,
        28,
        109,
        153,
        43,
        149,
        165,
        92,
        2,
        293,
        262,
        272,
        123,
        128,
        174,
        193,
        284,
        273,
        181,
        68,
        251,
        198,
        33,
        112,
        211,
        241,
        84,
        64,
        48,
        126,
        168,
        24,
        61,
        283,
        275,
        141,
        124,
        294,
        143,
        102,
        266,
        195,
        239,
        135,
        71,
        243,
        8,
        295,
        17,
        245,
        184,
        72,
        41,
        223,
        94,
        26,
        288,
        65,
        209,
        25,
        166,
        144,
        96,
        127,
        75,
        229,
        103,
        263,
        58,
        20,
        146,
        121,
        142,
        252,
        60,
        286,
        281,
        232,
        268,
        157,
        287,
        190,
        106,
        116,
        73,
        110,
        107,
        237,
        244,
        151,
        63,
        108,
        5,
        271,
        207,
        55,
        246,
        93,
        280,
        59,
        31,
        87,
        277,
        177,
        235,
        226,
        125,
        133,
        118,
        222,
        172,
        145,
        111,
        4,
        225,
        269,
        158,
        77,
        36,
        173,
        183,
        131,
        279,
        6,
        250,
        154,
        234,
        53,
        256,
        189,
        217,
        85,
        254,
        291,
        113,
        129,
        91,
        97,
        80,
        98,
        35,
        163,
        298,
        21,
        199,
        22,
        3,
        130,
        186,
        227,
        47,
        29,
        9,
        191,
        70,
        196,
        206,
        203,
        249,
        88,
        120,
        260,
        40,
        185,
        175,
        238,
        230,
        56,
        23,
        187,
        219,
        83,
        261,
        216,
        105,
        44,
        104,
        13,
        164,
        140,
        90,
        114,
        148,
        258,
        289,
        7,
        224,
        171,
        14,
        299
    ],
    "Global Optimum": 0,
    "Algorithm": "Genetic algorithm",
    "Parameters": {
        "population": 30,
        "offspring": 30,
        "mutation probability": 0.0033333333333333335,
        "crossover probability": 0.9
    },
    "Fitness": 271277,
    "Solution": [
        259,
        81,
        51,
        10,
        297,
        100,
        188,
        247,
        202,
        1,
        45,
        122,
        182,
        208,
        79,
        292,
        15,
        101,
        27,
        285,
        214,
        19,
        89,
        138,
        220,
        152,
        49,
        115,
        201,
        147,
        137,
        240,
        39,
        204,
        150,
        95,
        50,
        0,
        54,
        42,
        34,
        267,
        162,
        159,
        161,
        253,
        132,
        197,
        236,
        265,
        156,
        205,
        278,
        76,
        67,
        62,
        11,
        242,
        30,
        274,
        296,
        178,
        117,
        139,
        136,
        179,
        290,
        257,
        264,
        78,
        215,
        233,
        228,
        218,
        282,
        248,
        221,
        213,
        86,
        255,
        200,
        167,
        270,
        231,
        180,
        16,
        99,
        192,
        12,
        160,
        119,
        170,
        176,
        66,
        38,
        57,
        276,
        69,
        212,
        82,
        210,
        46,
        134,
        155,
        37,
        194,
        18,
        52,
        74,
        169,
        32,
        28,
        109,
        153,
        43,
        149,
        165,
        92,
        2,
        293,
        262,
        272,
        123,
        128,
        174,
        193,
        284,
        273,
        181,
        68,
        251,
        198,
        33,
        112,
        211,
        241,
        84,
        64,
        48,
        126,
        168,
        24,
        61,
        283,
        275,
        141,
        124,
        294,
        143,
        102,
        266,
        195,
        239,
        135,
        71,
        243,
        8,
        295,
        17,
        245,
        184,
        72,
        41,
        223,
        94,
        26,
        288,
        65,
        209,
        25,
        166,
        144,
        96,
        127,
        75,
        229,
        103,
        263,
        58,
        20,
        146,
        121,
        142,
        252,
        60,
        286,
        281,
        232,
        268,
        157,
        287,
        190,
        106,
        116,
        73,
        110,
        107,
        237,
        244,
        151,
        63,
        108,
        5,
        271,
        207,
        55,
        246,
        93,
        280,
        59,
        31,
        87,
        277,
        177,
        235,
        226,
        125,
        133,
        118,
        222,
        172,
        145,
        111,
        4,
        225,
        269,
        158,
        77,
        36,
        173,
        183,
        131,
        279,
        6,
        250,
        154,
        234,
        53,
        256,
        189,
        217,
        85,
        254,
        291,
        113,
        129,
        91,
        97,
        80,
        98,
        35,
        163,
        298,
        21,
        199,
        22,
        3,
        130,
        186,
        227,
        47,
        29,
        9,
        191,
        70,
        196,
        206,
        203,
        249,
        88,
        120,
        260,
        40,
        185,
        175,
        238,
        230,
        56,
        23,
        187,
        219,
        83,
        261,
        216,
        105,
        44,
        104,
        13,
        164,
        140,
        90,
        114,
        148,
        258,
        289,
        7,
        224,
        171,
        14,
        299
    ],
    "Nb of functions evaluations": 400020,
    "Computational time in seconds": 698.3994038105011,
    "Stopping criterion in evaluations": 400000
}