24° run output:
{
    "Function": "ClusterA300.tsp",
    "Problem dimension": [
        173,
        134,
        178,
        129,
        61,
        0,
        291,
        100,
        78,
        249,
        274,
        25,
        130,
        214,
        65,
        256,
        189,
        217,
        209,
        223,
        233,
        152,
        175,
        196,
        92,
        283,
        154,
        82,
        75,
        51,
        201,
        160,
        147,
        298,
        156,
        166,
        122,
        194,
        212,
        56,
        246,
        89,
        245,
        13,
        234,
        1,
        81,
        187,
        104,
        167,
        254,
        127,
        232,
        53,
        113,
        176,
        210,
        207,
        293,
        148,
        258,
        219,
        264,
        265,
        105,
        231,
        224,
        28,
        12,
        267,
        190,
        39,
        241,
        37,
        95,
        296,
        170,
        222,
        118,
        239,
        54,
        11,
        271,
        272,
        193,
        59,
        289,
        83,
        285,
        243,
        99,
        270,
        103,
        229,
        235,
        184,
        138,
        199,
        204,
        181,
        260,
        44,
        58,
        200,
        192,
        251,
        143,
        211,
        77,
        237,
        281,
        183,
        110,
        36,
        5,
        76,
        133,
        216,
        7,
        46,
        221,
        282,
        228,
        292,
        186,
        63,
        215,
        146,
        247,
        8,
        140,
        64,
        68,
        155,
        165,
        29,
        242,
        27,
        226,
        197,
        93,
        80,
        55,
        6,
        117,
        252,
        123,
        4,
        253,
        299,
        278,
        290,
        96,
        202,
        236,
        125,
        255,
        120,
        142,
        47,
        24,
        205,
        172,
        195,
        259,
        163,
        162,
        180,
        88,
        34,
        9,
        128,
        174,
        111,
        273,
        87,
        151,
        98,
        218,
        136,
        3,
        297,
        17,
        16,
        206,
        21,
        157,
        85,
        182,
        284,
        50,
        66,
        84,
        227,
        169,
        153,
        72,
        263,
        62,
        124,
        102,
        97,
        257,
        131,
        69,
        266,
        90,
        139,
        269,
        161,
        288,
        19,
        10,
        261,
        250,
        107,
        57,
        240,
        33,
        213,
        177,
        121,
        41,
        91,
        73,
        109,
        35,
        286,
        14,
        238,
        208,
        287,
        137,
        248,
        114,
        150,
        71,
        277,
        32,
        67,
        74,
        295,
        179,
        52,
        45,
        26,
        86,
        188,
        79,
        268,
        23,
        203,
        275,
        132,
        159,
        164,
        262,
        42,
        149,
        220,
        94,
        280,
        185,
        106,
        158,
        126,
        244,
        49,
        276,
        108,
        30,
        171,
        2,
        48,
        40,
        294,
        43,
        60,
        135,
        31,
        225,
        70,
        279,
        116,
        144,
        230,
        141,
        22,
        145,
        18,
        198,
        115,
        101,
        168,
        15,
        38,
        20,
        191,
        112,
        119
    ],
    "Global Optimum": 0,
    "Algorithm": "Genetic algorithm",
    "Parameters": {
        "population": 30,
        "offspring": 30,
        "mutation probability": 0.0033333333333333335,
        "crossover probability": 0.9
    },
    "Fitness": 267954,
    "Solution": [
        173,
        134,
        178,
        129,
        61,
        0,
        291,
        100,
        78,
        249,
        274,
        25,
        130,
        214,
        65,
        256,
        189,
        217,
        209,
        223,
        233,
        152,
        175,
        196,
        92,
        283,
        154,
        82,
        75,
        51,
        201,
        160,
        147,
        298,
        156,
        166,
        122,
        194,
        212,
        56,
        246,
        89,
        245,
        13,
        234,
        1,
        81,
        187,
        104,
        167,
        254,
        127,
        232,
        53,
        113,
        176,
        210,
        207,
        293,
        148,
        258,
        219,
        264,
        265,
        105,
        231,
        224,
        28,
        12,
        267,
        190,
        39,
        241,
        37,
        95,
        296,
        170,
        222,
        118,
        239,
        54,
        11,
        271,
        272,
        193,
        59,
        289,
        83,
        285,
        243,
        99,
        270,
        103,
        229,
        235,
        184,
        138,
        199,
        204,
        181,
        260,
        44,
        58,
        200,
        192,
        251,
        143,
        211,
        77,
        237,
        281,
        183,
        110,
        36,
        5,
        76,
        133,
        216,
        7,
        46,
        221,
        282,
        228,
        292,
        186,
        63,
        215,
        146,
        247,
        8,
        140,
        64,
        68,
        155,
        165,
        29,
        242,
        27,
        226,
        197,
        93,
        80,
        55,
        6,
        117,
        252,
        123,
        4,
        253,
        299,
        278,
        290,
        96,
        202,
        236,
        125,
        255,
        120,
        142,
        47,
        24,
        205,
        172,
        195,
        259,
        163,
        162,
        180,
        88,
        34,
        9,
        128,
        174,
        111,
        273,
        87,
        151,
        98,
        218,
        136,
        3,
        297,
        17,
        16,
        206,
        21,
        157,
        85,
        182,
        284,
        50,
        66,
        84,
        227,
        169,
        153,
        72,
        263,
        62,
        124,
        102,
        97,
        257,
        131,
        69,
        266,
        90,
        139,
        269,
        161,
        288,
        19,
        10,
        261,
        250,
        107,
        57,
        240,
        33,
        213,
        177,
        121,
        41,
        91,
        73,
        109,
        35,
        286,
        14,
        238,
        208,
        287,
        137,
        248,
        114,
        150,
        71,
        277,
        32,
        67,
        74,
        295,
        179,
        52,
        45,
        26,
        86,
        188,
        79,
        268,
        23,
        203,
        275,
        132,
        159,
        164,
        262,
        42,
        149,
        220,
        94,
        280,
        185,
        106,
        158,
        126,
        244,
        49,
        276,
        108,
        30,
        171,
        2,
        48,
        40,
        294,
        43,
        60,
        135,
        31,
        225,
        70,
        279,
        116,
        144,
        230,
        141,
        22,
        145,
        18,
        198,
        115,
        101,
        168,
        15,
        38,
        20,
        191,
        112,
        119
    ],
    "Nb of functions evaluations": 400020,
    "Computational time in seconds": 678.7326312065125,
    "Stopping criterion in evaluations": 400000
}