29° run output:
{
    "Function": "ClusterA300.tsp",
    "Problem dimension": [
        29,
        92,
        62,
        37,
        271,
        221,
        168,
        115,
        55,
        57,
        239,
        155,
        26,
        277,
        223,
        235,
        120,
        81,
        207,
        127,
        243,
        205,
        219,
        262,
        121,
        245,
        165,
        49,
        193,
        54,
        263,
        157,
        163,
        185,
        208,
        94,
        18,
        47,
        173,
        35,
        237,
        267,
        192,
        108,
        9,
        147,
        33,
        298,
        64,
        228,
        82,
        25,
        285,
        234,
        122,
        103,
        45,
        130,
        136,
        242,
        80,
        77,
        282,
        124,
        19,
        209,
        56,
        250,
        110,
        2,
        96,
        189,
        261,
        194,
        13,
        123,
        222,
        170,
        269,
        135,
        211,
        259,
        225,
        101,
        288,
        296,
        260,
        51,
        158,
        152,
        145,
        220,
        70,
        172,
        111,
        63,
        4,
        159,
        60,
        67,
        150,
        42,
        116,
        114,
        90,
        299,
        286,
        83,
        212,
        8,
        254,
        166,
        210,
        162,
        98,
        216,
        236,
        232,
        265,
        100,
        17,
        5,
        283,
        66,
        84,
        241,
        186,
        244,
        134,
        39,
        87,
        266,
        93,
        272,
        7,
        217,
        75,
        22,
        229,
        89,
        294,
        72,
        258,
        140,
        128,
        24,
        177,
        68,
        28,
        69,
        58,
        144,
        226,
        105,
        20,
        74,
        16,
        289,
        281,
        280,
        1,
        85,
        167,
        149,
        129,
        31,
        97,
        106,
        34,
        138,
        292,
        249,
        274,
        230,
        297,
        240,
        181,
        141,
        200,
        255,
        44,
        104,
        270,
        52,
        202,
        180,
        10,
        43,
        176,
        109,
        190,
        233,
        0,
        151,
        117,
        276,
        191,
        142,
        30,
        278,
        182,
        187,
        256,
        125,
        184,
        23,
        275,
        132,
        291,
        38,
        198,
        174,
        201,
        160,
        169,
        113,
        48,
        154,
        146,
        3,
        27,
        284,
        295,
        76,
        99,
        21,
        156,
        204,
        188,
        79,
        14,
        59,
        148,
        73,
        6,
        102,
        227,
        12,
        71,
        206,
        91,
        40,
        65,
        88,
        41,
        78,
        179,
        268,
        107,
        213,
        171,
        253,
        218,
        36,
        287,
        290,
        197,
        264,
        214,
        251,
        137,
        196,
        131,
        195,
        215,
        119,
        246,
        86,
        203,
        247,
        238,
        46,
        293,
        118,
        279,
        161,
        248,
        139,
        112,
        32,
        15,
        126,
        252,
        11,
        95,
        224,
        133,
        231,
        199,
        53,
        164,
        183,
        175,
        257,
        153,
        143,
        50,
        273,
        61,
        178
    ],
    "Global Optimum": 0,
    "Algorithm": "Genetic algorithm",
    "Parameters": {
        "population": 30,
        "offspring": 30,
        "mutation probability": 0.0033333333333333335,
        "crossover probability": 0.9
    },
    "Fitness": 267236,
    "Solution": [
        29,
        92,
        62,
        37,
        271,
        221,
        168,
        115,
        55,
        57,
        239,
        155,
        26,
        277,
        223,
        235,
        120,
        81,
        207,
        127,
        243,
        205,
        219,
        262,
        121,
        245,
        165,
        49,
        193,
        54,
        263,
        157,
        163,
        185,
        208,
        94,
        18,
        47,
        173,
        35,
        237,
        267,
        192,
        108,
        9,
        147,
        33,
        298,
        64,
        228,
        82,
        25,
        285,
        234,
        122,
        103,
        45,
        130,
        136,
        242,
        80,
        77,
        282,
        124,
        19,
        209,
        56,
        250,
        110,
        2,
        96,
        189,
        261,
        194,
        13,
        123,
        222,
        170,
        269,
        135,
        211,
        259,
        225,
        101,
        288,
        296,
        260,
        51,
        158,
        152,
        145,
        220,
        70,
        172,
        111,
        63,
        4,
        159,
        60,
        67,
        150,
        42,
        116,
        114,
        90,
        299,
        286,
        83,
        212,
        8,
        254,
        166,
        210,
        162,
        98,
        216,
        236,
        232,
        265,
        100,
        17,
        5,
        283,
        66,
        84,
        241,
        186,
        244,
        134,
        39,
        87,
        266,
        93,
        272,
        7,
        217,
        75,
        22,
        229,
        89,
        294,
        72,
        258,
        140,
        128,
        24,
        177,
        68,
        28,
        69,
        58,
        144,
        226,
        105,
        20,
        74,
        16,
        289,
        281,
        280,
        1,
        85,
        167,
        149,
        129,
        31,
        97,
        106,
        34,
        138,
        292,
        249,
        274,
        230,
        297,
        240,
        181,
        141,
        200,
        255,
        44,
        104,
        270,
        52,
        202,
        180,
        10,
        43,
        176,
        109,
        190,
        233,
        0,
        151,
        117,
        276,
        191,
        142,
        30,
        278,
        182,
        187,
        256,
        125,
        184,
        23,
        275,
        132,
        291,
        38,
        198,
        174,
        201,
        160,
        169,
        113,
        48,
        154,
        146,
        3,
        27,
        284,
        295,
        76,
        99,
        21,
        156,
        204,
        188,
        79,
        14,
        59,
        148,
        73,
        6,
        102,
        227,
        12,
        71,
        206,
        91,
        40,
        65,
        88,
        41,
        78,
        179,
        268,
        107,
        213,
        171,
        253,
        218,
        36,
        287,
        290,
        197,
        264,
        214,
        251,
        137,
        196,
        131,
        195,
        215,
        119,
        246,
        86,
        203,
        247,
        238,
        46,
        293,
        118,
        279,
        161,
        248,
        139,
        112,
        32,
        15,
        126,
        252,
        11,
        95,
        224,
        133,
        231,
        199,
        53,
        164,
        183,
        175,
        257,
        153,
        143,
        50,
        273,
        61,
        178
    ],
    "Nb of functions evaluations": 400020,
    "Computational time in seconds": 675.5454089641571,
    "Stopping criterion in evaluations": 400000
}