17° run output:
{
    "Function": "ClusterA300.tsp",
    "Problem dimension": [
        158,
        212,
        104,
        232,
        235,
        74,
        16,
        103,
        229,
        52,
        195,
        105,
        211,
        286,
        111,
        161,
        289,
        149,
        190,
        63,
        240,
        94,
        294,
        124,
        242,
        296,
        295,
        209,
        272,
        171,
        122,
        23,
        166,
        189,
        236,
        109,
        129,
        246,
        18,
        48,
        253,
        273,
        54,
        70,
        162,
        123,
        285,
        118,
        262,
        293,
        197,
        234,
        69,
        43,
        137,
        36,
        49,
        5,
        267,
        47,
        15,
        221,
        102,
        280,
        205,
        266,
        93,
        113,
        252,
        298,
        61,
        29,
        201,
        147,
        142,
        283,
        288,
        213,
        131,
        8,
        76,
        139,
        227,
        174,
        153,
        106,
        150,
        181,
        277,
        121,
        12,
        244,
        187,
        270,
        13,
        58,
        206,
        64,
        233,
        99,
        73,
        146,
        241,
        165,
        133,
        226,
        110,
        261,
        89,
        291,
        214,
        57,
        83,
        279,
        282,
        120,
        263,
        85,
        274,
        21,
        156,
        40,
        125,
        127,
        224,
        7,
        230,
        145,
        71,
        20,
        217,
        182,
        216,
        265,
        138,
        176,
        198,
        151,
        97,
        119,
        238,
        72,
        46,
        290,
        254,
        167,
        19,
        191,
        11,
        39,
        87,
        210,
        250,
        55,
        60,
        135,
        218,
        68,
        177,
        6,
        42,
        2,
        281,
        269,
        143,
        117,
        0,
        77,
        50,
        225,
        100,
        268,
        202,
        278,
        264,
        258,
        14,
        98,
        84,
        66,
        168,
        160,
        24,
        37,
        9,
        32,
        128,
        219,
        144,
        45,
        1,
        44,
        157,
        199,
        188,
        251,
        101,
        62,
        215,
        276,
        56,
        25,
        140,
        34,
        186,
        126,
        35,
        116,
        170,
        239,
        59,
        33,
        4,
        108,
        196,
        256,
        243,
        3,
        17,
        75,
        249,
        260,
        26,
        173,
        299,
        231,
        96,
        292,
        255,
        183,
        259,
        163,
        271,
        159,
        175,
        179,
        78,
        172,
        65,
        51,
        53,
        203,
        88,
        86,
        91,
        114,
        107,
        148,
        257,
        38,
        28,
        222,
        164,
        248,
        90,
        134,
        92,
        169,
        178,
        220,
        79,
        41,
        115,
        152,
        284,
        192,
        155,
        27,
        136,
        237,
        287,
        80,
        207,
        208,
        130,
        297,
        141,
        247,
        112,
        30,
        228,
        185,
        31,
        223,
        204,
        95,
        200,
        275,
        22,
        184,
        82,
        81,
        10,
        180,
        245,
        132,
        194,
        67,
        154,
        193
    ],
    "Global Optimum": 0,
    "Algorithm": "Genetic algorithm",
    "Parameters": {
        "population": 30,
        "offspring": 30,
        "mutation probability": 0.0033333333333333335,
        "crossover probability": 0.9
    },
    "Fitness": 260522,
    "Solution": [
        158,
        212,
        104,
        232,
        235,
        74,
        16,
        103,
        229,
        52,
        195,
        105,
        211,
        286,
        111,
        161,
        289,
        149,
        190,
        63,
        240,
        94,
        294,
        124,
        242,
        296,
        295,
        209,
        272,
        171,
        122,
        23,
        166,
        189,
        236,
        109,
        129,
        246,
        18,
        48,
        253,
        273,
        54,
        70,
        162,
        123,
        285,
        118,
        262,
        293,
        197,
        234,
        69,
        43,
        137,
        36,
        49,
        5,
        267,
        47,
        15,
        221,
        102,
        280,
        205,
        266,
        93,
        113,
        252,
        298,
        61,
        29,
        201,
        147,
        142,
        283,
        288,
        213,
        131,
        8,
        76,
        139,
        227,
        174,
        153,
        106,
        150,
        181,
        277,
        121,
        12,
        244,
        187,
        270,
        13,
        58,
        206,
        64,
        233,
        99,
        73,
        146,
        241,
        165,
        133,
        226,
        110,
        261,
        89,
        291,
        214,
        57,
        83,
        279,
        282,
        120,
        263,
        85,
        274,
        21,
        156,
        40,
        125,
        127,
        224,
        7,
        230,
        145,
        71,
        20,
        217,
        182,
        216,
        265,
        138,
        176,
        198,
        151,
        97,
        119,
        238,
        72,
        46,
        290,
        254,
        167,
        19,
        191,
        11,
        39,
        87,
        210,
        250,
        55,
        60,
        135,
        218,
        68,
        177,
        6,
        42,
        2,
        281,
        269,
        143,
        117,
        0,
        77,
        50,
        225,
        100,
        268,
        202,
        278,
        264,
        258,
        14,
        98,
        84,
        66,
        168,
        160,
        24,
        37,
        9,
        32,
        128,
        219,
        144,
        45,
        1,
        44,
        157,
        199,
        188,
        251,
        101,
        62,
        215,
        276,
        56,
        25,
        140,
        34,
        186,
        126,
        35,
        116,
        170,
        239,
        59,
        33,
        4,
        108,
        196,
        256,
        243,
        3,
        17,
        75,
        249,
        260,
        26,
        173,
        299,
        231,
        96,
        292,
        255,
        183,
        259,
        163,
        271,
        159,
        175,
        179,
        78,
        172,
        65,
        51,
        53,
        203,
        88,
        86,
        91,
        114,
        107,
        148,
        257,
        38,
        28,
        222,
        164,
        248,
        90,
        134,
        92,
        169,
        178,
        220,
        79,
        41,
        115,
        152,
        284,
        192,
        155,
        27,
        136,
        237,
        287,
        80,
        207,
        208,
        130,
        297,
        141,
        247,
        112,
        30,
        228,
        185,
        31,
        223,
        204,
        95,
        200,
        275,
        22,
        184,
        82,
        81,
        10,
        180,
        245,
        132,
        194,
        67,
        154,
        193
    ],
    "Nb of functions evaluations": 400020,
    "Computational time in seconds": 748.5733234882355,
    "Stopping criterion in evaluations": 400000
}