26° run output:
{
    "Function": "ClusterA300.tsp",
    "Problem dimension": [
        153,
        190,
        279,
        182,
        58,
        40,
        27,
        103,
        23,
        236,
        202,
        69,
        128,
        12,
        92,
        282,
        248,
        173,
        169,
        293,
        222,
        183,
        276,
        109,
        161,
        225,
        108,
        180,
        16,
        124,
        61,
        88,
        247,
        3,
        260,
        9,
        50,
        213,
        105,
        179,
        231,
        167,
        286,
        134,
        191,
        54,
        36,
        218,
        98,
        294,
        146,
        115,
        63,
        298,
        163,
        210,
        268,
        99,
        172,
        199,
        39,
        227,
        192,
        31,
        138,
        204,
        102,
        5,
        91,
        229,
        67,
        155,
        121,
        152,
        133,
        278,
        119,
        57,
        4,
        33,
        94,
        194,
        80,
        48,
        261,
        148,
        2,
        114,
        239,
        90,
        270,
        256,
        289,
        129,
        221,
        149,
        140,
        19,
        212,
        295,
        264,
        277,
        38,
        70,
        116,
        130,
        232,
        45,
        243,
        234,
        238,
        258,
        96,
        189,
        122,
        262,
        156,
        275,
        188,
        22,
        274,
        86,
        207,
        205,
        72,
        263,
        44,
        197,
        209,
        235,
        100,
        11,
        37,
        139,
        28,
        280,
        259,
        250,
        170,
        257,
        219,
        59,
        252,
        251,
        66,
        186,
        160,
        244,
        47,
        151,
        158,
        49,
        198,
        284,
        233,
        241,
        71,
        142,
        269,
        273,
        126,
        237,
        97,
        42,
        21,
        51,
        214,
        73,
        159,
        111,
        93,
        281,
        25,
        291,
        64,
        299,
        271,
        253,
        211,
        101,
        34,
        84,
        18,
        288,
        249,
        141,
        150,
        62,
        143,
        193,
        228,
        196,
        78,
        52,
        127,
        166,
        53,
        85,
        157,
        7,
        76,
        95,
        120,
        132,
        56,
        74,
        296,
        245,
        10,
        246,
        147,
        117,
        0,
        216,
        89,
        107,
        285,
        8,
        104,
        81,
        265,
        201,
        60,
        113,
        178,
        77,
        106,
        240,
        168,
        24,
        267,
        165,
        15,
        283,
        185,
        43,
        30,
        41,
        230,
        144,
        254,
        187,
        290,
        171,
        35,
        176,
        215,
        131,
        164,
        223,
        112,
        14,
        287,
        272,
        195,
        55,
        123,
        32,
        29,
        137,
        174,
        87,
        145,
        136,
        17,
        242,
        6,
        175,
        83,
        110,
        46,
        118,
        224,
        217,
        226,
        266,
        162,
        206,
        82,
        13,
        125,
        203,
        75,
        200,
        68,
        20,
        208,
        65,
        255,
        292,
        1,
        79,
        297,
        184,
        154,
        220,
        181,
        177,
        26,
        135
    ],
    "Global Optimum": 0,
    "Algorithm": "Genetic algorithm",
    "Parameters": {
        "population": 30,
        "offspring": 30,
        "mutation probability": 0.0033333333333333335,
        "crossover probability": 0.9
    },
    "Fitness": 256611,
    "Solution": [
        153,
        190,
        279,
        182,
        58,
        40,
        27,
        103,
        23,
        236,
        202,
        69,
        128,
        12,
        92,
        282,
        248,
        173,
        169,
        293,
        222,
        183,
        276,
        109,
        161,
        225,
        108,
        180,
        16,
        124,
        61,
        88,
        247,
        3,
        260,
        9,
        50,
        213,
        105,
        179,
        231,
        167,
        286,
        134,
        191,
        54,
        36,
        218,
        98,
        294,
        146,
        115,
        63,
        298,
        163,
        210,
        268,
        99,
        172,
        199,
        39,
        227,
        192,
        31,
        138,
        204,
        102,
        5,
        91,
        229,
        67,
        155,
        121,
        152,
        133,
        278,
        119,
        57,
        4,
        33,
        94,
        194,
        80,
        48,
        261,
        148,
        2,
        114,
        239,
        90,
        270,
        256,
        289,
        129,
        221,
        149,
        140,
        19,
        212,
        295,
        264,
        277,
        38,
        70,
        116,
        130,
        232,
        45,
        243,
        234,
        238,
        258,
        96,
        189,
        122,
        262,
        156,
        275,
        188,
        22,
        274,
        86,
        207,
        205,
        72,
        263,
        44,
        197,
        209,
        235,
        100,
        11,
        37,
        139,
        28,
        280,
        259,
        250,
        170,
        257,
        219,
        59,
        252,
        251,
        66,
        186,
        160,
        244,
        47,
        151,
        158,
        49,
        198,
        284,
        233,
        241,
        71,
        142,
        269,
        273,
        126,
        237,
        97,
        42,
        21,
        51,
        214,
        73,
        159,
        111,
        93,
        281,
        25,
        291,
        64,
        299,
        271,
        253,
        211,
        101,
        34,
        84,
        18,
        288,
        249,
        141,
        150,
        62,
        143,
        193,
        228,
        196,
        78,
        52,
        127,
        166,
        53,
        85,
        157,
        7,
        76,
        95,
        120,
        132,
        56,
        74,
        296,
        245,
        10,
        246,
        147,
        117,
        0,
        216,
        89,
        107,
        285,
        8,
        104,
        81,
        265,
        201,
        60,
        113,
        178,
        77,
        106,
        240,
        168,
        24,
        267,
        165,
        15,
        283,
        185,
        43,
        30,
        41,
        230,
        144,
        254,
        187,
        290,
        171,
        35,
        176,
        215,
        131,
        164,
        223,
        112,
        14,
        287,
        272,
        195,
        55,
        123,
        32,
        29,
        137,
        174,
        87,
        145,
        136,
        17,
        242,
        6,
        175,
        83,
        110,
        46,
        118,
        224,
        217,
        226,
        266,
        162,
        206,
        82,
        13,
        125,
        203,
        75,
        200,
        68,
        20,
        208,
        65,
        255,
        292,
        1,
        79,
        297,
        184,
        154,
        220,
        181,
        177,
        26,
        135
    ],
    "Nb of functions evaluations": 400020,
    "Computational time in seconds": 687.6129283905029,
    "Stopping criterion in evaluations": 400000
}