19° run output:
{
    "Function": "ClusterA300.tsp",
    "Problem dimension": [
        35,
        175,
        30,
        273,
        276,
        106,
        37,
        294,
        186,
        147,
        287,
        253,
        295,
        217,
        76,
        271,
        170,
        164,
        55,
        292,
        22,
        166,
        236,
        110,
        229,
        268,
        188,
        120,
        145,
        228,
        284,
        298,
        161,
        171,
        64,
        293,
        123,
        209,
        10,
        205,
        239,
        107,
        46,
        290,
        119,
        187,
        232,
        245,
        82,
        230,
        51,
        121,
        11,
        143,
        208,
        67,
        13,
        184,
        167,
        122,
        44,
        26,
        146,
        277,
        117,
        214,
        3,
        179,
        172,
        219,
        45,
        270,
        243,
        189,
        104,
        73,
        176,
        246,
        18,
        206,
        220,
        198,
        21,
        296,
        264,
        62,
        155,
        197,
        105,
        157,
        58,
        258,
        233,
        282,
        190,
        221,
        93,
        70,
        152,
        111,
        43,
        97,
        297,
        103,
        150,
        165,
        269,
        36,
        60,
        173,
        272,
        48,
        149,
        213,
        299,
        201,
        33,
        183,
        6,
        194,
        1,
        234,
        132,
        28,
        196,
        114,
        163,
        281,
        95,
        89,
        129,
        4,
        92,
        267,
        242,
        244,
        154,
        226,
        100,
        174,
        160,
        185,
        280,
        80,
        112,
        32,
        240,
        77,
        289,
        81,
        265,
        285,
        216,
        96,
        118,
        195,
        52,
        202,
        53,
        279,
        148,
        72,
        262,
        259,
        84,
        29,
        47,
        227,
        126,
        66,
        158,
        59,
        238,
        135,
        251,
        68,
        181,
        27,
        144,
        19,
        212,
        256,
        231,
        225,
        50,
        87,
        223,
        9,
        34,
        15,
        252,
        139,
        128,
        12,
        24,
        39,
        200,
        88,
        286,
        218,
        248,
        42,
        116,
        159,
        2,
        78,
        86,
        182,
        7,
        133,
        94,
        241,
        204,
        203,
        255,
        199,
        65,
        40,
        138,
        237,
        193,
        191,
        102,
        283,
        168,
        109,
        250,
        99,
        222,
        131,
        257,
        224,
        142,
        137,
        0,
        57,
        83,
        261,
        162,
        16,
        263,
        127,
        8,
        85,
        125,
        153,
        215,
        108,
        180,
        249,
        75,
        101,
        140,
        291,
        41,
        136,
        124,
        288,
        17,
        69,
        56,
        79,
        178,
        169,
        71,
        177,
        260,
        156,
        278,
        23,
        5,
        211,
        266,
        134,
        49,
        151,
        38,
        20,
        115,
        192,
        74,
        91,
        25,
        275,
        141,
        210,
        130,
        254,
        247,
        274,
        235,
        207,
        63,
        54,
        90,
        14,
        61,
        113,
        98,
        31
    ],
    "Global Optimum": 0,
    "Algorithm": "Genetic algorithm",
    "Parameters": {
        "population": 30,
        "offspring": 30,
        "mutation probability": 0.0033333333333333335,
        "crossover probability": 0.9
    },
    "Fitness": 274471,
    "Solution": [
        35,
        175,
        30,
        273,
        276,
        106,
        37,
        294,
        186,
        147,
        287,
        253,
        295,
        217,
        76,
        271,
        170,
        164,
        55,
        292,
        22,
        166,
        236,
        110,
        229,
        268,
        188,
        120,
        145,
        228,
        284,
        298,
        161,
        171,
        64,
        293,
        123,
        209,
        10,
        205,
        239,
        107,
        46,
        290,
        119,
        187,
        232,
        245,
        82,
        230,
        51,
        121,
        11,
        143,
        208,
        67,
        13,
        184,
        167,
        122,
        44,
        26,
        146,
        277,
        117,
        214,
        3,
        179,
        172,
        219,
        45,
        270,
        243,
        189,
        104,
        73,
        176,
        246,
        18,
        206,
        220,
        198,
        21,
        296,
        264,
        62,
        155,
        197,
        105,
        157,
        58,
        258,
        233,
        282,
        190,
        221,
        93,
        70,
        152,
        111,
        43,
        97,
        297,
        103,
        150,
        165,
        269,
        36,
        60,
        173,
        272,
        48,
        149,
        213,
        299,
        201,
        33,
        183,
        6,
        194,
        1,
        234,
        132,
        28,
        196,
        114,
        163,
        281,
        95,
        89,
        129,
        4,
        92,
        267,
        242,
        244,
        154,
        226,
        100,
        174,
        160,
        185,
        280,
        80,
        112,
        32,
        240,
        77,
        289,
        81,
        265,
        285,
        216,
        96,
        118,
        195,
        52,
        202,
        53,
        279,
        148,
        72,
        262,
        259,
        84,
        29,
        47,
        227,
        126,
        66,
        158,
        59,
        238,
        135,
        251,
        68,
        181,
        27,
        144,
        19,
        212,
        256,
        231,
        225,
        50,
        87,
        223,
        9,
        34,
        15,
        252,
        139,
        128,
        12,
        24,
        39,
        200,
        88,
        286,
        218,
        248,
        42,
        116,
        159,
        2,
        78,
        86,
        182,
        7,
        133,
        94,
        241,
        204,
        203,
        255,
        199,
        65,
        40,
        138,
        237,
        193,
        191,
        102,
        283,
        168,
        109,
        250,
        99,
        222,
        131,
        257,
        224,
        142,
        137,
        0,
        57,
        83,
        261,
        162,
        16,
        263,
        127,
        8,
        85,
        125,
        153,
        215,
        108,
        180,
        249,
        75,
        101,
        140,
        291,
        41,
        136,
        124,
        288,
        17,
        69,
        56,
        79,
        178,
        169,
        71,
        177,
        260,
        156,
        278,
        23,
        5,
        211,
        266,
        134,
        49,
        151,
        38,
        20,
        115,
        192,
        74,
        91,
        25,
        275,
        141,
        210,
        130,
        254,
        247,
        274,
        235,
        207,
        63,
        54,
        90,
        14,
        61,
        113,
        98,
        31
    ],
    "Nb of functions evaluations": 400020,
    "Computational time in seconds": 744.6769125461578,
    "Stopping criterion in evaluations": 400000
}