19° run output:
{
    "Function": "kroB200.tsp",
    "Problem dimension": [
        83,
        61,
        165,
        37,
        92,
        174,
        14,
        136,
        161,
        152,
        31,
        90,
        0,
        107,
        133,
        105,
        128,
        135,
        116,
        173,
        59,
        1,
        47,
        109,
        146,
        184,
        171,
        28,
        70,
        179,
        53,
        182,
        186,
        76,
        143,
        154,
        73,
        86,
        5,
        127,
        102,
        176,
        81,
        192,
        74,
        19,
        75,
        7,
        79,
        71,
        198,
        132,
        6,
        177,
        93,
        137,
        9,
        191,
        150,
        95,
        10,
        96,
        66,
        172,
        55,
        101,
        82,
        49,
        112,
        180,
        11,
        94,
        158,
        23,
        134,
        18,
        129,
        183,
        72,
        193,
        4,
        34,
        167,
        159,
        187,
        113,
        68,
        197,
        196,
        99,
        46,
        120,
        13,
        181,
        199,
        44,
        194,
        3,
        178,
        20,
        166,
        97,
        141,
        56,
        36,
        32,
        125,
        117,
        104,
        108,
        119,
        35,
        118,
        91,
        103,
        22,
        51,
        185,
        69,
        58,
        98,
        25,
        29,
        149,
        8,
        115,
        131,
        48,
        62,
        54,
        151,
        153,
        163,
        60,
        80,
        123,
        145,
        175,
        45,
        140,
        21,
        88,
        43,
        100,
        38,
        57,
        164,
        111,
        26,
        121,
        157,
        27,
        50,
        124,
        42,
        16,
        147,
        155,
        77,
        114,
        170,
        85,
        39,
        67,
        148,
        52,
        110,
        189,
        169,
        156,
        142,
        138,
        63,
        41,
        162,
        144,
        40,
        30,
        65,
        122,
        84,
        106,
        130,
        188,
        195,
        15,
        17,
        190,
        126,
        160,
        89,
        2,
        139,
        12,
        87,
        33,
        24,
        168,
        78,
        64
    ],
    "Global Optimum": 0,
    "Algorithm": "Genetic algorithm",
    "Parameters": {
        "population": 30,
        "offspring": 30,
        "mutation probability": 0.005,
        "crossover probability": 0.9
    },
    "Fitness": 210635,
    "Solution": [
        83,
        61,
        165,
        37,
        92,
        174,
        14,
        136,
        161,
        152,
        31,
        90,
        0,
        107,
        133,
        105,
        128,
        135,
        116,
        173,
        59,
        1,
        47,
        109,
        146,
        184,
        171,
        28,
        70,
        179,
        53,
        182,
        186,
        76,
        143,
        154,
        73,
        86,
        5,
        127,
        102,
        176,
        81,
        192,
        74,
        19,
        75,
        7,
        79,
        71,
        198,
        132,
        6,
        177,
        93,
        137,
        9,
        191,
        150,
        95,
        10,
        96,
        66,
        172,
        55,
        101,
        82,
        49,
        112,
        180,
        11,
        94,
        158,
        23,
        134,
        18,
        129,
        183,
        72,
        193,
        4,
        34,
        167,
        159,
        187,
        113,
        68,
        197,
        196,
        99,
        46,
        120,
        13,
        181,
        199,
        44,
        194,
        3,
        178,
        20,
        166,
        97,
        141,
        56,
        36,
        32,
        125,
        117,
        104,
        108,
        119,
        35,
        118,
        91,
        103,
        22,
        51,
        185,
        69,
        58,
        98,
        25,
        29,
        149,
        8,
        115,
        131,
        48,
        62,
        54,
        151,
        153,
        163,
        60,
        80,
        123,
        145,
        175,
        45,
        140,
        21,
        88,
        43,
        100,
        38,
        57,
        164,
        111,
        26,
        121,
        157,
        27,
        50,
        124,
        42,
        16,
        147,
        155,
        77,
        114,
        170,
        85,
        39,
        67,
        148,
        52,
        110,
        189,
        169,
        156,
        142,
        138,
        63,
        41,
        162,
        144,
        40,
        30,
        65,
        122,
        84,
        106,
        130,
        188,
        195,
        15,
        17,
        190,
        126,
        160,
        89,
        2,
        139,
        12,
        87,
        33,
        24,
        168,
        78,
        64
    ],
    "Nb of functions evaluations": 50010,
    "Computational time in seconds": 77.17015385627747,
    "Stopping criterion in evaluations": 50000
}