5° run output:
{
    "Function": "kroB200.tsp",
    "Problem dimension": [
        117,
        146,
        136,
        44,
        18,
        125,
        118,
        105,
        14,
        61,
        69,
        20,
        195,
        170,
        140,
        100,
        116,
        99,
        187,
        26,
        175,
        167,
        95,
        192,
        185,
        71,
        121,
        2,
        93,
        25,
        77,
        76,
        51,
        132,
        65,
        191,
        16,
        56,
        179,
        82,
        141,
        10,
        7,
        104,
        21,
        23,
        32,
        124,
        199,
        139,
        114,
        123,
        133,
        39,
        147,
        40,
        62,
        194,
        111,
        86,
        46,
        126,
        92,
        9,
        171,
        144,
        87,
        178,
        74,
        8,
        131,
        66,
        157,
        183,
        72,
        169,
        101,
        43,
        134,
        78,
        68,
        154,
        127,
        28,
        174,
        34,
        173,
        135,
        94,
        172,
        161,
        35,
        47,
        50,
        73,
        188,
        84,
        196,
        37,
        6,
        83,
        33,
        176,
        162,
        30,
        113,
        12,
        17,
        159,
        138,
        108,
        190,
        81,
        158,
        155,
        180,
        165,
        89,
        64,
        48,
        130,
        0,
        31,
        128,
        80,
        42,
        49,
        88,
        63,
        186,
        3,
        184,
        129,
        54,
        145,
        4,
        197,
        137,
        57,
        5,
        152,
        45,
        70,
        75,
        181,
        163,
        85,
        52,
        38,
        79,
        29,
        90,
        96,
        58,
        27,
        177,
        15,
        110,
        11,
        67,
        148,
        1,
        91,
        150,
        142,
        122,
        156,
        106,
        13,
        41,
        164,
        166,
        182,
        119,
        102,
        112,
        19,
        97,
        193,
        98,
        168,
        59,
        24,
        149,
        189,
        107,
        36,
        143,
        22,
        53,
        103,
        55,
        109,
        120,
        160,
        60,
        115,
        198,
        151,
        153
    ],
    "Global Optimum": 0,
    "Algorithm": "Genetic algorithm",
    "Parameters": {
        "population": 30,
        "offspring": 30,
        "mutation probability": 0.005,
        "crossover probability": 0.9
    },
    "Fitness": 217105,
    "Solution": [
        117,
        146,
        136,
        44,
        18,
        125,
        118,
        105,
        14,
        61,
        69,
        20,
        195,
        170,
        140,
        100,
        116,
        99,
        187,
        26,
        175,
        167,
        95,
        192,
        185,
        71,
        121,
        2,
        93,
        25,
        77,
        76,
        51,
        132,
        65,
        191,
        16,
        56,
        179,
        82,
        141,
        10,
        7,
        104,
        21,
        23,
        32,
        124,
        199,
        139,
        114,
        123,
        133,
        39,
        147,
        40,
        62,
        194,
        111,
        86,
        46,
        126,
        92,
        9,
        171,
        144,
        87,
        178,
        74,
        8,
        131,
        66,
        157,
        183,
        72,
        169,
        101,
        43,
        134,
        78,
        68,
        154,
        127,
        28,
        174,
        34,
        173,
        135,
        94,
        172,
        161,
        35,
        47,
        50,
        73,
        188,
        84,
        196,
        37,
        6,
        83,
        33,
        176,
        162,
        30,
        113,
        12,
        17,
        159,
        138,
        108,
        190,
        81,
        158,
        155,
        180,
        165,
        89,
        64,
        48,
        130,
        0,
        31,
        128,
        80,
        42,
        49,
        88,
        63,
        186,
        3,
        184,
        129,
        54,
        145,
        4,
        197,
        137,
        57,
        5,
        152,
        45,
        70,
        75,
        181,
        163,
        85,
        52,
        38,
        79,
        29,
        90,
        96,
        58,
        27,
        177,
        15,
        110,
        11,
        67,
        148,
        1,
        91,
        150,
        142,
        122,
        156,
        106,
        13,
        41,
        164,
        166,
        182,
        119,
        102,
        112,
        19,
        97,
        193,
        98,
        168,
        59,
        24,
        149,
        189,
        107,
        36,
        143,
        22,
        53,
        103,
        55,
        109,
        120,
        160,
        60,
        115,
        198,
        151,
        153
    ],
    "Nb of functions evaluations": 50010,
    "Computational time in seconds": 71.33567976951599,
    "Stopping criterion in evaluations": 50000
}