16° run output:
{
    "Function": "kroB200.tsp",
    "Problem dimension": [
        134,
        35,
        175,
        58,
        20,
        95,
        21,
        184,
        86,
        71,
        173,
        89,
        29,
        38,
        84,
        90,
        48,
        180,
        127,
        101,
        100,
        103,
        178,
        123,
        8,
        168,
        140,
        37,
        138,
        87,
        108,
        40,
        16,
        194,
        164,
        91,
        139,
        46,
        159,
        15,
        50,
        136,
        191,
        185,
        133,
        19,
        33,
        41,
        23,
        22,
        125,
        111,
        132,
        152,
        119,
        154,
        149,
        112,
        55,
        99,
        169,
        26,
        70,
        113,
        177,
        195,
        189,
        56,
        13,
        80,
        170,
        78,
        120,
        81,
        104,
        172,
        148,
        97,
        10,
        118,
        187,
        25,
        117,
        192,
        115,
        63,
        59,
        176,
        57,
        197,
        68,
        14,
        31,
        27,
        151,
        36,
        12,
        77,
        142,
        74,
        66,
        116,
        196,
        61,
        75,
        128,
        121,
        73,
        30,
        17,
        126,
        114,
        49,
        6,
        5,
        167,
        1,
        18,
        51,
        107,
        88,
        43,
        109,
        146,
        34,
        65,
        183,
        39,
        69,
        4,
        122,
        24,
        32,
        156,
        42,
        83,
        190,
        165,
        93,
        7,
        2,
        72,
        141,
        145,
        153,
        105,
        193,
        131,
        144,
        62,
        198,
        124,
        147,
        186,
        155,
        166,
        160,
        135,
        64,
        28,
        157,
        9,
        102,
        158,
        182,
        163,
        0,
        79,
        54,
        179,
        171,
        76,
        44,
        129,
        150,
        143,
        199,
        161,
        47,
        181,
        67,
        96,
        188,
        110,
        53,
        162,
        3,
        60,
        130,
        92,
        85,
        98,
        11,
        94,
        174,
        106,
        137,
        52,
        45,
        82
    ],
    "Global Optimum": 0,
    "Algorithm": "Genetic algorithm",
    "Parameters": {
        "population": 30,
        "offspring": 30,
        "mutation probability": 0.005,
        "crossover probability": 0.9
    },
    "Fitness": 224294,
    "Solution": [
        134,
        35,
        175,
        58,
        20,
        95,
        21,
        184,
        86,
        71,
        173,
        89,
        29,
        38,
        84,
        90,
        48,
        180,
        127,
        101,
        100,
        103,
        178,
        123,
        8,
        168,
        140,
        37,
        138,
        87,
        108,
        40,
        16,
        194,
        164,
        91,
        139,
        46,
        159,
        15,
        50,
        136,
        191,
        185,
        133,
        19,
        33,
        41,
        23,
        22,
        125,
        111,
        132,
        152,
        119,
        154,
        149,
        112,
        55,
        99,
        169,
        26,
        70,
        113,
        177,
        195,
        189,
        56,
        13,
        80,
        170,
        78,
        120,
        81,
        104,
        172,
        148,
        97,
        10,
        118,
        187,
        25,
        117,
        192,
        115,
        63,
        59,
        176,
        57,
        197,
        68,
        14,
        31,
        27,
        151,
        36,
        12,
        77,
        142,
        74,
        66,
        116,
        196,
        61,
        75,
        128,
        121,
        73,
        30,
        17,
        126,
        114,
        49,
        6,
        5,
        167,
        1,
        18,
        51,
        107,
        88,
        43,
        109,
        146,
        34,
        65,
        183,
        39,
        69,
        4,
        122,
        24,
        32,
        156,
        42,
        83,
        190,
        165,
        93,
        7,
        2,
        72,
        141,
        145,
        153,
        105,
        193,
        131,
        144,
        62,
        198,
        124,
        147,
        186,
        155,
        166,
        160,
        135,
        64,
        28,
        157,
        9,
        102,
        158,
        182,
        163,
        0,
        79,
        54,
        179,
        171,
        76,
        44,
        129,
        150,
        143,
        199,
        161,
        47,
        181,
        67,
        96,
        188,
        110,
        53,
        162,
        3,
        60,
        130,
        92,
        85,
        98,
        11,
        94,
        174,
        106,
        137,
        52,
        45,
        82
    ],
    "Nb of functions evaluations": 50010,
    "Computational time in seconds": 73.07453918457031,
    "Stopping criterion in evaluations": 50000
}