9° run output:
{
    "Function": "kroB200.tsp",
    "Problem dimension": [
        147,
        129,
        113,
        39,
        92,
        26,
        187,
        79,
        87,
        138,
        118,
        128,
        197,
        188,
        112,
        178,
        9,
        158,
        77,
        27,
        58,
        50,
        155,
        22,
        82,
        140,
        170,
        32,
        3,
        7,
        157,
        135,
        122,
        59,
        195,
        184,
        95,
        192,
        40,
        104,
        0,
        29,
        84,
        33,
        80,
        143,
        164,
        114,
        41,
        132,
        150,
        134,
        183,
        70,
        89,
        48,
        11,
        56,
        168,
        177,
        171,
        179,
        182,
        76,
        81,
        146,
        13,
        1,
        125,
        108,
        105,
        65,
        106,
        74,
        123,
        19,
        68,
        110,
        193,
        66,
        96,
        139,
        21,
        109,
        101,
        43,
        136,
        42,
        156,
        24,
        34,
        15,
        161,
        12,
        35,
        159,
        120,
        194,
        186,
        154,
        172,
        51,
        53,
        153,
        93,
        130,
        57,
        37,
        175,
        100,
        165,
        133,
        98,
        97,
        31,
        162,
        45,
        173,
        174,
        38,
        180,
        116,
        52,
        166,
        86,
        181,
        145,
        126,
        142,
        191,
        16,
        14,
        127,
        91,
        25,
        8,
        160,
        67,
        61,
        94,
        90,
        189,
        72,
        6,
        60,
        71,
        121,
        148,
        4,
        85,
        99,
        144,
        88,
        185,
        167,
        111,
        49,
        102,
        199,
        63,
        17,
        23,
        152,
        18,
        124,
        10,
        141,
        46,
        64,
        44,
        5,
        115,
        107,
        151,
        73,
        196,
        169,
        69,
        131,
        2,
        75,
        198,
        83,
        28,
        20,
        36,
        190,
        55,
        149,
        137,
        103,
        163,
        54,
        176,
        78,
        119,
        30,
        117,
        47,
        62
    ],
    "Global Optimum": 0,
    "Algorithm": "Genetic algorithm",
    "Parameters": {
        "population": 30,
        "offspring": 30,
        "mutation probability": 0.005,
        "crossover probability": 0.9
    },
    "Fitness": 198433,
    "Solution": [
        147,
        129,
        113,
        39,
        92,
        26,
        187,
        79,
        87,
        138,
        118,
        128,
        197,
        188,
        112,
        178,
        9,
        158,
        77,
        27,
        58,
        50,
        155,
        22,
        82,
        140,
        170,
        32,
        3,
        7,
        157,
        135,
        122,
        59,
        195,
        184,
        95,
        192,
        40,
        104,
        0,
        29,
        84,
        33,
        80,
        143,
        164,
        114,
        41,
        132,
        150,
        134,
        183,
        70,
        89,
        48,
        11,
        56,
        168,
        177,
        171,
        179,
        182,
        76,
        81,
        146,
        13,
        1,
        125,
        108,
        105,
        65,
        106,
        74,
        123,
        19,
        68,
        110,
        193,
        66,
        96,
        139,
        21,
        109,
        101,
        43,
        136,
        42,
        156,
        24,
        34,
        15,
        161,
        12,
        35,
        159,
        120,
        194,
        186,
        154,
        172,
        51,
        53,
        153,
        93,
        130,
        57,
        37,
        175,
        100,
        165,
        133,
        98,
        97,
        31,
        162,
        45,
        173,
        174,
        38,
        180,
        116,
        52,
        166,
        86,
        181,
        145,
        126,
        142,
        191,
        16,
        14,
        127,
        91,
        25,
        8,
        160,
        67,
        61,
        94,
        90,
        189,
        72,
        6,
        60,
        71,
        121,
        148,
        4,
        85,
        99,
        144,
        88,
        185,
        167,
        111,
        49,
        102,
        199,
        63,
        17,
        23,
        152,
        18,
        124,
        10,
        141,
        46,
        64,
        44,
        5,
        115,
        107,
        151,
        73,
        196,
        169,
        69,
        131,
        2,
        75,
        198,
        83,
        28,
        20,
        36,
        190,
        55,
        149,
        137,
        103,
        163,
        54,
        176,
        78,
        119,
        30,
        117,
        47,
        62
    ],
    "Nb of functions evaluations": 50010,
    "Computational time in seconds": 72.32445788383484,
    "Stopping criterion in evaluations": 50000
}