3° run output:
{
    "Function": "kroB200.tsp",
    "Problem dimension": [
        7,
        182,
        77,
        155,
        82,
        109,
        97,
        174,
        70,
        89,
        69,
        106,
        28,
        164,
        64,
        98,
        90,
        37,
        51,
        14,
        198,
        21,
        176,
        50,
        120,
        154,
        86,
        33,
        11,
        20,
        24,
        186,
        125,
        108,
        136,
        161,
        119,
        180,
        112,
        71,
        19,
        48,
        170,
        18,
        142,
        187,
        47,
        23,
        104,
        146,
        53,
        144,
        116,
        121,
        189,
        67,
        173,
        27,
        124,
        111,
        194,
        149,
        107,
        49,
        139,
        105,
        81,
        73,
        150,
        152,
        29,
        87,
        3,
        17,
        183,
        15,
        13,
        35,
        44,
        158,
        79,
        153,
        36,
        115,
        59,
        55,
        178,
        166,
        135,
        133,
        100,
        197,
        58,
        75,
        128,
        72,
        96,
        93,
        42,
        65,
        34,
        31,
        39,
        9,
        141,
        8,
        145,
        6,
        45,
        122,
        92,
        5,
        132,
        10,
        4,
        137,
        85,
        110,
        118,
        126,
        185,
        32,
        167,
        127,
        103,
        140,
        38,
        151,
        0,
        83,
        130,
        26,
        169,
        114,
        57,
        66,
        25,
        2,
        195,
        22,
        117,
        162,
        78,
        143,
        80,
        88,
        113,
        157,
        1,
        163,
        179,
        177,
        131,
        193,
        148,
        84,
        52,
        94,
        188,
        196,
        99,
        40,
        191,
        30,
        62,
        165,
        168,
        63,
        134,
        91,
        54,
        160,
        60,
        199,
        43,
        101,
        190,
        171,
        41,
        95,
        129,
        147,
        76,
        16,
        181,
        56,
        123,
        74,
        68,
        61,
        46,
        184,
        175,
        156,
        192,
        12,
        159,
        172,
        138,
        102
    ],
    "Global Optimum": 0,
    "Algorithm": "Genetic algorithm",
    "Parameters": {
        "population": 30,
        "offspring": 30,
        "mutation probability": 0.005,
        "crossover probability": 0.9
    },
    "Fitness": 216194,
    "Solution": [
        7,
        182,
        77,
        155,
        82,
        109,
        97,
        174,
        70,
        89,
        69,
        106,
        28,
        164,
        64,
        98,
        90,
        37,
        51,
        14,
        198,
        21,
        176,
        50,
        120,
        154,
        86,
        33,
        11,
        20,
        24,
        186,
        125,
        108,
        136,
        161,
        119,
        180,
        112,
        71,
        19,
        48,
        170,
        18,
        142,
        187,
        47,
        23,
        104,
        146,
        53,
        144,
        116,
        121,
        189,
        67,
        173,
        27,
        124,
        111,
        194,
        149,
        107,
        49,
        139,
        105,
        81,
        73,
        150,
        152,
        29,
        87,
        3,
        17,
        183,
        15,
        13,
        35,
        44,
        158,
        79,
        153,
        36,
        115,
        59,
        55,
        178,
        166,
        135,
        133,
        100,
        197,
        58,
        75,
        128,
        72,
        96,
        93,
        42,
        65,
        34,
        31,
        39,
        9,
        141,
        8,
        145,
        6,
        45,
        122,
        92,
        5,
        132,
        10,
        4,
        137,
        85,
        110,
        118,
        126,
        185,
        32,
        167,
        127,
        103,
        140,
        38,
        151,
        0,
        83,
        130,
        26,
        169,
        114,
        57,
        66,
        25,
        2,
        195,
        22,
        117,
        162,
        78,
        143,
        80,
        88,
        113,
        157,
        1,
        163,
        179,
        177,
        131,
        193,
        148,
        84,
        52,
        94,
        188,
        196,
        99,
        40,
        191,
        30,
        62,
        165,
        168,
        63,
        134,
        91,
        54,
        160,
        60,
        199,
        43,
        101,
        190,
        171,
        41,
        95,
        129,
        147,
        76,
        16,
        181,
        56,
        123,
        74,
        68,
        61,
        46,
        184,
        175,
        156,
        192,
        12,
        159,
        172,
        138,
        102
    ],
    "Nb of functions evaluations": 50010,
    "Computational time in seconds": 71.82674646377563,
    "Stopping criterion in evaluations": 50000
}