13° run output:
{
    "Function": "kroA1000.tsp",
    "Problem dimension": [
        520,
        272,
        527,
        583,
        933,
        804,
        795,
        64,
        17,
        125,
        300,
        209,
        430,
        22,
        271,
        434,
        46,
        392,
        36,
        581,
        988,
        117,
        996,
        931,
        556,
        555,
        376,
        282,
        769,
        50,
        6,
        237,
        40,
        496,
        758,
        675,
        701,
        813,
        156,
        395,
        233,
        7,
        260,
        676,
        755,
        257,
        734,
        94,
        135,
        766,
        173,
        505,
        352,
        191,
        384,
        435,
        674,
        743,
        273,
        474,
        698,
        32,
        166,
        361,
        783,
        871,
        587,
        126,
        551,
        89,
        247,
        849,
        514,
        820,
        876,
        258,
        777,
        415,
        78,
        339,
        503,
        966,
        482,
        700,
        997,
        275,
        26,
        471,
        63,
        216,
        506,
        228,
        301,
        655,
        157,
        991,
        895,
        143,
        919,
        764,
        310,
        669,
        787,
        104,
        417,
        458,
        229,
        608,
        232,
        566,
        1,
        368,
        464,
        155,
        345,
        724,
        908,
        277,
        573,
        280,
        726,
        575,
        853,
        887,
        512,
        494,
        410,
        665,
        598,
        215,
        886,
        437,
        934,
        115,
        612,
        343,
        374,
        625,
        315,
        519,
        404,
        559,
        629,
        539,
        682,
        578,
        660,
        245,
        480,
        407,
        467,
        463,
        347,
        423,
        974,
        858,
        346,
        877,
        993,
        373,
        227,
        194,
        146,
        740,
        558,
        970,
        923,
        925,
        528,
        192,
        34,
        150,
        894,
        747,
        250,
        58,
        41,
        382,
        553,
        954,
        855,
        19,
        295,
        597,
        370,
        472,
        20,
        603,
        33,
        818,
        591,
        620,
        983,
        486,
        418,
        600,
        574,
        359,
        274,
        204,
        177,
        554,
        649,
        441,
        389,
        752,
        667,
        602,
        179,
        424,
        788,
        606,
        264,
        815,
        309,
        334,
        119,
        582,
        730,
        189,
        133,
        807,
        105,
        980,
        883,
        860,
        409,
        357,
        821,
        690,
        286,
        130,
        844,
        145,
        896,
        938,
        865,
        501,
        83,
        829,
        76,
        470,
        589,
        955,
        819,
        917,
        454,
        489,
        732,
        461,
        990,
        971,
        888,
        719,
        440,
        576,
        193,
        152,
        243,
        935,
        798,
        720,
        537,
        632,
        839,
        738,
        759,
        67,
        800,
        904,
        360,
        601,
        478,
        80,
        312,
        972,
        95,
        921,
        546,
        733,
        567,
        525,
        90,
        941,
        340,
        814,
        481,
        487,
        869,
        507,
        159,
        522,
        984,
        986,
        956,
        304,
        835,
        544,
        267,
        131,
        369,
        564,
        508,
        950,
        634,
        455,
        817,
        406,
        238,
        262,
        59,
        386,
        843,
        859,
        356,
        838,
        77,
        55,
        52,
        60,
        741,
        151,
        25,
        319,
        165,
        42,
        526,
        672,
        864,
        207,
        426,
        727,
        644,
        38,
        199,
        852,
        263,
        618,
        751,
        545,
        848,
        542,
        832,
        959,
        439,
        239,
        827,
        623,
        314,
        565,
        631,
        685,
        390,
        785,
        729,
        778,
        462,
        444,
        518,
        45,
        393,
        661,
        111,
        791,
        70,
        401,
        714,
        780,
        79,
        902,
        736,
        879,
        513,
        918,
        533,
        689,
        806,
        71,
        123,
        907,
        365,
        584,
        765,
        936,
        940,
        594,
        619,
        16,
        664,
        226,
        121,
        628,
        749,
        53,
        297,
        11,
        893,
        963,
        254,
        443,
        789,
        725,
        617,
        12,
        967,
        15,
        190,
        906,
        171,
        831,
        781,
        161,
        775,
        324,
        767,
        236,
        307,
        217,
        688,
        710,
        856,
        779,
        81,
        14,
        224,
        952,
        388,
        323,
        847,
        242,
        903,
        712,
        186,
        294,
        850,
        981,
        912,
        473,
        112,
        862,
        293,
        210,
        946,
        833,
        244,
        975,
        639,
        445,
        35,
        811,
        124,
        338,
        671,
        816,
        400,
        640,
        43,
        425,
        259,
        331,
        234,
        291,
        196,
        666,
        702,
        132,
        695,
        610,
        367,
        86,
        536,
        561,
        172,
        510,
        419,
        969,
        948,
        657,
        326,
        450,
        803,
        973,
        845,
        706,
        73,
        890,
        678,
        763,
        721,
        588,
        523,
        499,
        335,
        321,
        31,
        139,
        497,
        92,
        723,
        350,
        153,
        571,
        913,
        995,
        97,
        622,
        951,
        485,
        641,
        69,
        750,
        882,
        120,
        998,
        828,
        728,
        739,
        673,
        697,
        230,
        378,
        285,
        624,
        965,
        680,
        929,
        436,
        483,
        405,
        398,
        504,
        914,
        202,
        538,
        824,
        707,
        922,
        167,
        433,
        251,
        107,
        867,
        200,
        408,
        162,
        169,
        809,
        801,
        10,
        753,
        184,
        0,
        593,
        56,
        363,
        305,
        557,
        353,
        958,
        327,
        18,
        989,
        469,
        62,
        868,
        713,
        957,
        905,
        9,
        614,
        746,
        768,
        490,
        842,
        451,
        932,
        148,
        524,
        599,
        898,
        170,
        915,
        924,
        452,
        377,
        926,
        429,
        240,
        222,
        635,
        866,
        128,
        414,
        302,
        756,
        149,
        66,
        637,
        630,
        543,
        742,
        68,
        901,
        607,
        985,
        341,
        568,
        144,
        784,
        515,
        782,
        552,
        621,
        394,
        796,
        609,
        428,
        278,
        878,
        168,
        563,
        596,
        348,
        154,
        322,
        270,
        325,
        511,
        396,
        82,
        366,
        74,
        745,
        652,
        456,
        2,
        137,
        595,
        648,
        203,
        213,
        195,
        953,
        580,
        106,
        140,
        54,
        24,
        760,
        535,
        977,
        320,
        99,
        354,
        219,
        686,
        638,
        994,
        874,
        375,
        668,
        794,
        604,
        930,
        47,
        411,
        650,
        500,
        830,
        961,
        87,
        891,
        615,
        884,
        920,
        296,
        658,
        468,
        704,
        27,
        516,
        808,
        677,
        541,
        529,
        705,
        653,
        108,
        48,
        916,
        488,
        834,
        846,
        206,
        656,
        899,
        943,
        160,
        180,
        722,
        703,
        579,
        897,
        330,
        136,
        44,
        900,
        176,
        100,
        459,
        208,
        534,
        265,
        549,
        427,
        911,
        371,
        826,
        585,
        290,
        349,
        646,
        937,
        29,
        122,
        421,
        530,
        802,
        223,
        492,
        412,
        964,
        717,
        8,
        805,
        945,
        793,
        889,
        442,
        61,
        313,
        413,
        836,
        687,
        477,
        383,
        141,
        611,
        560,
        531,
        446,
        873,
        799,
        381,
        999,
        158,
        110,
        402,
        797,
        992,
        127,
        699,
        962,
        944,
        773,
        221,
        98,
        861,
        283,
        21,
        854,
        249,
        870,
        460,
        185,
        116,
        547,
        432,
        30,
        762,
        84,
        13,
        822,
        840,
        103,
        198,
        978,
        3,
        569,
        178,
        292,
        466,
        355,
        23,
        982,
        731,
        362,
        109,
        909,
        182,
        235,
        979,
        663,
        403,
        774,
        771,
        372,
        692,
        509,
        332,
        572,
        336,
        498,
        892,
        129,
        647,
        841,
        679,
        337,
        662,
        592,
        181,
        659,
        88,
        770,
        735,
        810,
        857,
        344,
        205,
        342,
        548,
        57,
        570,
        39,
        197,
        306,
        298,
        987,
        397,
        183,
        643,
        269,
        289,
        303,
        881,
        709,
        93,
        220,
        379,
        605,
        910,
        457,
        708,
        654,
        175,
        241,
        586,
        65,
        484,
        256,
        562,
        91,
        37,
        266,
        5,
        113,
        316,
        616,
        949,
        447,
        550,
        351,
        318,
        420,
        96,
        255,
        225,
        590,
        715,
        422,
        776,
        287,
        453,
        212,
        880,
        626,
        364,
        696,
        102,
        174,
        939,
        613,
        872,
        261,
        328,
        875,
        718,
        737,
        947,
        231,
        491,
        51,
        479,
        645,
        164,
        495,
        387,
        188,
        683,
        138,
        288,
        391,
        651,
        475,
        438,
        540,
        380,
        681,
        772,
        761,
        792,
        311,
        253,
        636,
        358,
        825,
        218,
        329,
        786,
        134,
        72,
        627,
        976,
        942,
        532,
        416,
        928,
        252,
        431,
        968,
        49,
        633,
        75,
        211,
        276,
        691,
        521,
        716,
        642,
        790,
        214,
        333,
        744,
        4,
        812,
        268,
        163,
        101,
        754,
        493,
        927,
        118,
        885,
        279,
        248,
        502,
        837,
        385,
        142,
        85,
        517,
        823,
        187,
        281,
        577,
        308,
        147,
        448,
        757,
        299,
        684,
        670,
        201,
        693,
        863,
        851,
        476,
        284,
        748,
        399,
        246,
        449,
        317,
        465,
        711,
        960,
        28,
        114,
        694
    ],
    "Global Optimum": 0,
    "Algorithm": "Genetic algorithm",
    "Parameters": {
        "population": 30,
        "offspring": 30,
        "mutation probability": 0.001,
        "crossover probability": 0.9
    },
    "Fitness": 1420185,
    "Solution": [
        520,
        272,
        527,
        583,
        933,
        804,
        795,
        64,
        17,
        125,
        300,
        209,
        430,
        22,
        271,
        434,
        46,
        392,
        36,
        581,
        988,
        117,
        996,
        931,
        556,
        555,
        376,
        282,
        769,
        50,
        6,
        237,
        40,
        496,
        758,
        675,
        701,
        813,
        156,
        395,
        233,
        7,
        260,
        676,
        755,
        257,
        734,
        94,
        135,
        766,
        173,
        505,
        352,
        191,
        384,
        435,
        674,
        743,
        273,
        474,
        698,
        32,
        166,
        361,
        783,
        871,
        587,
        126,
        551,
        89,
        247,
        849,
        514,
        820,
        876,
        258,
        777,
        415,
        78,
        339,
        503,
        966,
        482,
        700,
        997,
        275,
        26,
        471,
        63,
        216,
        506,
        228,
        301,
        655,
        157,
        991,
        895,
        143,
        919,
        764,
        310,
        669,
        787,
        104,
        417,
        458,
        229,
        608,
        232,
        566,
        1,
        368,
        464,
        155,
        345,
        724,
        908,
        277,
        573,
        280,
        726,
        575,
        853,
        887,
        512,
        494,
        410,
        665,
        598,
        215,
        886,
        437,
        934,
        115,
        612,
        343,
        374,
        625,
        315,
        519,
        404,
        559,
        629,
        539,
        682,
        578,
        660,
        245,
        480,
        407,
        467,
        463,
        347,
        423,
        974,
        858,
        346,
        877,
        993,
        373,
        227,
        194,
        146,
        740,
        558,
        970,
        923,
        925,
        528,
        192,
        34,
        150,
        894,
        747,
        250,
        58,
        41,
        382,
        553,
        954,
        855,
        19,
        295,
        597,
        370,
        472,
        20,
        603,
        33,
        818,
        591,
        620,
        983,
        486,
        418,
        600,
        574,
        359,
        274,
        204,
        177,
        554,
        649,
        441,
        389,
        752,
        667,
        602,
        179,
        424,
        788,
        606,
        264,
        815,
        309,
        334,
        119,
        582,
        730,
        189,
        133,
        807,
        105,
        980,
        883,
        860,
        409,
        357,
        821,
        690,
        286,
        130,
        844,
        145,
        896,
        938,
        865,
        501,
        83,
        829,
        76,
        470,
        589,
        955,
        819,
        917,
        454,
        489,
        732,
        461,
        990,
        971,
        888,
        719,
        440,
        576,
        193,
        152,
        243,
        935,
        798,
        720,
        537,
        632,
        839,
        738,
        759,
        67,
        800,
        904,
        360,
        601,
        478,
        80,
        312,
        972,
        95,
        921,
        546,
        733,
        567,
        525,
        90,
        941,
        340,
        814,
        481,
        487,
        869,
        507,
        159,
        522,
        984,
        986,
        956,
        304,
        835,
        544,
        267,
        131,
        369,
        564,
        508,
        950,
        634,
        455,
        817,
        406,
        238,
        262,
        59,
        386,
        843,
        859,
        356,
        838,
        77,
        55,
        52,
        60,
        741,
        151,
        25,
        319,
        165,
        42,
        526,
        672,
        864,
        207,
        426,
        727,
        644,
        38,
        199,
        852,
        263,
        618,
        751,
        545,
        848,
        542,
        832,
        959,
        439,
        239,
        827,
        623,
        314,
        565,
        631,
        685,
        390,
        785,
        729,
        778,
        462,
        444,
        518,
        45,
        393,
        661,
        111,
        791,
        70,
        401,
        714,
        780,
        79,
        902,
        736,
        879,
        513,
        918,
        533,
        689,
        806,
        71,
        123,
        907,
        365,
        584,
        765,
        936,
        940,
        594,
        619,
        16,
        664,
        226,
        121,
        628,
        749,
        53,
        297,
        11,
        893,
        963,
        254,
        443,
        789,
        725,
        617,
        12,
        967,
        15,
        190,
        906,
        171,
        831,
        781,
        161,
        775,
        324,
        767,
        236,
        307,
        217,
        688,
        710,
        856,
        779,
        81,
        14,
        224,
        952,
        388,
        323,
        847,
        242,
        903,
        712,
        186,
        294,
        850,
        981,
        912,
        473,
        112,
        862,
        293,
        210,
        946,
        833,
        244,
        975,
        639,
        445,
        35,
        811,
        124,
        338,
        671,
        816,
        400,
        640,
        43,
        425,
        259,
        331,
        234,
        291,
        196,
        666,
        702,
        132,
        695,
        610,
        367,
        86,
        536,
        561,
        172,
        510,
        419,
        969,
        948,
        657,
        326,
        450,
        803,
        973,
        845,
        706,
        73,
        890,
        678,
        763,
        721,
        588,
        523,
        499,
        335,
        321,
        31,
        139,
        497,
        92,
        723,
        350,
        153,
        571,
        913,
        995,
        97,
        622,
        951,
        485,
        641,
        69,
        750,
        882,
        120,
        998,
        828,
        728,
        739,
        673,
        697,
        230,
        378,
        285,
        624,
        965,
        680,
        929,
        436,
        483,
        405,
        398,
        504,
        914,
        202,
        538,
        824,
        707,
        922,
        167,
        433,
        251,
        107,
        867,
        200,
        408,
        162,
        169,
        809,
        801,
        10,
        753,
        184,
        0,
        593,
        56,
        363,
        305,
        557,
        353,
        958,
        327,
        18,
        989,
        469,
        62,
        868,
        713,
        957,
        905,
        9,
        614,
        746,
        768,
        490,
        842,
        451,
        932,
        148,
        524,
        599,
        898,
        170,
        915,
        924,
        452,
        377,
        926,
        429,
        240,
        222,
        635,
        866,
        128,
        414,
        302,
        756,
        149,
        66,
        637,
        630,
        543,
        742,
        68,
        901,
        607,
        985,
        341,
        568,
        144,
        784,
        515,
        782,
        552,
        621,
        394,
        796,
        609,
        428,
        278,
        878,
        168,
        563,
        596,
        348,
        154,
        322,
        270,
        325,
        511,
        396,
        82,
        366,
        74,
        745,
        652,
        456,
        2,
        137,
        595,
        648,
        203,
        213,
        195,
        953,
        580,
        106,
        140,
        54,
        24,
        760,
        535,
        977,
        320,
        99,
        354,
        219,
        686,
        638,
        994,
        874,
        375,
        668,
        794,
        604,
        930,
        47,
        411,
        650,
        500,
        830,
        961,
        87,
        891,
        615,
        884,
        920,
        296,
        658,
        468,
        704,
        27,
        516,
        808,
        677,
        541,
        529,
        705,
        653,
        108,
        48,
        916,
        488,
        834,
        846,
        206,
        656,
        899,
        943,
        160,
        180,
        722,
        703,
        579,
        897,
        330,
        136,
        44,
        900,
        176,
        100,
        459,
        208,
        534,
        265,
        549,
        427,
        911,
        371,
        826,
        585,
        290,
        349,
        646,
        937,
        29,
        122,
        421,
        530,
        802,
        223,
        492,
        412,
        964,
        717,
        8,
        805,
        945,
        793,
        889,
        442,
        61,
        313,
        413,
        836,
        687,
        477,
        383,
        141,
        611,
        560,
        531,
        446,
        873,
        799,
        381,
        999,
        158,
        110,
        402,
        797,
        992,
        127,
        699,
        962,
        944,
        773,
        221,
        98,
        861,
        283,
        21,
        854,
        249,
        870,
        460,
        185,
        116,
        547,
        432,
        30,
        762,
        84,
        13,
        822,
        840,
        103,
        198,
        978,
        3,
        569,
        178,
        292,
        466,
        355,
        23,
        982,
        731,
        362,
        109,
        909,
        182,
        235,
        979,
        663,
        403,
        774,
        771,
        372,
        692,
        509,
        332,
        572,
        336,
        498,
        892,
        129,
        647,
        841,
        679,
        337,
        662,
        592,
        181,
        659,
        88,
        770,
        735,
        810,
        857,
        344,
        205,
        342,
        548,
        57,
        570,
        39,
        197,
        306,
        298,
        987,
        397,
        183,
        643,
        269,
        289,
        303,
        881,
        709,
        93,
        220,
        379,
        605,
        910,
        457,
        708,
        654,
        175,
        241,
        586,
        65,
        484,
        256,
        562,
        91,
        37,
        266,
        5,
        113,
        316,
        616,
        949,
        447,
        550,
        351,
        318,
        420,
        96,
        255,
        225,
        590,
        715,
        422,
        776,
        287,
        453,
        212,
        880,
        626,
        364,
        696,
        102,
        174,
        939,
        613,
        872,
        261,
        328,
        875,
        718,
        737,
        947,
        231,
        491,
        51,
        479,
        645,
        164,
        495,
        387,
        188,
        683,
        138,
        288,
        391,
        651,
        475,
        438,
        540,
        380,
        681,
        772,
        761,
        792,
        311,
        253,
        636,
        358,
        825,
        218,
        329,
        786,
        134,
        72,
        627,
        976,
        942,
        532,
        416,
        928,
        252,
        431,
        968,
        49,
        633,
        75,
        211,
        276,
        691,
        521,
        716,
        642,
        790,
        214,
        333,
        744,
        4,
        812,
        268,
        163,
        101,
        754,
        493,
        927,
        118,
        885,
        279,
        248,
        502,
        837,
        385,
        142,
        85,
        517,
        823,
        187,
        281,
        577,
        308,
        147,
        448,
        757,
        299,
        684,
        670,
        201,
        693,
        863,
        851,
        476,
        284,
        748,
        399,
        246,
        449,
        317,
        465,
        711,
        960,
        28,
        114,
        694
    ],
    "Nb of functions evaluations": 50010,
    "Computational time in seconds": 1489.6716611385345,
    "Stopping criterion in evaluations": 50000
}