26° run output:
{
    "Function": "kroA1000.tsp",
    "Problem dimension": [
        907,
        639,
        619,
        173,
        168,
        703,
        314,
        190,
        481,
        66,
        588,
        288,
        230,
        64,
        115,
        765,
        958,
        43,
        803,
        801,
        671,
        262,
        414,
        294,
        861,
        805,
        147,
        145,
        553,
        745,
        325,
        210,
        483,
        85,
        299,
        566,
        33,
        57,
        954,
        151,
        787,
        640,
        352,
        642,
        337,
        19,
        477,
        208,
        304,
        475,
        749,
        955,
        366,
        266,
        388,
        272,
        540,
        447,
        883,
        493,
        180,
        187,
        519,
        0,
        979,
        571,
        657,
        612,
        909,
        273,
        161,
        79,
        280,
        911,
        26,
        705,
        239,
        603,
        930,
        49,
        72,
        437,
        222,
        464,
        714,
        236,
        968,
        822,
        438,
        557,
        918,
        461,
        632,
        452,
        328,
        285,
        450,
        560,
        626,
        70,
        854,
        721,
        170,
        750,
        507,
        11,
        276,
        382,
        350,
        82,
        938,
        696,
        12,
        15,
        843,
        771,
        402,
        853,
        490,
        500,
        614,
        467,
        13,
        550,
        899,
        837,
        744,
        514,
        570,
        561,
        996,
        424,
        629,
        851,
        460,
        685,
        529,
        992,
        800,
        219,
        149,
        904,
        761,
        572,
        586,
        150,
        69,
        893,
        816,
        250,
        255,
        327,
        574,
        544,
        916,
        687,
        42,
        579,
        799,
        440,
        207,
        444,
        459,
        152,
        716,
        404,
        729,
        389,
        233,
        976,
        889,
        359,
        595,
        235,
        672,
        473,
        648,
        171,
        427,
        774,
        995,
        673,
        143,
        605,
        920,
        615,
        554,
        181,
        914,
        468,
        886,
        316,
        804,
        458,
        385,
        990,
        591,
        945,
        988,
        432,
        707,
        944,
        795,
        922,
        397,
        559,
        866,
        959,
        564,
        486,
        678,
        533,
        905,
        265,
        77,
        645,
        611,
        333,
        994,
        956,
        466,
        757,
        101,
        631,
        297,
        747,
        105,
        967,
        340,
        356,
        341,
        923,
        107,
        813,
        820,
        638,
        940,
        545,
        821,
        317,
        420,
        384,
        562,
        772,
        738,
        137,
        428,
        435,
        815,
        539,
        371,
        541,
        474,
        478,
        781,
        723,
        417,
        81,
        28,
        479,
        364,
        888,
        386,
        901,
        237,
        535,
        965,
        55,
        429,
        655,
        624,
        223,
        939,
        689,
        260,
        90,
        465,
        797,
        830,
        164,
        942,
        46,
        934,
        573,
        457,
        387,
        159,
        649,
        783,
        454,
        623,
        975,
        693,
        748,
        641,
        126,
        5,
        425,
        900,
        358,
        652,
        915,
        112,
        651,
        405,
        238,
        759,
        510,
        654,
        898,
        569,
        421,
        172,
        881,
        413,
        777,
        966,
        4,
        492,
        513,
        732,
        860,
        896,
        661,
        215,
        802,
        891,
        713,
        936,
        658,
        193,
        470,
        504,
        379,
        279,
        183,
        676,
        185,
        408,
        784,
        121,
        856,
        254,
        859,
        284,
        740,
        84,
        964,
        117,
        862,
        584,
        575,
        895,
        868,
        712,
        134,
        166,
        924,
        436,
        878,
        306,
        762,
        212,
        769,
        848,
        225,
        692,
        135,
        919,
        877,
        363,
        814,
        947,
        361,
        476,
        844,
        753,
        852,
        480,
        695,
        44,
        308,
        622,
        688,
        116,
        993,
        120,
        775,
        58,
        451,
        556,
        277,
        146,
        675,
        133,
        416,
        528,
        370,
        54,
        501,
        114,
        568,
        20,
        206,
        793,
        127,
        609,
        368,
        338,
        497,
        576,
        50,
        315,
        65,
        606,
        792,
        742,
        220,
        834,
        186,
        577,
        542,
        776,
        780,
        613,
        7,
        531,
        247,
        160,
        546,
        18,
        318,
        1,
        390,
        850,
        25,
        768,
        607,
        701,
        89,
        30,
        499,
        764,
        119,
        227,
        874,
        972,
        634,
        969,
        326,
        472,
        453,
        903,
        885,
        287,
        9,
        818,
        767,
        600,
        811,
        710,
        665,
        271,
        694,
        970,
        319,
        291,
        977,
        485,
        664,
        925,
        269,
        810,
        184,
        372,
        515,
        829,
        674,
        832,
        286,
        842,
        445,
        342,
        45,
        508,
        80,
        980,
        51,
        724,
        446,
        110,
        502,
        778,
        855,
        60,
        690,
        76,
        563,
        733,
        330,
        398,
        201,
        394,
        334,
        209,
        108,
        195,
        669,
        311,
        831,
        68,
        735,
        999,
        229,
        610,
        819,
        608,
        419,
        313,
        441,
        948,
        884,
        78,
        393,
        791,
        679,
        36,
        957,
        961,
        518,
        808,
        984,
        700,
        17,
        205,
        399,
        103,
        730,
        292,
        293,
        349,
        312,
        912,
        582,
        846,
        722,
        625,
        960,
        835,
        282,
        981,
        794,
        867,
        670,
        589,
        809,
        2,
        144,
        949,
        991,
        683,
        455,
        647,
        138,
        256,
        617,
        248,
        10,
        592,
        879,
        718,
        142,
        908,
        380,
        353,
        27,
        524,
        24,
        344,
        214,
        369,
        927,
        263,
        666,
        56,
        555,
        132,
        484,
        202,
        736,
        637,
        950,
        415,
        963,
        741,
        32,
        599,
        345,
        489,
        488,
        941,
        175,
        567,
        192,
        392,
        456,
        684,
        644,
        274,
        122,
        194,
        305,
        951,
        300,
        257,
        99,
        766,
        197,
        354,
        94,
        97,
        98,
        118,
        104,
        660,
        275,
        268,
        849,
        840,
        226,
        773,
        725,
        532,
        865,
        751,
        717,
        706,
        864,
        410,
        162,
        241,
        875,
        232,
        176,
        31,
        494,
        136,
        790,
        449,
        997,
        48,
        827,
        433,
        191,
        807,
        407,
        204,
        691,
        377,
        756,
        469,
        360,
        621,
        929,
        131,
        786,
        163,
        921,
        779,
        423,
        216,
        857,
        463,
        281,
        530,
        367,
        355,
        516,
        157,
        52,
        677,
        383,
        16,
        22,
        887,
        177,
        153,
        283,
        462,
        935,
        737,
        933,
        928,
        111,
        73,
        167,
        439,
        512,
        290,
        213,
        503,
        301,
        731,
        224,
        788,
        141,
        536,
        374,
        698,
        798,
        310,
        974,
        620,
        348,
        668,
        335,
        727,
        517,
        973,
        267,
        527,
        812,
        872,
        704,
        495,
        158,
        63,
        93,
        894,
        96,
        667,
        336,
        746,
        347,
        590,
        62,
        987,
        443,
        847,
        332,
        890,
        491,
        346,
        511,
        125,
        296,
        41,
        663,
        442,
        653,
        249,
        482,
        373,
        329,
        839,
        505,
        261,
        401,
        74,
        376,
        596,
        628,
        534,
        75,
        307,
        102,
        538,
        755,
        278,
        858,
        943,
        88,
        587,
        882,
        917,
        362,
        998,
        234,
        200,
        365,
        8,
        242,
        339,
        302,
        155,
        826,
        719,
        823,
        537,
        130,
        196,
        989,
        506,
        593,
        646,
        434,
        270,
        758,
        734,
        148,
        100,
        59,
        523,
        986,
        952,
        331,
        295,
        430,
        129,
        650,
        123,
        743,
        189,
        95,
        897,
        422,
        728,
        932,
        789,
        83,
        391,
        838,
        40,
        726,
        259,
        396,
        616,
        913,
        252,
        630,
        659,
        711,
        525,
        598,
        203,
        627,
        833,
        498,
        258,
        23,
        198,
        870,
        381,
        828,
        61,
        182,
        754,
        806,
        174,
        825,
        87,
        53,
        565,
        662,
        871,
        14,
        931,
        322,
        824,
        526,
        303,
        760,
        246,
        709,
        409,
        245,
        178,
        597,
        217,
        520,
        869,
        86,
        937,
        686,
        496,
        946,
        863,
        375,
        71,
        752,
        770,
        558,
        836,
        522,
        817,
        321,
        635,
        578,
        580,
        253,
        228,
        140,
        448,
        547,
        165,
        92,
        720,
        953,
        785,
        221,
        320,
        697,
        782,
        113,
        431,
        426,
        983,
        549,
        583,
        67,
        509,
        548,
        47,
        351,
        581,
        251,
        378,
        643,
        702,
        34,
        680,
        298,
        6,
        708,
        962,
        763,
        604,
        471,
        796,
        636,
        594,
        618,
        682,
        403,
        323,
        902,
        876,
        218,
        978,
        699,
        156,
        845,
        240,
        400,
        715,
        551,
        656,
        37,
        128,
        154,
        21,
        395,
        124,
        343,
        411,
        552,
        231,
        406,
        139,
        179,
        35,
        971,
        906,
        264,
        585,
        29,
        910,
        91,
        739,
        543,
        243,
        418,
        38,
        39,
        3,
        412,
        521,
        109,
        487,
        841,
        602,
        289,
        982,
        880,
        926,
        324,
        357,
        188,
        169,
        681,
        633,
        601,
        873,
        309,
        244,
        199,
        892,
        211,
        106,
        985
    ],
    "Global Optimum": 0,
    "Algorithm": "Genetic algorithm",
    "Parameters": {
        "population": 30,
        "offspring": 30,
        "mutation probability": 0.001,
        "crossover probability": 0.9
    },
    "Fitness": 1373880,
    "Solution": [
        907,
        639,
        619,
        173,
        168,
        703,
        314,
        190,
        481,
        66,
        588,
        288,
        230,
        64,
        115,
        765,
        958,
        43,
        803,
        801,
        671,
        262,
        414,
        294,
        861,
        805,
        147,
        145,
        553,
        745,
        325,
        210,
        483,
        85,
        299,
        566,
        33,
        57,
        954,
        151,
        787,
        640,
        352,
        642,
        337,
        19,
        477,
        208,
        304,
        475,
        749,
        955,
        366,
        266,
        388,
        272,
        540,
        447,
        883,
        493,
        180,
        187,
        519,
        0,
        979,
        571,
        657,
        612,
        909,
        273,
        161,
        79,
        280,
        911,
        26,
        705,
        239,
        603,
        930,
        49,
        72,
        437,
        222,
        464,
        714,
        236,
        968,
        822,
        438,
        557,
        918,
        461,
        632,
        452,
        328,
        285,
        450,
        560,
        626,
        70,
        854,
        721,
        170,
        750,
        507,
        11,
        276,
        382,
        350,
        82,
        938,
        696,
        12,
        15,
        843,
        771,
        402,
        853,
        490,
        500,
        614,
        467,
        13,
        550,
        899,
        837,
        744,
        514,
        570,
        561,
        996,
        424,
        629,
        851,
        460,
        685,
        529,
        992,
        800,
        219,
        149,
        904,
        761,
        572,
        586,
        150,
        69,
        893,
        816,
        250,
        255,
        327,
        574,
        544,
        916,
        687,
        42,
        579,
        799,
        440,
        207,
        444,
        459,
        152,
        716,
        404,
        729,
        389,
        233,
        976,
        889,
        359,
        595,
        235,
        672,
        473,
        648,
        171,
        427,
        774,
        995,
        673,
        143,
        605,
        920,
        615,
        554,
        181,
        914,
        468,
        886,
        316,
        804,
        458,
        385,
        990,
        591,
        945,
        988,
        432,
        707,
        944,
        795,
        922,
        397,
        559,
        866,
        959,
        564,
        486,
        678,
        533,
        905,
        265,
        77,
        645,
        611,
        333,
        994,
        956,
        466,
        757,
        101,
        631,
        297,
        747,
        105,
        967,
        340,
        356,
        341,
        923,
        107,
        813,
        820,
        638,
        940,
        545,
        821,
        317,
        420,
        384,
        562,
        772,
        738,
        137,
        428,
        435,
        815,
        539,
        371,
        541,
        474,
        478,
        781,
        723,
        417,
        81,
        28,
        479,
        364,
        888,
        386,
        901,
        237,
        535,
        965,
        55,
        429,
        655,
        624,
        223,
        939,
        689,
        260,
        90,
        465,
        797,
        830,
        164,
        942,
        46,
        934,
        573,
        457,
        387,
        159,
        649,
        783,
        454,
        623,
        975,
        693,
        748,
        641,
        126,
        5,
        425,
        900,
        358,
        652,
        915,
        112,
        651,
        405,
        238,
        759,
        510,
        654,
        898,
        569,
        421,
        172,
        881,
        413,
        777,
        966,
        4,
        492,
        513,
        732,
        860,
        896,
        661,
        215,
        802,
        891,
        713,
        936,
        658,
        193,
        470,
        504,
        379,
        279,
        183,
        676,
        185,
        408,
        784,
        121,
        856,
        254,
        859,
        284,
        740,
        84,
        964,
        117,
        862,
        584,
        575,
        895,
        868,
        712,
        134,
        166,
        924,
        436,
        878,
        306,
        762,
        212,
        769,
        848,
        225,
        692,
        135,
        919,
        877,
        363,
        814,
        947,
        361,
        476,
        844,
        753,
        852,
        480,
        695,
        44,
        308,
        622,
        688,
        116,
        993,
        120,
        775,
        58,
        451,
        556,
        277,
        146,
        675,
        133,
        416,
        528,
        370,
        54,
        501,
        114,
        568,
        20,
        206,
        793,
        127,
        609,
        368,
        338,
        497,
        576,
        50,
        315,
        65,
        606,
        792,
        742,
        220,
        834,
        186,
        577,
        542,
        776,
        780,
        613,
        7,
        531,
        247,
        160,
        546,
        18,
        318,
        1,
        390,
        850,
        25,
        768,
        607,
        701,
        89,
        30,
        499,
        764,
        119,
        227,
        874,
        972,
        634,
        969,
        326,
        472,
        453,
        903,
        885,
        287,
        9,
        818,
        767,
        600,
        811,
        710,
        665,
        271,
        694,
        970,
        319,
        291,
        977,
        485,
        664,
        925,
        269,
        810,
        184,
        372,
        515,
        829,
        674,
        832,
        286,
        842,
        445,
        342,
        45,
        508,
        80,
        980,
        51,
        724,
        446,
        110,
        502,
        778,
        855,
        60,
        690,
        76,
        563,
        733,
        330,
        398,
        201,
        394,
        334,
        209,
        108,
        195,
        669,
        311,
        831,
        68,
        735,
        999,
        229,
        610,
        819,
        608,
        419,
        313,
        441,
        948,
        884,
        78,
        393,
        791,
        679,
        36,
        957,
        961,
        518,
        808,
        984,
        700,
        17,
        205,
        399,
        103,
        730,
        292,
        293,
        349,
        312,
        912,
        582,
        846,
        722,
        625,
        960,
        835,
        282,
        981,
        794,
        867,
        670,
        589,
        809,
        2,
        144,
        949,
        991,
        683,
        455,
        647,
        138,
        256,
        617,
        248,
        10,
        592,
        879,
        718,
        142,
        908,
        380,
        353,
        27,
        524,
        24,
        344,
        214,
        369,
        927,
        263,
        666,
        56,
        555,
        132,
        484,
        202,
        736,
        637,
        950,
        415,
        963,
        741,
        32,
        599,
        345,
        489,
        488,
        941,
        175,
        567,
        192,
        392,
        456,
        684,
        644,
        274,
        122,
        194,
        305,
        951,
        300,
        257,
        99,
        766,
        197,
        354,
        94,
        97,
        98,
        118,
        104,
        660,
        275,
        268,
        849,
        840,
        226,
        773,
        725,
        532,
        865,
        751,
        717,
        706,
        864,
        410,
        162,
        241,
        875,
        232,
        176,
        31,
        494,
        136,
        790,
        449,
        997,
        48,
        827,
        433,
        191,
        807,
        407,
        204,
        691,
        377,
        756,
        469,
        360,
        621,
        929,
        131,
        786,
        163,
        921,
        779,
        423,
        216,
        857,
        463,
        281,
        530,
        367,
        355,
        516,
        157,
        52,
        677,
        383,
        16,
        22,
        887,
        177,
        153,
        283,
        462,
        935,
        737,
        933,
        928,
        111,
        73,
        167,
        439,
        512,
        290,
        213,
        503,
        301,
        731,
        224,
        788,
        141,
        536,
        374,
        698,
        798,
        310,
        974,
        620,
        348,
        668,
        335,
        727,
        517,
        973,
        267,
        527,
        812,
        872,
        704,
        495,
        158,
        63,
        93,
        894,
        96,
        667,
        336,
        746,
        347,
        590,
        62,
        987,
        443,
        847,
        332,
        890,
        491,
        346,
        511,
        125,
        296,
        41,
        663,
        442,
        653,
        249,
        482,
        373,
        329,
        839,
        505,
        261,
        401,
        74,
        376,
        596,
        628,
        534,
        75,
        307,
        102,
        538,
        755,
        278,
        858,
        943,
        88,
        587,
        882,
        917,
        362,
        998,
        234,
        200,
        365,
        8,
        242,
        339,
        302,
        155,
        826,
        719,
        823,
        537,
        130,
        196,
        989,
        506,
        593,
        646,
        434,
        270,
        758,
        734,
        148,
        100,
        59,
        523,
        986,
        952,
        331,
        295,
        430,
        129,
        650,
        123,
        743,
        189,
        95,
        897,
        422,
        728,
        932,
        789,
        83,
        391,
        838,
        40,
        726,
        259,
        396,
        616,
        913,
        252,
        630,
        659,
        711,
        525,
        598,
        203,
        627,
        833,
        498,
        258,
        23,
        198,
        870,
        381,
        828,
        61,
        182,
        754,
        806,
        174,
        825,
        87,
        53,
        565,
        662,
        871,
        14,
        931,
        322,
        824,
        526,
        303,
        760,
        246,
        709,
        409,
        245,
        178,
        597,
        217,
        520,
        869,
        86,
        937,
        686,
        496,
        946,
        863,
        375,
        71,
        752,
        770,
        558,
        836,
        522,
        817,
        321,
        635,
        578,
        580,
        253,
        228,
        140,
        448,
        547,
        165,
        92,
        720,
        953,
        785,
        221,
        320,
        697,
        782,
        113,
        431,
        426,
        983,
        549,
        583,
        67,
        509,
        548,
        47,
        351,
        581,
        251,
        378,
        643,
        702,
        34,
        680,
        298,
        6,
        708,
        962,
        763,
        604,
        471,
        796,
        636,
        594,
        618,
        682,
        403,
        323,
        902,
        876,
        218,
        978,
        699,
        156,
        845,
        240,
        400,
        715,
        551,
        656,
        37,
        128,
        154,
        21,
        395,
        124,
        343,
        411,
        552,
        231,
        406,
        139,
        179,
        35,
        971,
        906,
        264,
        585,
        29,
        910,
        91,
        739,
        543,
        243,
        418,
        38,
        39,
        3,
        412,
        521,
        109,
        487,
        841,
        602,
        289,
        982,
        880,
        926,
        324,
        357,
        188,
        169,
        681,
        633,
        601,
        873,
        309,
        244,
        199,
        892,
        211,
        106,
        985
    ],
    "Nb of functions evaluations": 50010,
    "Computational time in seconds": 1506.923635482788,
    "Stopping criterion in evaluations": 50000
}