27° run output:
{
    "Function": "ClusterB100.tsp",
    "Problem dimension": [
        13,
        26,
        86,
        64,
        94,
        39,
        44,
        23,
        25,
        83,
        71,
        27,
        98,
        72,
        45,
        92,
        20,
        81,
        43,
        36,
        15,
        50,
        73,
        35,
        62,
        22,
        87,
        6,
        33,
        18,
        78,
        37,
        29,
        80,
        24,
        17,
        10,
        60,
        4,
        77,
        82,
        21,
        93,
        76,
        40,
        5,
        51,
        66,
        41,
        95,
        8,
        16,
        84,
        68,
        1,
        99,
        69,
        49,
        52,
        65,
        7,
        75,
        14,
        11,
        89,
        30,
        31,
        63,
        57,
        54,
        97,
        28,
        48,
        53,
        47,
        58,
        3,
        74,
        2,
        34,
        19,
        88,
        90,
        56,
        46,
        0,
        70,
        32,
        38,
        91,
        12,
        55,
        42,
        96,
        61,
        85,
        59,
        9,
        67,
        79
    ],
    "Global Optimum": 0,
    "Algorithm": "Genetic algorithm",
    "Parameters": {
        "population": 30,
        "offspring": 30,
        "mutation probability": 0.01,
        "crossover probability": 0.9
    },
    "Fitness": 53184,
    "Solution": [
        13,
        26,
        86,
        64,
        94,
        39,
        44,
        23,
        25,
        83,
        71,
        27,
        98,
        72,
        45,
        92,
        20,
        81,
        43,
        36,
        15,
        50,
        73,
        35,
        62,
        22,
        87,
        6,
        33,
        18,
        78,
        37,
        29,
        80,
        24,
        17,
        10,
        60,
        4,
        77,
        82,
        21,
        93,
        76,
        40,
        5,
        51,
        66,
        41,
        95,
        8,
        16,
        84,
        68,
        1,
        99,
        69,
        49,
        52,
        65,
        7,
        75,
        14,
        11,
        89,
        30,
        31,
        63,
        57,
        54,
        97,
        28,
        48,
        53,
        47,
        58,
        3,
        74,
        2,
        34,
        19,
        88,
        90,
        56,
        46,
        0,
        70,
        32,
        38,
        91,
        12,
        55,
        42,
        96,
        61,
        85,
        59,
        9,
        67,
        79
    ],
    "Nb of functions evaluations": 400020,
    "Computational time in seconds": 107.99464058876038,
    "Stopping criterion in evaluations": 400000
}