29° run output:
{
    "Function": "ClusterA500.tsp",
    "Problem dimension": [
        126,
        290,
        484,
        449,
        387,
        429,
        348,
        24,
        162,
        361,
        317,
        1,
        381,
        216,
        420,
        418,
        471,
        426,
        243,
        91,
        171,
        200,
        228,
        281,
        51,
        262,
        259,
        218,
        417,
        489,
        141,
        300,
        230,
        199,
        165,
        175,
        392,
        185,
        297,
        283,
        12,
        474,
        233,
        201,
        10,
        456,
        195,
        378,
        310,
        446,
        284,
        319,
        239,
        256,
        467,
        81,
        180,
        268,
        422,
        211,
        478,
        88,
        388,
        40,
        468,
        93,
        286,
        279,
        419,
        423,
        349,
        364,
        206,
        425,
        14,
        219,
        264,
        90,
        459,
        60,
        167,
        188,
        114,
        16,
        411,
        438,
        298,
        440,
        246,
        127,
        62,
        397,
        100,
        152,
        237,
        36,
        404,
        232,
        34,
        168,
        437,
        83,
        363,
        444,
        260,
        250,
        416,
        66,
        439,
        96,
        327,
        309,
        238,
        477,
        202,
        272,
        305,
        58,
        76,
        470,
        382,
        156,
        181,
        357,
        13,
        5,
        15,
        124,
        282,
        253,
        401,
        313,
        120,
        235,
        197,
        441,
        207,
        189,
        483,
        116,
        458,
        380,
        85,
        4,
        424,
        31,
        463,
        498,
        398,
        277,
        343,
        99,
        386,
        490,
        287,
        497,
        389,
        373,
        316,
        154,
        329,
        455,
        70,
        53,
        220,
        115,
        482,
        97,
        73,
        379,
        50,
        49,
        215,
        366,
        160,
        191,
        326,
        278,
        368,
        77,
        276,
        347,
        231,
        488,
        369,
        377,
        435,
        212,
        304,
        214,
        98,
        86,
        128,
        480,
        159,
        43,
        469,
        251,
        466,
        149,
        151,
        240,
        205,
        301,
        457,
        65,
        447,
        64,
        292,
        249,
        333,
        405,
        360,
        75,
        293,
        3,
        302,
        28,
        147,
        476,
        331,
        367,
        132,
        170,
        396,
        173,
        103,
        494,
        42,
        365,
        499,
        166,
        385,
        143,
        78,
        374,
        303,
        129,
        190,
        487,
        55,
        20,
        59,
        390,
        179,
        362,
        323,
        412,
        133,
        234,
        106,
        450,
        194,
        122,
        307,
        0,
        192,
        431,
        337,
        41,
        403,
        101,
        74,
        391,
        481,
        174,
        119,
        23,
        472,
        294,
        89,
        296,
        273,
        485,
        322,
        285,
        87,
        464,
        18,
        325,
        108,
        178,
        271,
        254,
        342,
        217,
        330,
        123,
        236,
        311,
        312,
        255,
        314,
        135,
        334,
        111,
        187,
        27,
        451,
        32,
        229,
        223,
        72,
        295,
        433,
        35,
        137,
        393,
        176,
        161,
        92,
        261,
        142,
        353,
        110,
        184,
        210,
        112,
        2,
        465,
        375,
        209,
        105,
        318,
        121,
        117,
        164,
        341,
        134,
        460,
        257,
        125,
        427,
        414,
        247,
        79,
        430,
        266,
        443,
        289,
        324,
        69,
        71,
        48,
        315,
        383,
        113,
        46,
        107,
        30,
        157,
        213,
        109,
        82,
        61,
        407,
        338,
        495,
        203,
        258,
        136,
        452,
        400,
        45,
        442,
        140,
        39,
        29,
        402,
        225,
        415,
        346,
        172,
        351,
        408,
        131,
        248,
        491,
        306,
        139,
        221,
        67,
        208,
        461,
        399,
        486,
        11,
        288,
        280,
        38,
        222,
        492,
        269,
        224,
        372,
        432,
        270,
        275,
        148,
        454,
        354,
        33,
        102,
        496,
        336,
        146,
        17,
        177,
        84,
        410,
        52,
        57,
        227,
        376,
        358,
        345,
        47,
        413,
        479,
        394,
        352,
        80,
        421,
        198,
        428,
        138,
        395,
        475,
        370,
        308,
        9,
        163,
        104,
        183,
        19,
        384,
        339,
        332,
        335,
        68,
        44,
        263,
        144,
        244,
        406,
        320,
        462,
        94,
        150,
        291,
        267,
        21,
        153,
        436,
        95,
        8,
        274,
        409,
        434,
        186,
        493,
        130,
        118,
        359,
        242,
        193,
        63,
        182,
        265,
        25,
        155,
        26,
        340,
        453,
        445,
        328,
        6,
        158,
        344,
        54,
        299,
        7,
        245,
        56,
        371,
        145,
        226,
        22,
        448,
        169,
        321,
        204,
        37,
        473,
        350,
        356,
        196,
        252,
        241,
        355
    ],
    "Global Optimum": 0,
    "Algorithm": "Genetic algorithm",
    "Parameters": {
        "population": 30,
        "offspring": 30,
        "mutation probability": 0.002,
        "crossover probability": 0.9
    },
    "Fitness": 705915,
    "Solution": [
        126,
        290,
        484,
        449,
        387,
        429,
        348,
        24,
        162,
        361,
        317,
        1,
        381,
        216,
        420,
        418,
        471,
        426,
        243,
        91,
        171,
        200,
        228,
        281,
        51,
        262,
        259,
        218,
        417,
        489,
        141,
        300,
        230,
        199,
        165,
        175,
        392,
        185,
        297,
        283,
        12,
        474,
        233,
        201,
        10,
        456,
        195,
        378,
        310,
        446,
        284,
        319,
        239,
        256,
        467,
        81,
        180,
        268,
        422,
        211,
        478,
        88,
        388,
        40,
        468,
        93,
        286,
        279,
        419,
        423,
        349,
        364,
        206,
        425,
        14,
        219,
        264,
        90,
        459,
        60,
        167,
        188,
        114,
        16,
        411,
        438,
        298,
        440,
        246,
        127,
        62,
        397,
        100,
        152,
        237,
        36,
        404,
        232,
        34,
        168,
        437,
        83,
        363,
        444,
        260,
        250,
        416,
        66,
        439,
        96,
        327,
        309,
        238,
        477,
        202,
        272,
        305,
        58,
        76,
        470,
        382,
        156,
        181,
        357,
        13,
        5,
        15,
        124,
        282,
        253,
        401,
        313,
        120,
        235,
        197,
        441,
        207,
        189,
        483,
        116,
        458,
        380,
        85,
        4,
        424,
        31,
        463,
        498,
        398,
        277,
        343,
        99,
        386,
        490,
        287,
        497,
        389,
        373,
        316,
        154,
        329,
        455,
        70,
        53,
        220,
        115,
        482,
        97,
        73,
        379,
        50,
        49,
        215,
        366,
        160,
        191,
        326,
        278,
        368,
        77,
        276,
        347,
        231,
        488,
        369,
        377,
        435,
        212,
        304,
        214,
        98,
        86,
        128,
        480,
        159,
        43,
        469,
        251,
        466,
        149,
        151,
        240,
        205,
        301,
        457,
        65,
        447,
        64,
        292,
        249,
        333,
        405,
        360,
        75,
        293,
        3,
        302,
        28,
        147,
        476,
        331,
        367,
        132,
        170,
        396,
        173,
        103,
        494,
        42,
        365,
        499,
        166,
        385,
        143,
        78,
        374,
        303,
        129,
        190,
        487,
        55,
        20,
        59,
        390,
        179,
        362,
        323,
        412,
        133,
        234,
        106,
        450,
        194,
        122,
        307,
        0,
        192,
        431,
        337,
        41,
        403,
        101,
        74,
        391,
        481,
        174,
        119,
        23,
        472,
        294,
        89,
        296,
        273,
        485,
        322,
        285,
        87,
        464,
        18,
        325,
        108,
        178,
        271,
        254,
        342,
        217,
        330,
        123,
        236,
        311,
        312,
        255,
        314,
        135,
        334,
        111,
        187,
        27,
        451,
        32,
        229,
        223,
        72,
        295,
        433,
        35,
        137,
        393,
        176,
        161,
        92,
        261,
        142,
        353,
        110,
        184,
        210,
        112,
        2,
        465,
        375,
        209,
        105,
        318,
        121,
        117,
        164,
        341,
        134,
        460,
        257,
        125,
        427,
        414,
        247,
        79,
        430,
        266,
        443,
        289,
        324,
        69,
        71,
        48,
        315,
        383,
        113,
        46,
        107,
        30,
        157,
        213,
        109,
        82,
        61,
        407,
        338,
        495,
        203,
        258,
        136,
        452,
        400,
        45,
        442,
        140,
        39,
        29,
        402,
        225,
        415,
        346,
        172,
        351,
        408,
        131,
        248,
        491,
        306,
        139,
        221,
        67,
        208,
        461,
        399,
        486,
        11,
        288,
        280,
        38,
        222,
        492,
        269,
        224,
        372,
        432,
        270,
        275,
        148,
        454,
        354,
        33,
        102,
        496,
        336,
        146,
        17,
        177,
        84,
        410,
        52,
        57,
        227,
        376,
        358,
        345,
        47,
        413,
        479,
        394,
        352,
        80,
        421,
        198,
        428,
        138,
        395,
        475,
        370,
        308,
        9,
        163,
        104,
        183,
        19,
        384,
        339,
        332,
        335,
        68,
        44,
        263,
        144,
        244,
        406,
        320,
        462,
        94,
        150,
        291,
        267,
        21,
        153,
        436,
        95,
        8,
        274,
        409,
        434,
        186,
        493,
        130,
        118,
        359,
        242,
        193,
        63,
        182,
        265,
        25,
        155,
        26,
        340,
        453,
        445,
        328,
        6,
        158,
        344,
        54,
        299,
        7,
        245,
        56,
        371,
        145,
        226,
        22,
        448,
        169,
        321,
        204,
        37,
        473,
        350,
        356,
        196,
        252,
        241,
        355
    ],
    "Nb of functions evaluations": 50010,
    "Computational time in seconds": 369.4905581474304,
    "Stopping criterion in evaluations": 50000
}