1° run output:
{
    "Function": "ClusterA500.tsp",
    "Problem dimension": [
        49,
        11,
        235,
        394,
        215,
        468,
        37,
        61,
        97,
        484,
        362,
        411,
        150,
        217,
        231,
        343,
        124,
        207,
        190,
        57,
        428,
        459,
        418,
        115,
        412,
        33,
        332,
        261,
        291,
        47,
        12,
        301,
        368,
        145,
        13,
        427,
        27,
        443,
        392,
        434,
        201,
        314,
        151,
        452,
        116,
        404,
        321,
        496,
        188,
        393,
        341,
        334,
        23,
        435,
        494,
        73,
        287,
        420,
        211,
        53,
        122,
        285,
        415,
        135,
        390,
        355,
        186,
        236,
        87,
        374,
        450,
        181,
        330,
        185,
        438,
        326,
        309,
        192,
        175,
        138,
        178,
        245,
        59,
        342,
        54,
        180,
        9,
        405,
        483,
        173,
        166,
        81,
        446,
        498,
        386,
        202,
        421,
        305,
        409,
        447,
        333,
        20,
        422,
        28,
        375,
        249,
        160,
        111,
        153,
        357,
        132,
        463,
        441,
        139,
        247,
        327,
        319,
        10,
        74,
        490,
        419,
        227,
        323,
        413,
        444,
        16,
        223,
        384,
        8,
        251,
        340,
        154,
        299,
        233,
        197,
        96,
        485,
        300,
        373,
        38,
        103,
        336,
        179,
        454,
        182,
        110,
        491,
        238,
        479,
        271,
        6,
        229,
        465,
        90,
        358,
        379,
        92,
        306,
        370,
        164,
        430,
        395,
        472,
        203,
        442,
        348,
        389,
        19,
        67,
        253,
        295,
        431,
        376,
        42,
        79,
        55,
        93,
        260,
        152,
        36,
        82,
        109,
        140,
        22,
        283,
        464,
        239,
        4,
        88,
        449,
        219,
        131,
        349,
        458,
        371,
        303,
        246,
        478,
        17,
        387,
        78,
        68,
        204,
        102,
        77,
        344,
        1,
        467,
        84,
        130,
        83,
        480,
        322,
        259,
        172,
        367,
        273,
        45,
        85,
        272,
        162,
        493,
        263,
        210,
        234,
        228,
        445,
        183,
        489,
        364,
        199,
        206,
        347,
        351,
        254,
        383,
        209,
        14,
        481,
        325,
        408,
        133,
        486,
        382,
        257,
        324,
        200,
        487,
        51,
        60,
        26,
        401,
        414,
        232,
        292,
        436,
        225,
        143,
        220,
        437,
        380,
        104,
        289,
        329,
        194,
        312,
        242,
        118,
        224,
        184,
        39,
        497,
        475,
        196,
        44,
        167,
        158,
        100,
        63,
        134,
        123,
        189,
        155,
        320,
        212,
        423,
        372,
        455,
        276,
        48,
        258,
        366,
        75,
        453,
        457,
        269,
        265,
        50,
        40,
        121,
        255,
        397,
        363,
        284,
        308,
        149,
        294,
        114,
        469,
        177,
        432,
        248,
        41,
        315,
        318,
        402,
        417,
        410,
        35,
        466,
        119,
        313,
        214,
        335,
        80,
        388,
        244,
        25,
        208,
        52,
        62,
        378,
        316,
        2,
        297,
        302,
        99,
        34,
        385,
        230,
        169,
        156,
        7,
        270,
        218,
        268,
        112,
        174,
        24,
        499,
        360,
        141,
        311,
        187,
        198,
        470,
        171,
        146,
        213,
        157,
        266,
        126,
        240,
        495,
        331,
        86,
        398,
        462,
        176,
        125,
        76,
        191,
        95,
        170,
        482,
        350,
        195,
        46,
        353,
        252,
        298,
        426,
        267,
        406,
        352,
        18,
        264,
        72,
        237,
        147,
        136,
        328,
        281,
        399,
        98,
        282,
        403,
        70,
        488,
        279,
        165,
        144,
        356,
        474,
        168,
        337,
        161,
        476,
        89,
        274,
        216,
        256,
        148,
        277,
        433,
        31,
        304,
        339,
        400,
        293,
        107,
        91,
        338,
        361,
        0,
        307,
        396,
        71,
        66,
        288,
        286,
        365,
        117,
        105,
        250,
        226,
        101,
        391,
        65,
        3,
        142,
        317,
        262,
        193,
        15,
        43,
        205,
        473,
        94,
        163,
        108,
        290,
        359,
        369,
        32,
        278,
        127,
        448,
        120,
        461,
        345,
        451,
        407,
        429,
        296,
        58,
        492,
        416,
        477,
        129,
        381,
        354,
        310,
        30,
        5,
        377,
        241,
        159,
        424,
        221,
        113,
        280,
        56,
        275,
        69,
        137,
        106,
        471,
        64,
        29,
        21,
        460,
        425,
        439,
        243,
        222,
        346,
        456,
        128,
        440
    ],
    "Global Optimum": 0,
    "Algorithm": "Genetic algorithm",
    "Parameters": {
        "population": 30,
        "offspring": 30,
        "mutation probability": 0.002,
        "crossover probability": 0.9
    },
    "Fitness": 764446,
    "Solution": [
        49,
        11,
        235,
        394,
        215,
        468,
        37,
        61,
        97,
        484,
        362,
        411,
        150,
        217,
        231,
        343,
        124,
        207,
        190,
        57,
        428,
        459,
        418,
        115,
        412,
        33,
        332,
        261,
        291,
        47,
        12,
        301,
        368,
        145,
        13,
        427,
        27,
        443,
        392,
        434,
        201,
        314,
        151,
        452,
        116,
        404,
        321,
        496,
        188,
        393,
        341,
        334,
        23,
        435,
        494,
        73,
        287,
        420,
        211,
        53,
        122,
        285,
        415,
        135,
        390,
        355,
        186,
        236,
        87,
        374,
        450,
        181,
        330,
        185,
        438,
        326,
        309,
        192,
        175,
        138,
        178,
        245,
        59,
        342,
        54,
        180,
        9,
        405,
        483,
        173,
        166,
        81,
        446,
        498,
        386,
        202,
        421,
        305,
        409,
        447,
        333,
        20,
        422,
        28,
        375,
        249,
        160,
        111,
        153,
        357,
        132,
        463,
        441,
        139,
        247,
        327,
        319,
        10,
        74,
        490,
        419,
        227,
        323,
        413,
        444,
        16,
        223,
        384,
        8,
        251,
        340,
        154,
        299,
        233,
        197,
        96,
        485,
        300,
        373,
        38,
        103,
        336,
        179,
        454,
        182,
        110,
        491,
        238,
        479,
        271,
        6,
        229,
        465,
        90,
        358,
        379,
        92,
        306,
        370,
        164,
        430,
        395,
        472,
        203,
        442,
        348,
        389,
        19,
        67,
        253,
        295,
        431,
        376,
        42,
        79,
        55,
        93,
        260,
        152,
        36,
        82,
        109,
        140,
        22,
        283,
        464,
        239,
        4,
        88,
        449,
        219,
        131,
        349,
        458,
        371,
        303,
        246,
        478,
        17,
        387,
        78,
        68,
        204,
        102,
        77,
        344,
        1,
        467,
        84,
        130,
        83,
        480,
        322,
        259,
        172,
        367,
        273,
        45,
        85,
        272,
        162,
        493,
        263,
        210,
        234,
        228,
        445,
        183,
        489,
        364,
        199,
        206,
        347,
        351,
        254,
        383,
        209,
        14,
        481,
        325,
        408,
        133,
        486,
        382,
        257,
        324,
        200,
        487,
        51,
        60,
        26,
        401,
        414,
        232,
        292,
        436,
        225,
        143,
        220,
        437,
        380,
        104,
        289,
        329,
        194,
        312,
        242,
        118,
        224,
        184,
        39,
        497,
        475,
        196,
        44,
        167,
        158,
        100,
        63,
        134,
        123,
        189,
        155,
        320,
        212,
        423,
        372,
        455,
        276,
        48,
        258,
        366,
        75,
        453,
        457,
        269,
        265,
        50,
        40,
        121,
        255,
        397,
        363,
        284,
        308,
        149,
        294,
        114,
        469,
        177,
        432,
        248,
        41,
        315,
        318,
        402,
        417,
        410,
        35,
        466,
        119,
        313,
        214,
        335,
        80,
        388,
        244,
        25,
        208,
        52,
        62,
        378,
        316,
        2,
        297,
        302,
        99,
        34,
        385,
        230,
        169,
        156,
        7,
        270,
        218,
        268,
        112,
        174,
        24,
        499,
        360,
        141,
        311,
        187,
        198,
        470,
        171,
        146,
        213,
        157,
        266,
        126,
        240,
        495,
        331,
        86,
        398,
        462,
        176,
        125,
        76,
        191,
        95,
        170,
        482,
        350,
        195,
        46,
        353,
        252,
        298,
        426,
        267,
        406,
        352,
        18,
        264,
        72,
        237,
        147,
        136,
        328,
        281,
        399,
        98,
        282,
        403,
        70,
        488,
        279,
        165,
        144,
        356,
        474,
        168,
        337,
        161,
        476,
        89,
        274,
        216,
        256,
        148,
        277,
        433,
        31,
        304,
        339,
        400,
        293,
        107,
        91,
        338,
        361,
        0,
        307,
        396,
        71,
        66,
        288,
        286,
        365,
        117,
        105,
        250,
        226,
        101,
        391,
        65,
        3,
        142,
        317,
        262,
        193,
        15,
        43,
        205,
        473,
        94,
        163,
        108,
        290,
        359,
        369,
        32,
        278,
        127,
        448,
        120,
        461,
        345,
        451,
        407,
        429,
        296,
        58,
        492,
        416,
        477,
        129,
        381,
        354,
        310,
        30,
        5,
        377,
        241,
        159,
        424,
        221,
        113,
        280,
        56,
        275,
        69,
        137,
        106,
        471,
        64,
        29,
        21,
        460,
        425,
        439,
        243,
        222,
        346,
        456,
        128,
        440
    ],
    "Nb of functions evaluations": 50010,
    "Computational time in seconds": 392.4019386768341,
    "Stopping criterion in evaluations": 50000
}