28° run output:
{
    "Function": "ClusterB100.tsp",
    "Problem dimension": [
        93,
        40,
        66,
        41,
        78,
        96,
        61,
        63,
        59,
        48,
        39,
        74,
        45,
        64,
        28,
        54,
        69,
        94,
        97,
        92,
        13,
        16,
        90,
        33,
        4,
        37,
        56,
        79,
        20,
        25,
        36,
        50,
        91,
        47,
        99,
        19,
        17,
        71,
        89,
        83,
        58,
        57,
        3,
        86,
        53,
        72,
        68,
        35,
        44,
        10,
        24,
        65,
        22,
        75,
        7,
        5,
        62,
        98,
        9,
        34,
        84,
        51,
        70,
        55,
        2,
        23,
        49,
        26,
        38,
        11,
        21,
        14,
        82,
        80,
        32,
        46,
        8,
        95,
        60,
        1,
        81,
        67,
        88,
        0,
        43,
        12,
        18,
        77,
        29,
        15,
        73,
        30,
        27,
        31,
        42,
        85,
        52,
        87,
        6,
        76
    ],
    "Global Optimum": 0,
    "Algorithm": "Genetic algorithm",
    "Parameters": {
        "population": 30,
        "offspring": 30,
        "mutation probability": 0.01,
        "crossover probability": 0.9
    },
    "Fitness": 80784,
    "Solution": [
        93,
        40,
        66,
        41,
        78,
        96,
        61,
        63,
        59,
        48,
        39,
        74,
        45,
        64,
        28,
        54,
        69,
        94,
        97,
        92,
        13,
        16,
        90,
        33,
        4,
        37,
        56,
        79,
        20,
        25,
        36,
        50,
        91,
        47,
        99,
        19,
        17,
        71,
        89,
        83,
        58,
        57,
        3,
        86,
        53,
        72,
        68,
        35,
        44,
        10,
        24,
        65,
        22,
        75,
        7,
        5,
        62,
        98,
        9,
        34,
        84,
        51,
        70,
        55,
        2,
        23,
        49,
        26,
        38,
        11,
        21,
        14,
        82,
        80,
        32,
        46,
        8,
        95,
        60,
        1,
        81,
        67,
        88,
        0,
        43,
        12,
        18,
        77,
        29,
        15,
        73,
        30,
        27,
        31,
        42,
        85,
        52,
        87,
        6,
        76
    ],
    "Nb of functions evaluations": 50010,
    "Computational time in seconds": 22.95183825492859,
    "Stopping criterion in evaluations": 50000
}