18° run output:
{
    "Function": "ClusterB100.tsp",
    "Problem dimension": [
        23,
        94,
        28,
        25,
        59,
        75,
        32,
        15,
        73,
        96,
        52,
        76,
        21,
        78,
        84,
        1,
        48,
        63,
        58,
        86,
        49,
        10,
        33,
        72,
        45,
        98,
        64,
        39,
        17,
        44,
        54,
        57,
        26,
        53,
        20,
        3,
        19,
        34,
        99,
        55,
        47,
        83,
        79,
        2,
        97,
        69,
        60,
        70,
        29,
        8,
        82,
        11,
        50,
        36,
        91,
        37,
        14,
        12,
        43,
        42,
        61,
        5,
        51,
        41,
        65,
        62,
        0,
        40,
        35,
        68,
        66,
        87,
        93,
        7,
        4,
        95,
        88,
        38,
        80,
        24,
        22,
        46,
        6,
        18,
        31,
        30,
        89,
        90,
        56,
        16,
        77,
        85,
        27,
        71,
        13,
        9,
        81,
        74,
        92,
        67
    ],
    "Global Optimum": 0,
    "Algorithm": "Genetic algorithm",
    "Parameters": {
        "population": 30,
        "offspring": 30,
        "mutation probability": 0.01,
        "crossover probability": 0.9
    },
    "Fitness": 84095,
    "Solution": [
        23,
        94,
        28,
        25,
        59,
        75,
        32,
        15,
        73,
        96,
        52,
        76,
        21,
        78,
        84,
        1,
        48,
        63,
        58,
        86,
        49,
        10,
        33,
        72,
        45,
        98,
        64,
        39,
        17,
        44,
        54,
        57,
        26,
        53,
        20,
        3,
        19,
        34,
        99,
        55,
        47,
        83,
        79,
        2,
        97,
        69,
        60,
        70,
        29,
        8,
        82,
        11,
        50,
        36,
        91,
        37,
        14,
        12,
        43,
        42,
        61,
        5,
        51,
        41,
        65,
        62,
        0,
        40,
        35,
        68,
        66,
        87,
        93,
        7,
        4,
        95,
        88,
        38,
        80,
        24,
        22,
        46,
        6,
        18,
        31,
        30,
        89,
        90,
        56,
        16,
        77,
        85,
        27,
        71,
        13,
        9,
        81,
        74,
        92,
        67
    ],
    "Nb of functions evaluations": 50010,
    "Computational time in seconds": 23.31752061843872,
    "Stopping criterion in evaluations": 50000
}