11° run output:
{
    "Function": "ClusterB100.tsp",
    "Problem dimension": [
        63,
        55,
        97,
        61,
        59,
        84,
        62,
        65,
        21,
        19,
        1,
        53,
        81,
        58,
        13,
        11,
        68,
        34,
        86,
        54,
        17,
        98,
        77,
        66,
        75,
        64,
        44,
        49,
        92,
        2,
        42,
        47,
        25,
        4,
        8,
        24,
        35,
        26,
        48,
        45,
        31,
        89,
        15,
        30,
        3,
        23,
        28,
        99,
        69,
        10,
        88,
        78,
        6,
        56,
        82,
        9,
        39,
        67,
        72,
        18,
        16,
        60,
        94,
        20,
        40,
        76,
        93,
        87,
        38,
        73,
        50,
        12,
        36,
        27,
        57,
        74,
        7,
        41,
        22,
        51,
        5,
        79,
        96,
        83,
        71,
        90,
        85,
        52,
        0,
        80,
        95,
        14,
        29,
        32,
        70,
        46,
        37,
        33,
        91,
        43
    ],
    "Global Optimum": 0,
    "Algorithm": "Genetic algorithm",
    "Parameters": {
        "population": 30,
        "offspring": 30,
        "mutation probability": 0.01,
        "crossover probability": 0.9
    },
    "Fitness": 83581,
    "Solution": [
        63,
        55,
        97,
        61,
        59,
        84,
        62,
        65,
        21,
        19,
        1,
        53,
        81,
        58,
        13,
        11,
        68,
        34,
        86,
        54,
        17,
        98,
        77,
        66,
        75,
        64,
        44,
        49,
        92,
        2,
        42,
        47,
        25,
        4,
        8,
        24,
        35,
        26,
        48,
        45,
        31,
        89,
        15,
        30,
        3,
        23,
        28,
        99,
        69,
        10,
        88,
        78,
        6,
        56,
        82,
        9,
        39,
        67,
        72,
        18,
        16,
        60,
        94,
        20,
        40,
        76,
        93,
        87,
        38,
        73,
        50,
        12,
        36,
        27,
        57,
        74,
        7,
        41,
        22,
        51,
        5,
        79,
        96,
        83,
        71,
        90,
        85,
        52,
        0,
        80,
        95,
        14,
        29,
        32,
        70,
        46,
        37,
        33,
        91,
        43
    ],
    "Nb of functions evaluations": 50010,
    "Computational time in seconds": 22.96764874458313,
    "Stopping criterion in evaluations": 50000
}