10° run output:
{
    "Function": "ClusterB100.tsp",
    "Problem dimension": [
        62,
        14,
        98,
        99,
        48,
        94,
        49,
        17,
        97,
        63,
        31,
        25,
        19,
        72,
        96,
        61,
        16,
        95,
        65,
        38,
        55,
        4,
        41,
        24,
        68,
        9,
        11,
        47,
        91,
        12,
        71,
        89,
        83,
        58,
        84,
        56,
        46,
        87,
        52,
        22,
        70,
        32,
        36,
        15,
        50,
        35,
        18,
        59,
        2,
        3,
        28,
        45,
        75,
        21,
        60,
        85,
        78,
        77,
        76,
        88,
        67,
        82,
        80,
        66,
        90,
        79,
        1,
        69,
        10,
        26,
        64,
        20,
        53,
        81,
        44,
        57,
        54,
        23,
        92,
        39,
        7,
        40,
        0,
        5,
        93,
        37,
        29,
        51,
        8,
        6,
        86,
        74,
        33,
        42,
        34,
        73,
        30,
        27,
        43,
        13
    ],
    "Global Optimum": 0,
    "Algorithm": "Genetic algorithm",
    "Parameters": {
        "population": 30,
        "offspring": 30,
        "mutation probability": 0.01,
        "crossover probability": 0.9
    },
    "Fitness": 80180,
    "Solution": [
        62,
        14,
        98,
        99,
        48,
        94,
        49,
        17,
        97,
        63,
        31,
        25,
        19,
        72,
        96,
        61,
        16,
        95,
        65,
        38,
        55,
        4,
        41,
        24,
        68,
        9,
        11,
        47,
        91,
        12,
        71,
        89,
        83,
        58,
        84,
        56,
        46,
        87,
        52,
        22,
        70,
        32,
        36,
        15,
        50,
        35,
        18,
        59,
        2,
        3,
        28,
        45,
        75,
        21,
        60,
        85,
        78,
        77,
        76,
        88,
        67,
        82,
        80,
        66,
        90,
        79,
        1,
        69,
        10,
        26,
        64,
        20,
        53,
        81,
        44,
        57,
        54,
        23,
        92,
        39,
        7,
        40,
        0,
        5,
        93,
        37,
        29,
        51,
        8,
        6,
        86,
        74,
        33,
        42,
        34,
        73,
        30,
        27,
        43,
        13
    ],
    "Nb of functions evaluations": 50010,
    "Computational time in seconds": 23.299760341644287,
    "Stopping criterion in evaluations": 50000
}