1° run output:
{
    "Function": "ClusterB100.tsp",
    "Problem dimension": [
        22,
        0,
        40,
        33,
        88,
        85,
        16,
        6,
        8,
        65,
        80,
        42,
        27,
        71,
        12,
        36,
        74,
        86,
        58,
        37,
        66,
        73,
        15,
        43,
        25,
        90,
        56,
        24,
        32,
        70,
        2,
        98,
        4,
        41,
        62,
        18,
        60,
        9,
        99,
        81,
        92,
        20,
        54,
        95,
        7,
        14,
        77,
        87,
        46,
        17,
        97,
        30,
        89,
        11,
        96,
        59,
        26,
        47,
        55,
        53,
        79,
        35,
        68,
        72,
        19,
        39,
        69,
        49,
        52,
        76,
        5,
        29,
        34,
        1,
        67,
        3,
        63,
        38,
        51,
        21,
        75,
        93,
        83,
        91,
        50,
        31,
        61,
        13,
        84,
        78,
        44,
        23,
        94,
        57,
        64,
        28,
        45,
        10,
        48,
        82
    ],
    "Global Optimum": 0,
    "Algorithm": "Genetic algorithm",
    "Parameters": {
        "population": 30,
        "offspring": 30,
        "mutation probability": 0.01,
        "crossover probability": 0.9
    },
    "Fitness": 83857,
    "Solution": [
        22,
        0,
        40,
        33,
        88,
        85,
        16,
        6,
        8,
        65,
        80,
        42,
        27,
        71,
        12,
        36,
        74,
        86,
        58,
        37,
        66,
        73,
        15,
        43,
        25,
        90,
        56,
        24,
        32,
        70,
        2,
        98,
        4,
        41,
        62,
        18,
        60,
        9,
        99,
        81,
        92,
        20,
        54,
        95,
        7,
        14,
        77,
        87,
        46,
        17,
        97,
        30,
        89,
        11,
        96,
        59,
        26,
        47,
        55,
        53,
        79,
        35,
        68,
        72,
        19,
        39,
        69,
        49,
        52,
        76,
        5,
        29,
        34,
        1,
        67,
        3,
        63,
        38,
        51,
        21,
        75,
        93,
        83,
        91,
        50,
        31,
        61,
        13,
        84,
        78,
        44,
        23,
        94,
        57,
        64,
        28,
        45,
        10,
        48,
        82
    ],
    "Nb of functions evaluations": 50010,
    "Computational time in seconds": 23.415324687957764,
    "Stopping criterion in evaluations": 50000
}