20° run output:
{
    "Function": "ClusterB100.tsp",
    "Problem dimension": [
        45,
        54,
        67,
        60,
        13,
        94,
        68,
        26,
        53,
        20,
        81,
        74,
        36,
        15,
        91,
        73,
        35,
        90,
        56,
        16,
        51,
        93,
        21,
        43,
        83,
        63,
        71,
        89,
        25,
        61,
        3,
        31,
        5,
        76,
        65,
        70,
        88,
        19,
        9,
        10,
        17,
        97,
        49,
        69,
        86,
        84,
        8,
        46,
        50,
        30,
        27,
        1,
        64,
        92,
        99,
        38,
        4,
        75,
        7,
        52,
        82,
        24,
        95,
        77,
        66,
        40,
        62,
        37,
        0,
        32,
        42,
        59,
        96,
        11,
        72,
        79,
        18,
        6,
        80,
        34,
        23,
        28,
        57,
        2,
        44,
        39,
        48,
        47,
        12,
        58,
        55,
        98,
        78,
        33,
        29,
        87,
        41,
        14,
        22,
        85
    ],
    "Global Optimum": 0,
    "Algorithm": "Genetic algorithm",
    "Parameters": {
        "population": 30,
        "offspring": 30,
        "mutation probability": 0.01,
        "crossover probability": 0.9
    },
    "Fitness": 74694,
    "Solution": [
        45,
        54,
        67,
        60,
        13,
        94,
        68,
        26,
        53,
        20,
        81,
        74,
        36,
        15,
        91,
        73,
        35,
        90,
        56,
        16,
        51,
        93,
        21,
        43,
        83,
        63,
        71,
        89,
        25,
        61,
        3,
        31,
        5,
        76,
        65,
        70,
        88,
        19,
        9,
        10,
        17,
        97,
        49,
        69,
        86,
        84,
        8,
        46,
        50,
        30,
        27,
        1,
        64,
        92,
        99,
        38,
        4,
        75,
        7,
        52,
        82,
        24,
        95,
        77,
        66,
        40,
        62,
        37,
        0,
        32,
        42,
        59,
        96,
        11,
        72,
        79,
        18,
        6,
        80,
        34,
        23,
        28,
        57,
        2,
        44,
        39,
        48,
        47,
        12,
        58,
        55,
        98,
        78,
        33,
        29,
        87,
        41,
        14,
        22,
        85
    ],
    "Nb of functions evaluations": 50010,
    "Computational time in seconds": 23.37108087539673,
    "Stopping criterion in evaluations": 50000
}