18° run output:
{
    "Function": "kroA150.tsp",
    "Problem dimension": [
        136,
        93,
        141,
        133,
        35,
        110,
        98,
        33,
        11,
        114,
        12,
        75,
        145,
        111,
        81,
        94,
        113,
        18,
        129,
        125,
        77,
        51,
        2,
        68,
        91,
        28,
        47,
        4,
        6,
        148,
        86,
        54,
        127,
        42,
        122,
        40,
        135,
        32,
        5,
        78,
        62,
        9,
        58,
        14,
        79,
        101,
        15,
        21,
        65,
        137,
        72,
        45,
        34,
        31,
        97,
        61,
        26,
        82,
        107,
        43,
        44,
        10,
        140,
        134,
        116,
        139,
        50,
        22,
        96,
        92,
        27,
        88,
        132,
        63,
        120,
        36,
        19,
        109,
        20,
        71,
        126,
        147,
        49,
        95,
        1,
        115,
        105,
        108,
        3,
        123,
        57,
        76,
        69,
        56,
        85,
        59,
        149,
        70,
        106,
        102,
        29,
        80,
        38,
        13,
        60,
        24,
        144,
        84,
        146,
        130,
        64,
        25,
        117,
        52,
        103,
        89,
        118,
        142,
        41,
        131,
        8,
        100,
        99,
        67,
        119,
        7,
        138,
        55,
        128,
        30,
        37,
        87,
        66,
        74,
        17,
        121,
        46,
        73,
        23,
        48,
        53,
        143,
        39,
        104,
        112,
        0,
        124,
        90,
        16,
        83
    ],
    "Global Optimum": 0,
    "Algorithm": "Genetic algorithm",
    "Parameters": {
        "population": 30,
        "offspring": 30,
        "mutation probability": 0.006666666666666667,
        "crossover probability": 0.9
    },
    "Fitness": 141629,
    "Solution": [
        136,
        93,
        141,
        133,
        35,
        110,
        98,
        33,
        11,
        114,
        12,
        75,
        145,
        111,
        81,
        94,
        113,
        18,
        129,
        125,
        77,
        51,
        2,
        68,
        91,
        28,
        47,
        4,
        6,
        148,
        86,
        54,
        127,
        42,
        122,
        40,
        135,
        32,
        5,
        78,
        62,
        9,
        58,
        14,
        79,
        101,
        15,
        21,
        65,
        137,
        72,
        45,
        34,
        31,
        97,
        61,
        26,
        82,
        107,
        43,
        44,
        10,
        140,
        134,
        116,
        139,
        50,
        22,
        96,
        92,
        27,
        88,
        132,
        63,
        120,
        36,
        19,
        109,
        20,
        71,
        126,
        147,
        49,
        95,
        1,
        115,
        105,
        108,
        3,
        123,
        57,
        76,
        69,
        56,
        85,
        59,
        149,
        70,
        106,
        102,
        29,
        80,
        38,
        13,
        60,
        24,
        144,
        84,
        146,
        130,
        64,
        25,
        117,
        52,
        103,
        89,
        118,
        142,
        41,
        131,
        8,
        100,
        99,
        67,
        119,
        7,
        138,
        55,
        128,
        30,
        37,
        87,
        66,
        74,
        17,
        121,
        46,
        73,
        23,
        48,
        53,
        143,
        39,
        104,
        112,
        0,
        124,
        90,
        16,
        83
    ],
    "Nb of functions evaluations": 50010,
    "Computational time in seconds": 42.97462773323059,
    "Stopping criterion in evaluations": 50000
}