27° run output:
{
    "Function": "kroA150.tsp",
    "Problem dimension": [
        37,
        97,
        48,
        7,
        117,
        87,
        129,
        67,
        132,
        27,
        63,
        68,
        145,
        85,
        61,
        14,
        76,
        24,
        75,
        94,
        53,
        66,
        124,
        81,
        131,
        59,
        34,
        19,
        98,
        140,
        43,
        49,
        1,
        106,
        38,
        32,
        12,
        55,
        41,
        147,
        9,
        123,
        64,
        30,
        0,
        130,
        92,
        113,
        136,
        93,
        69,
        3,
        25,
        126,
        103,
        101,
        73,
        83,
        96,
        143,
        115,
        31,
        58,
        110,
        57,
        138,
        118,
        142,
        121,
        54,
        91,
        88,
        56,
        35,
        20,
        26,
        135,
        116,
        89,
        5,
        51,
        107,
        133,
        82,
        42,
        77,
        102,
        120,
        79,
        137,
        33,
        108,
        46,
        39,
        141,
        18,
        15,
        128,
        52,
        10,
        112,
        62,
        74,
        70,
        11,
        90,
        22,
        16,
        71,
        8,
        2,
        148,
        139,
        149,
        109,
        23,
        17,
        65,
        78,
        105,
        45,
        134,
        40,
        127,
        114,
        13,
        95,
        125,
        144,
        86,
        6,
        72,
        84,
        100,
        122,
        119,
        4,
        36,
        146,
        99,
        111,
        28,
        50,
        104,
        60,
        80,
        29,
        47,
        44,
        21
    ],
    "Global Optimum": 0,
    "Algorithm": "Genetic algorithm",
    "Parameters": {
        "population": 30,
        "offspring": 30,
        "mutation probability": 0.006666666666666667,
        "crossover probability": 0.9
    },
    "Fitness": 148763,
    "Solution": [
        37,
        97,
        48,
        7,
        117,
        87,
        129,
        67,
        132,
        27,
        63,
        68,
        145,
        85,
        61,
        14,
        76,
        24,
        75,
        94,
        53,
        66,
        124,
        81,
        131,
        59,
        34,
        19,
        98,
        140,
        43,
        49,
        1,
        106,
        38,
        32,
        12,
        55,
        41,
        147,
        9,
        123,
        64,
        30,
        0,
        130,
        92,
        113,
        136,
        93,
        69,
        3,
        25,
        126,
        103,
        101,
        73,
        83,
        96,
        143,
        115,
        31,
        58,
        110,
        57,
        138,
        118,
        142,
        121,
        54,
        91,
        88,
        56,
        35,
        20,
        26,
        135,
        116,
        89,
        5,
        51,
        107,
        133,
        82,
        42,
        77,
        102,
        120,
        79,
        137,
        33,
        108,
        46,
        39,
        141,
        18,
        15,
        128,
        52,
        10,
        112,
        62,
        74,
        70,
        11,
        90,
        22,
        16,
        71,
        8,
        2,
        148,
        139,
        149,
        109,
        23,
        17,
        65,
        78,
        105,
        45,
        134,
        40,
        127,
        114,
        13,
        95,
        125,
        144,
        86,
        6,
        72,
        84,
        100,
        122,
        119,
        4,
        36,
        146,
        99,
        111,
        28,
        50,
        104,
        60,
        80,
        29,
        47,
        44,
        21
    ],
    "Nb of functions evaluations": 50010,
    "Computational time in seconds": 42.868303537368774,
    "Stopping criterion in evaluations": 50000
}