1° run output:
{
    "Function": "kroB1000.tsp",
    "Problem dimension": [
        773,
        567,
        908,
        531,
        205,
        607,
        503,
        191,
        153,
        633,
        483,
        564,
        716,
        165,
        472,
        323,
        98,
        402,
        203,
        385,
        917,
        391,
        324,
        740,
        854,
        109,
        90,
        574,
        715,
        107,
        596,
        937,
        534,
        589,
        525,
        455,
        368,
        121,
        44,
        762,
        488,
        468,
        951,
        208,
        923,
        297,
        291,
        386,
        603,
        236,
        573,
        523,
        842,
        850,
        986,
        417,
        231,
        188,
        830,
        690,
        137,
        911,
        770,
        18,
        746,
        253,
        530,
        352,
        780,
        814,
        271,
        645,
        608,
        93,
        247,
        252,
        67,
        303,
        302,
        104,
        234,
        583,
        142,
        282,
        11,
        198,
        871,
        575,
        764,
        594,
        419,
        922,
        621,
        61,
        502,
        853,
        924,
        225,
        686,
        747,
        845,
        172,
        306,
        682,
        769,
        15,
        36,
        457,
        214,
        482,
        325,
        802,
        320,
        566,
        960,
        87,
        579,
        28,
        305,
        965,
        416,
        34,
        270,
        309,
        775,
        848,
        615,
        88,
        413,
        120,
        390,
        866,
        857,
        888,
        912,
        213,
        897,
        851,
        678,
        393,
        915,
        424,
        318,
        992,
        343,
        657,
        244,
        546,
        692,
        435,
        800,
        12,
        154,
        74,
        742,
        733,
        332,
        663,
        462,
        330,
        527,
        333,
        688,
        821,
        939,
        209,
        859,
        246,
        683,
        240,
        504,
        55,
        509,
        139,
        10,
        387,
        705,
        99,
        569,
        510,
        833,
        722,
        664,
        97,
        913,
        196,
        533,
        930,
        997,
        339,
        439,
        920,
        956,
        968,
        568,
        81,
        565,
        805,
        772,
        6,
        894,
        507,
        356,
        795,
        612,
        317,
        925,
        450,
        950,
        399,
        340,
        269,
        977,
        849,
        652,
        130,
        207,
        487,
        625,
        786,
        375,
        537,
        186,
        211,
        354,
        793,
        670,
        162,
        948,
        902,
        999,
        498,
        907,
        749,
        721,
        437,
        550,
        138,
        581,
        117,
        193,
        878,
        433,
        974,
        580,
        753,
        743,
        554,
        327,
        768,
        934,
        731,
        102,
        980,
        159,
        605,
        100,
        901,
        840,
        796,
        825,
        479,
        398,
        484,
        1,
        809,
        539,
        481,
        624,
        337,
        945,
        751,
        737,
        641,
        242,
        341,
        862,
        135,
        561,
        152,
        549,
        428,
        32,
        288,
        647,
        150,
        382,
        910,
        660,
        921,
        632,
        171,
        273,
        613,
        405,
        900,
        238,
        490,
        336,
        815,
        543,
        168,
        648,
        516,
        329,
        485,
        556,
        197,
        378,
        60,
        434,
        513,
        826,
        602,
        112,
        127,
        24,
        134,
        727,
        251,
        274,
        707,
        732,
        155,
        33,
        521,
        558,
        164,
        874,
        718,
        369,
        59,
        726,
        508,
        790,
        277,
        823,
        639,
        126,
        880,
        687,
        8,
        822,
        50,
        212,
        963,
        404,
        63,
        938,
        668,
        953,
        560,
        35,
        62,
        158,
        261,
        864,
        541,
        691,
        411,
        895,
        861,
        860,
        872,
        477,
        520,
        767,
        995,
        642,
        192,
        371,
        9,
        146,
        758,
        396,
        441,
        161,
        53,
        598,
        499,
        654,
        593,
        909,
        494,
        279,
        254,
        175,
        557,
        342,
        224,
        804,
        84,
        610,
        239,
        106,
        96,
        659,
        631,
        442,
        827,
        189,
        83,
        289,
        918,
        719,
        200,
        299,
        838,
        803,
        438,
        157,
        151,
        785,
        348,
        944,
        78,
        941,
        813,
        389,
        204,
        599,
        313,
        259,
        315,
        111,
        819,
        228,
        230,
        990,
        256,
        835,
        29,
        180,
        893,
        27,
        982,
        463,
        617,
        319,
        40,
        286,
        601,
        141,
        891,
        592,
        952,
        456,
        582,
        460,
        728,
        243,
        517,
        801,
        185,
        882,
        262,
        730,
        250,
        572,
        771,
        984,
        697,
        345,
        233,
        265,
        957,
        693,
        976,
        791,
        37,
        620,
        26,
        184,
        709,
        673,
        295,
        377,
        712,
        440,
        431,
        756,
        588,
        636,
        430,
        577,
        195,
        896,
        287,
        847,
        364,
        199,
        946,
        526,
        890,
        810,
        131,
        788,
        626,
        176,
        841,
        685,
        674,
        738,
        58,
        415,
        662,
        46,
        31,
        283,
        720,
        486,
        476,
        72,
        970,
        77,
        931,
        778,
        646,
        540,
        69,
        407,
        48,
        229,
        765,
        750,
        124,
        661,
        182,
        836,
        818,
        739,
        989,
        969,
        4,
        227,
        627,
        877,
        644,
        420,
        194,
        312,
        66,
        981,
        160,
        904,
        962,
        480,
        170,
        321,
        300,
        406,
        362,
        360,
        82,
        729,
        355,
        967,
        181,
        634,
        698,
        614,
        443,
        412,
        451,
        14,
        545,
        237,
        39,
        713,
        467,
        143,
        829,
        869,
        676,
        584,
        326,
        222,
        811,
        745,
        905,
        353,
        784,
        701,
        497,
        133,
        906,
        23,
        744,
        666,
        635,
        108,
        384,
        604,
        563,
        774,
        206,
        125,
        245,
        338,
        873,
        464,
        696,
        284,
        268,
        92,
        376,
        56,
        21,
        548,
        276,
        843,
        638,
        49,
        959,
        359,
        217,
        149,
        914,
        110,
        190,
        505,
        41,
        677,
        991,
        447,
        511,
        448,
        260,
        16,
        471,
        432,
        887,
        458,
        831,
        519,
        491,
        940,
        5,
        267,
        296,
        145,
        449,
        65,
        518,
        495,
        710,
        702,
        797,
        103,
        935,
        812,
        973,
        971,
        25,
        832,
        314,
        759,
        425,
        85,
        649,
        578,
        298,
        616,
        983,
        640,
        820,
        667,
        453,
        870,
        711,
        629,
        115,
        611,
        492,
        401,
        334,
        116,
        856,
        357,
        844,
        20,
        119,
        669,
        993,
        0,
        281,
        514,
        47,
        587,
        322,
        776,
        148,
        618,
        903,
        651,
        552,
        619,
        736,
        855,
        91,
        779,
        675,
        101,
        942,
        409,
        650,
        475,
        144,
        118,
        422,
        846,
        183,
        263,
        752,
        837,
        787,
        824,
        839,
        724,
        374,
        290,
        147,
        972,
        3,
        681,
        397,
        210,
        515,
        933,
        536,
        226,
        761,
        544,
        76,
        80,
        898,
        68,
        501,
        221,
        132,
        169,
        542,
        478,
        955,
        978,
        694,
        156,
        395,
        95,
        379,
        699,
        436,
        643,
        350,
        219,
        808,
        86,
        828,
        665,
        754,
        241,
        7,
        606,
        735,
        304,
        45,
        755,
        427,
        113,
        257,
        586,
        881,
        876,
        637,
        380,
        264,
        794,
        2,
        423,
        766,
        559,
        489,
        129,
        994,
        916,
        105,
        889,
        361,
        884,
        266,
        403,
        418,
        807,
        383,
        704,
        473,
        985,
        445,
        187,
        966,
        885,
        177,
        223,
        280,
        301,
        892,
        179,
        996,
        89,
        17,
        714,
        570,
        248,
        653,
        167,
        932,
        789,
        689,
        349,
        469,
        792,
        551,
        590,
        555,
        512,
        879,
        13,
        628,
        886,
        392,
        42,
        919,
        215,
        734,
        998,
        367,
        421,
        400,
        373,
        30,
        748,
        410,
        717,
        695,
        461,
        597,
        255,
        798,
        926,
        954,
        235,
        346,
        38,
        725,
        94,
        571,
        671,
        863,
        656,
        285,
        163,
        365,
        166,
        875,
        136,
        817,
        867,
        964,
        868,
        114,
        328,
        529,
        623,
        947,
        684,
        783,
        522,
        316,
        723,
        532,
        658,
        201,
        852,
        975,
        562,
        140,
        43,
        496,
        128,
        344,
        51,
        470,
        272,
        22,
        426,
        73,
        547,
        961,
        123,
        609,
        630,
        70,
        218,
        71,
        777,
        366,
        703,
        466,
        388,
        307,
        220,
        929,
        465,
        553,
        258,
        19,
        500,
        899,
        493,
        979,
        232,
        178,
        310,
        454,
        173,
        708,
        414,
        865,
        311,
        816,
        799,
        52,
        358,
        538,
        459,
        706,
        883,
        595,
        293,
        782,
        576,
        506,
        834,
        216,
        363,
        452,
        858,
        202,
        370,
        351,
        429,
        655,
        278,
        347,
        741,
        524,
        928,
        381,
        943,
        680,
        987,
        64,
        806,
        372,
        757,
        249,
        760,
        174,
        122,
        79,
        936,
        54,
        294,
        444,
        958,
        528,
        988,
        585,
        474,
        75,
        275,
        292,
        57,
        622,
        927,
        763,
        591,
        672,
        535,
        308,
        394,
        600,
        408,
        781,
        446,
        949,
        679,
        331,
        700,
        335
    ],
    "Global Optimum": 0,
    "Algorithm": "Genetic algorithm",
    "Parameters": {
        "population": 30,
        "offspring": 30,
        "mutation probability": 0.001,
        "crossover probability": 0.9
    },
    "Fitness": 1269138,
    "Solution": [
        773,
        567,
        908,
        531,
        205,
        607,
        503,
        191,
        153,
        633,
        483,
        564,
        716,
        165,
        472,
        323,
        98,
        402,
        203,
        385,
        917,
        391,
        324,
        740,
        854,
        109,
        90,
        574,
        715,
        107,
        596,
        937,
        534,
        589,
        525,
        455,
        368,
        121,
        44,
        762,
        488,
        468,
        951,
        208,
        923,
        297,
        291,
        386,
        603,
        236,
        573,
        523,
        842,
        850,
        986,
        417,
        231,
        188,
        830,
        690,
        137,
        911,
        770,
        18,
        746,
        253,
        530,
        352,
        780,
        814,
        271,
        645,
        608,
        93,
        247,
        252,
        67,
        303,
        302,
        104,
        234,
        583,
        142,
        282,
        11,
        198,
        871,
        575,
        764,
        594,
        419,
        922,
        621,
        61,
        502,
        853,
        924,
        225,
        686,
        747,
        845,
        172,
        306,
        682,
        769,
        15,
        36,
        457,
        214,
        482,
        325,
        802,
        320,
        566,
        960,
        87,
        579,
        28,
        305,
        965,
        416,
        34,
        270,
        309,
        775,
        848,
        615,
        88,
        413,
        120,
        390,
        866,
        857,
        888,
        912,
        213,
        897,
        851,
        678,
        393,
        915,
        424,
        318,
        992,
        343,
        657,
        244,
        546,
        692,
        435,
        800,
        12,
        154,
        74,
        742,
        733,
        332,
        663,
        462,
        330,
        527,
        333,
        688,
        821,
        939,
        209,
        859,
        246,
        683,
        240,
        504,
        55,
        509,
        139,
        10,
        387,
        705,
        99,
        569,
        510,
        833,
        722,
        664,
        97,
        913,
        196,
        533,
        930,
        997,
        339,
        439,
        920,
        956,
        968,
        568,
        81,
        565,
        805,
        772,
        6,
        894,
        507,
        356,
        795,
        612,
        317,
        925,
        450,
        950,
        399,
        340,
        269,
        977,
        849,
        652,
        130,
        207,
        487,
        625,
        786,
        375,
        537,
        186,
        211,
        354,
        793,
        670,
        162,
        948,
        902,
        999,
        498,
        907,
        749,
        721,
        437,
        550,
        138,
        581,
        117,
        193,
        878,
        433,
        974,
        580,
        753,
        743,
        554,
        327,
        768,
        934,
        731,
        102,
        980,
        159,
        605,
        100,
        901,
        840,
        796,
        825,
        479,
        398,
        484,
        1,
        809,
        539,
        481,
        624,
        337,
        945,
        751,
        737,
        641,
        242,
        341,
        862,
        135,
        561,
        152,
        549,
        428,
        32,
        288,
        647,
        150,
        382,
        910,
        660,
        921,
        632,
        171,
        273,
        613,
        405,
        900,
        238,
        490,
        336,
        815,
        543,
        168,
        648,
        516,
        329,
        485,
        556,
        197,
        378,
        60,
        434,
        513,
        826,
        602,
        112,
        127,
        24,
        134,
        727,
        251,
        274,
        707,
        732,
        155,
        33,
        521,
        558,
        164,
        874,
        718,
        369,
        59,
        726,
        508,
        790,
        277,
        823,
        639,
        126,
        880,
        687,
        8,
        822,
        50,
        212,
        963,
        404,
        63,
        938,
        668,
        953,
        560,
        35,
        62,
        158,
        261,
        864,
        541,
        691,
        411,
        895,
        861,
        860,
        872,
        477,
        520,
        767,
        995,
        642,
        192,
        371,
        9,
        146,
        758,
        396,
        441,
        161,
        53,
        598,
        499,
        654,
        593,
        909,
        494,
        279,
        254,
        175,
        557,
        342,
        224,
        804,
        84,
        610,
        239,
        106,
        96,
        659,
        631,
        442,
        827,
        189,
        83,
        289,
        918,
        719,
        200,
        299,
        838,
        803,
        438,
        157,
        151,
        785,
        348,
        944,
        78,
        941,
        813,
        389,
        204,
        599,
        313,
        259,
        315,
        111,
        819,
        228,
        230,
        990,
        256,
        835,
        29,
        180,
        893,
        27,
        982,
        463,
        617,
        319,
        40,
        286,
        601,
        141,
        891,
        592,
        952,
        456,
        582,
        460,
        728,
        243,
        517,
        801,
        185,
        882,
        262,
        730,
        250,
        572,
        771,
        984,
        697,
        345,
        233,
        265,
        957,
        693,
        976,
        791,
        37,
        620,
        26,
        184,
        709,
        673,
        295,
        377,
        712,
        440,
        431,
        756,
        588,
        636,
        430,
        577,
        195,
        896,
        287,
        847,
        364,
        199,
        946,
        526,
        890,
        810,
        131,
        788,
        626,
        176,
        841,
        685,
        674,
        738,
        58,
        415,
        662,
        46,
        31,
        283,
        720,
        486,
        476,
        72,
        970,
        77,
        931,
        778,
        646,
        540,
        69,
        407,
        48,
        229,
        765,
        750,
        124,
        661,
        182,
        836,
        818,
        739,
        989,
        969,
        4,
        227,
        627,
        877,
        644,
        420,
        194,
        312,
        66,
        981,
        160,
        904,
        962,
        480,
        170,
        321,
        300,
        406,
        362,
        360,
        82,
        729,
        355,
        967,
        181,
        634,
        698,
        614,
        443,
        412,
        451,
        14,
        545,
        237,
        39,
        713,
        467,
        143,
        829,
        869,
        676,
        584,
        326,
        222,
        811,
        745,
        905,
        353,
        784,
        701,
        497,
        133,
        906,
        23,
        744,
        666,
        635,
        108,
        384,
        604,
        563,
        774,
        206,
        125,
        245,
        338,
        873,
        464,
        696,
        284,
        268,
        92,
        376,
        56,
        21,
        548,
        276,
        843,
        638,
        49,
        959,
        359,
        217,
        149,
        914,
        110,
        190,
        505,
        41,
        677,
        991,
        447,
        511,
        448,
        260,
        16,
        471,
        432,
        887,
        458,
        831,
        519,
        491,
        940,
        5,
        267,
        296,
        145,
        449,
        65,
        518,
        495,
        710,
        702,
        797,
        103,
        935,
        812,
        973,
        971,
        25,
        832,
        314,
        759,
        425,
        85,
        649,
        578,
        298,
        616,
        983,
        640,
        820,
        667,
        453,
        870,
        711,
        629,
        115,
        611,
        492,
        401,
        334,
        116,
        856,
        357,
        844,
        20,
        119,
        669,
        993,
        0,
        281,
        514,
        47,
        587,
        322,
        776,
        148,
        618,
        903,
        651,
        552,
        619,
        736,
        855,
        91,
        779,
        675,
        101,
        942,
        409,
        650,
        475,
        144,
        118,
        422,
        846,
        183,
        263,
        752,
        837,
        787,
        824,
        839,
        724,
        374,
        290,
        147,
        972,
        3,
        681,
        397,
        210,
        515,
        933,
        536,
        226,
        761,
        544,
        76,
        80,
        898,
        68,
        501,
        221,
        132,
        169,
        542,
        478,
        955,
        978,
        694,
        156,
        395,
        95,
        379,
        699,
        436,
        643,
        350,
        219,
        808,
        86,
        828,
        665,
        754,
        241,
        7,
        606,
        735,
        304,
        45,
        755,
        427,
        113,
        257,
        586,
        881,
        876,
        637,
        380,
        264,
        794,
        2,
        423,
        766,
        559,
        489,
        129,
        994,
        916,
        105,
        889,
        361,
        884,
        266,
        403,
        418,
        807,
        383,
        704,
        473,
        985,
        445,
        187,
        966,
        885,
        177,
        223,
        280,
        301,
        892,
        179,
        996,
        89,
        17,
        714,
        570,
        248,
        653,
        167,
        932,
        789,
        689,
        349,
        469,
        792,
        551,
        590,
        555,
        512,
        879,
        13,
        628,
        886,
        392,
        42,
        919,
        215,
        734,
        998,
        367,
        421,
        400,
        373,
        30,
        748,
        410,
        717,
        695,
        461,
        597,
        255,
        798,
        926,
        954,
        235,
        346,
        38,
        725,
        94,
        571,
        671,
        863,
        656,
        285,
        163,
        365,
        166,
        875,
        136,
        817,
        867,
        964,
        868,
        114,
        328,
        529,
        623,
        947,
        684,
        783,
        522,
        316,
        723,
        532,
        658,
        201,
        852,
        975,
        562,
        140,
        43,
        496,
        128,
        344,
        51,
        470,
        272,
        22,
        426,
        73,
        547,
        961,
        123,
        609,
        630,
        70,
        218,
        71,
        777,
        366,
        703,
        466,
        388,
        307,
        220,
        929,
        465,
        553,
        258,
        19,
        500,
        899,
        493,
        979,
        232,
        178,
        310,
        454,
        173,
        708,
        414,
        865,
        311,
        816,
        799,
        52,
        358,
        538,
        459,
        706,
        883,
        595,
        293,
        782,
        576,
        506,
        834,
        216,
        363,
        452,
        858,
        202,
        370,
        351,
        429,
        655,
        278,
        347,
        741,
        524,
        928,
        381,
        943,
        680,
        987,
        64,
        806,
        372,
        757,
        249,
        760,
        174,
        122,
        79,
        936,
        54,
        294,
        444,
        958,
        528,
        988,
        585,
        474,
        75,
        275,
        292,
        57,
        622,
        927,
        763,
        591,
        672,
        535,
        308,
        394,
        600,
        408,
        781,
        446,
        949,
        679,
        331,
        700,
        335
    ],
    "Nb of functions evaluations": 200010,
    "Computational time in seconds": 3309.763627052307,
    "Stopping criterion in evaluations": 200000
}