10° run output:
{
    "Function": "kroB1000.tsp",
    "Problem dimension": [
        832,
        246,
        563,
        857,
        743,
        174,
        797,
        698,
        752,
        962,
        108,
        580,
        614,
        943,
        316,
        149,
        342,
        436,
        253,
        121,
        524,
        344,
        57,
        126,
        455,
        53,
        984,
        43,
        91,
        59,
        805,
        387,
        959,
        267,
        662,
        228,
        425,
        501,
        590,
        365,
        1,
        968,
        400,
        939,
        537,
        628,
        214,
        352,
        427,
        620,
        735,
        7,
        786,
        840,
        990,
        458,
        665,
        965,
        122,
        229,
        36,
        157,
        66,
        910,
        112,
        844,
        437,
        14,
        12,
        977,
        933,
        682,
        529,
        450,
        952,
        891,
        670,
        636,
        510,
        544,
        94,
        556,
        187,
        52,
        476,
        460,
        47,
        908,
        418,
        75,
        545,
        386,
        705,
        802,
        719,
        55,
        473,
        439,
        454,
        525,
        996,
        572,
        595,
        686,
        809,
        194,
        393,
        69,
        89,
        812,
        483,
        395,
        895,
        79,
        457,
        203,
        884,
        605,
        579,
        446,
        20,
        172,
        196,
        273,
        630,
        833,
        979,
        651,
        305,
        655,
        936,
        88,
        539,
        758,
        422,
        847,
        734,
        226,
        616,
        297,
        993,
        553,
        764,
        948,
        399,
        568,
        549,
        250,
        51,
        958,
        587,
        449,
        331,
        120,
        186,
        675,
        489,
        940,
        867,
        58,
        336,
        649,
        207,
        238,
        573,
        452,
        853,
        423,
        102,
        380,
        674,
        723,
        156,
        144,
        162,
        561,
        137,
        773,
        558,
        871,
        970,
        265,
        212,
        601,
        220,
        632,
        854,
        759,
        463,
        375,
        666,
        370,
        850,
        188,
        491,
        475,
        497,
        23,
        101,
        471,
        222,
        81,
        143,
        392,
        813,
        139,
        428,
        831,
        90,
        45,
        181,
        507,
        314,
        829,
        6,
        745,
        401,
        709,
        129,
        243,
        950,
        444,
        440,
        530,
        485,
        712,
        38,
        389,
        353,
        683,
        269,
        885,
        642,
        567,
        985,
        700,
        413,
        376,
        911,
        713,
        815,
        989,
        987,
        918,
        855,
        303,
        599,
        905,
        897,
        414,
        652,
        84,
        319,
        728,
        816,
        34,
        190,
        118,
        240,
        165,
        362,
        554,
        848,
        146,
        178,
        27,
        168,
        307,
        35,
        635,
        40,
        379,
        623,
        373,
        588,
        500,
        983,
        527,
        396,
        367,
        148,
        145,
        233,
        99,
        299,
        451,
        612,
        892,
        920,
        249,
        467,
        732,
        664,
        967,
        141,
        506,
        197,
        690,
        71,
        532,
        689,
        693,
        424,
        56,
        617,
        872,
        15,
        669,
        397,
        368,
        92,
        72,
        974,
        254,
        526,
        356,
        185,
        778,
        318,
        523,
        119,
        716,
        200,
        602,
        576,
        234,
        3,
        49,
        621,
        638,
        533,
        900,
        730,
        679,
        215,
        839,
        306,
        546,
        416,
        322,
        74,
        98,
        290,
        410,
        866,
        737,
        86,
        547,
        882,
        955,
        142,
        862,
        377,
        781,
        846,
        624,
        189,
        889,
        147,
        152,
        274,
        680,
        668,
        374,
        155,
        681,
        490,
        461,
        703,
        294,
        298,
        46,
        83,
        133,
        518,
        656,
        37,
        770,
        247,
        210,
        10,
        960,
        343,
        727,
        202,
        768,
        677,
        164,
        741,
        886,
        646,
        543,
        550,
        167,
        742,
        339,
        981,
        519,
        472,
        170,
        822,
        888,
        536,
        650,
        445,
        293,
        355,
        557,
        462,
        29,
        535,
        93,
        639,
        364,
        25,
        774,
        916,
        928,
        934,
        502,
        673,
        783,
        317,
        107,
        193,
        986,
        488,
        16,
        899,
        552,
        942,
        622,
        540,
        338,
        130,
        68,
        725,
        403,
        870,
        843,
        729,
        517,
        323,
        67,
        542,
        917,
        794,
        252,
        288,
        963,
        807,
        466,
        411,
        992,
        42,
        720,
        335,
        842,
        714,
        434,
        211,
        780,
        691,
        919,
        308,
        216,
        800,
        902,
        371,
        258,
        219,
        208,
        278,
        241,
        262,
        894,
        874,
        183,
        433,
        953,
        856,
        97,
        772,
        54,
        633,
        80,
        852,
        715,
        481,
        559,
        598,
        105,
        357,
        227,
        359,
        96,
        658,
        435,
        776,
        647,
        707,
        82,
        688,
        769,
        412,
        514,
        48,
        748,
        330,
        32,
        127,
        60,
        230,
        609,
        626,
        593,
        470,
        597,
        350,
        528,
        793,
        640,
        830,
        209,
        608,
        286,
        796,
        223,
        922,
        28,
        464,
        26,
        248,
        477,
        788,
        257,
        154,
        104,
        358,
        503,
        755,
        383,
        295,
        823,
        251,
        474,
        596,
        217,
        777,
        24,
        175,
        487,
        999,
        569,
        153,
        520,
        140,
        814,
        676,
        531,
        22,
        204,
        792,
        398,
        925,
        744,
        263,
        924,
        430,
        966,
        827,
        906,
        205,
        61,
        945,
        385,
        607,
        978,
        360,
        136,
        976,
        325,
        448,
        235,
        771,
        160,
        969,
        103,
        494,
        766,
        880,
        114,
        875,
        575,
        18,
        312,
        663,
        784,
        199,
        493,
        864,
        21,
        271,
        87,
        150,
        903,
        326,
        893,
        644,
        135,
        592,
        739,
        879,
        279,
        634,
        887,
        320,
        348,
        555,
        583,
        909,
        255,
        541,
        806,
        701,
        177,
        921,
        77,
        896,
        949,
        907,
        225,
        513,
        645,
        838,
        761,
        191,
        125,
        935,
        8,
        938,
        724,
        404,
        785,
        70,
        381,
        516,
        277,
        836,
        239,
        407,
        589,
        432,
        736,
        779,
        803,
        914,
        615,
        361,
        302,
        390,
        710,
        333,
        881,
        110,
        585,
        419,
        696,
        869,
        334,
        328,
        39,
        116,
        221,
        731,
        206,
        699,
        971,
        661,
        931,
        717,
        998,
        195,
        643,
        923,
        687,
        117,
        946,
        534,
        13,
        695,
        378,
        760,
        459,
        131,
        9,
        244,
        123,
        753,
        791,
        236,
        577,
        828,
        486,
        708,
        858,
        300,
        394,
        565,
        733,
        582,
        825,
        762,
        285,
        754,
        863,
        496,
        218,
        671,
        0,
        2,
        408,
        499,
        619,
        482,
        657,
        324,
        171,
        560,
        801,
        498,
        901,
        363,
        726,
        718,
        951,
        988,
        898,
        158,
        947,
        282,
        287,
        991,
        275,
        625,
        648,
        883,
        600,
        442,
        179,
        30,
        995,
        421,
        151,
        465,
        511,
        73,
        420,
        845,
        750,
        5,
        509,
        505,
        492,
        311,
        756,
        106,
        354,
        790,
        438,
        704,
        956,
        11,
        180,
        166,
        868,
        245,
        653,
        975,
        930,
        296,
        861,
        309,
        873,
        692,
        849,
        173,
        586,
        521,
        722,
        124,
        113,
        865,
        366,
        237,
        964,
        876,
        980,
        859,
        522,
        775,
        289,
        860,
        826,
        512,
        702,
        369,
        821,
        388,
        176,
        111,
        270,
        564,
        631,
        184,
        260,
        115,
        85,
        591,
        327,
        315,
        159,
        819,
        292,
        504,
        242,
        937,
        384,
        799,
        795,
        824,
        637,
        566,
        291,
        721,
        817,
        834,
        685,
        138,
        538,
        684,
        321,
        169,
        341,
        469,
        641,
        468,
        264,
        570,
        479,
        417,
        678,
        284,
        548,
        478,
        904,
        913,
        76,
        929,
        201,
        926,
        508,
        667,
        954,
        610,
        391,
        109,
        798,
        256,
        313,
        345,
        349,
        944,
        272,
        224,
        767,
        603,
        629,
        818,
        738,
        283,
        878,
        672,
        851,
        740,
        231,
        997,
        100,
        441,
        405,
        340,
        351,
        480,
        134,
        606,
        804,
        33,
        915,
        329,
        706,
        443,
        837,
        132,
        618,
        551,
        161,
        912,
        64,
        382,
        697,
        456,
        957,
        304,
        44,
        584,
        994,
        972,
        820,
        19,
        751,
        571,
        332,
        611,
        627,
        31,
        128,
        337,
        562,
        268,
        877,
        63,
        782,
        613,
        50,
        198,
        594,
        757,
        415,
        841,
        372,
        515,
        402,
        890,
        406,
        711,
        347,
        660,
        578,
        409,
        810,
        259,
        310,
        276,
        747,
        604,
        811,
        787,
        163,
        266,
        654,
        41,
        232,
        765,
        65,
        192,
        574,
        927,
        808,
        789,
        961,
        431,
        281,
        447,
        746,
        659,
        581,
        763,
        495,
        453,
        694,
        62,
        973,
        749,
        982,
        429,
        484,
        78,
        346,
        426,
        280,
        182,
        213,
        941,
        17,
        95,
        301,
        932,
        261,
        835,
        4
    ],
    "Global Optimum": 0,
    "Algorithm": "Genetic algorithm",
    "Parameters": {
        "population": 30,
        "offspring": 30,
        "mutation probability": 0.001,
        "crossover probability": 0.9
    },
    "Fitness": 1344685,
    "Solution": [
        832,
        246,
        563,
        857,
        743,
        174,
        797,
        698,
        752,
        962,
        108,
        580,
        614,
        943,
        316,
        149,
        342,
        436,
        253,
        121,
        524,
        344,
        57,
        126,
        455,
        53,
        984,
        43,
        91,
        59,
        805,
        387,
        959,
        267,
        662,
        228,
        425,
        501,
        590,
        365,
        1,
        968,
        400,
        939,
        537,
        628,
        214,
        352,
        427,
        620,
        735,
        7,
        786,
        840,
        990,
        458,
        665,
        965,
        122,
        229,
        36,
        157,
        66,
        910,
        112,
        844,
        437,
        14,
        12,
        977,
        933,
        682,
        529,
        450,
        952,
        891,
        670,
        636,
        510,
        544,
        94,
        556,
        187,
        52,
        476,
        460,
        47,
        908,
        418,
        75,
        545,
        386,
        705,
        802,
        719,
        55,
        473,
        439,
        454,
        525,
        996,
        572,
        595,
        686,
        809,
        194,
        393,
        69,
        89,
        812,
        483,
        395,
        895,
        79,
        457,
        203,
        884,
        605,
        579,
        446,
        20,
        172,
        196,
        273,
        630,
        833,
        979,
        651,
        305,
        655,
        936,
        88,
        539,
        758,
        422,
        847,
        734,
        226,
        616,
        297,
        993,
        553,
        764,
        948,
        399,
        568,
        549,
        250,
        51,
        958,
        587,
        449,
        331,
        120,
        186,
        675,
        489,
        940,
        867,
        58,
        336,
        649,
        207,
        238,
        573,
        452,
        853,
        423,
        102,
        380,
        674,
        723,
        156,
        144,
        162,
        561,
        137,
        773,
        558,
        871,
        970,
        265,
        212,
        601,
        220,
        632,
        854,
        759,
        463,
        375,
        666,
        370,
        850,
        188,
        491,
        475,
        497,
        23,
        101,
        471,
        222,
        81,
        143,
        392,
        813,
        139,
        428,
        831,
        90,
        45,
        181,
        507,
        314,
        829,
        6,
        745,
        401,
        709,
        129,
        243,
        950,
        444,
        440,
        530,
        485,
        712,
        38,
        389,
        353,
        683,
        269,
        885,
        642,
        567,
        985,
        700,
        413,
        376,
        911,
        713,
        815,
        989,
        987,
        918,
        855,
        303,
        599,
        905,
        897,
        414,
        652,
        84,
        319,
        728,
        816,
        34,
        190,
        118,
        240,
        165,
        362,
        554,
        848,
        146,
        178,
        27,
        168,
        307,
        35,
        635,
        40,
        379,
        623,
        373,
        588,
        500,
        983,
        527,
        396,
        367,
        148,
        145,
        233,
        99,
        299,
        451,
        612,
        892,
        920,
        249,
        467,
        732,
        664,
        967,
        141,
        506,
        197,
        690,
        71,
        532,
        689,
        693,
        424,
        56,
        617,
        872,
        15,
        669,
        397,
        368,
        92,
        72,
        974,
        254,
        526,
        356,
        185,
        778,
        318,
        523,
        119,
        716,
        200,
        602,
        576,
        234,
        3,
        49,
        621,
        638,
        533,
        900,
        730,
        679,
        215,
        839,
        306,
        546,
        416,
        322,
        74,
        98,
        290,
        410,
        866,
        737,
        86,
        547,
        882,
        955,
        142,
        862,
        377,
        781,
        846,
        624,
        189,
        889,
        147,
        152,
        274,
        680,
        668,
        374,
        155,
        681,
        490,
        461,
        703,
        294,
        298,
        46,
        83,
        133,
        518,
        656,
        37,
        770,
        247,
        210,
        10,
        960,
        343,
        727,
        202,
        768,
        677,
        164,
        741,
        886,
        646,
        543,
        550,
        167,
        742,
        339,
        981,
        519,
        472,
        170,
        822,
        888,
        536,
        650,
        445,
        293,
        355,
        557,
        462,
        29,
        535,
        93,
        639,
        364,
        25,
        774,
        916,
        928,
        934,
        502,
        673,
        783,
        317,
        107,
        193,
        986,
        488,
        16,
        899,
        552,
        942,
        622,
        540,
        338,
        130,
        68,
        725,
        403,
        870,
        843,
        729,
        517,
        323,
        67,
        542,
        917,
        794,
        252,
        288,
        963,
        807,
        466,
        411,
        992,
        42,
        720,
        335,
        842,
        714,
        434,
        211,
        780,
        691,
        919,
        308,
        216,
        800,
        902,
        371,
        258,
        219,
        208,
        278,
        241,
        262,
        894,
        874,
        183,
        433,
        953,
        856,
        97,
        772,
        54,
        633,
        80,
        852,
        715,
        481,
        559,
        598,
        105,
        357,
        227,
        359,
        96,
        658,
        435,
        776,
        647,
        707,
        82,
        688,
        769,
        412,
        514,
        48,
        748,
        330,
        32,
        127,
        60,
        230,
        609,
        626,
        593,
        470,
        597,
        350,
        528,
        793,
        640,
        830,
        209,
        608,
        286,
        796,
        223,
        922,
        28,
        464,
        26,
        248,
        477,
        788,
        257,
        154,
        104,
        358,
        503,
        755,
        383,
        295,
        823,
        251,
        474,
        596,
        217,
        777,
        24,
        175,
        487,
        999,
        569,
        153,
        520,
        140,
        814,
        676,
        531,
        22,
        204,
        792,
        398,
        925,
        744,
        263,
        924,
        430,
        966,
        827,
        906,
        205,
        61,
        945,
        385,
        607,
        978,
        360,
        136,
        976,
        325,
        448,
        235,
        771,
        160,
        969,
        103,
        494,
        766,
        880,
        114,
        875,
        575,
        18,
        312,
        663,
        784,
        199,
        493,
        864,
        21,
        271,
        87,
        150,
        903,
        326,
        893,
        644,
        135,
        592,
        739,
        879,
        279,
        634,
        887,
        320,
        348,
        555,
        583,
        909,
        255,
        541,
        806,
        701,
        177,
        921,
        77,
        896,
        949,
        907,
        225,
        513,
        645,
        838,
        761,
        191,
        125,
        935,
        8,
        938,
        724,
        404,
        785,
        70,
        381,
        516,
        277,
        836,
        239,
        407,
        589,
        432,
        736,
        779,
        803,
        914,
        615,
        361,
        302,
        390,
        710,
        333,
        881,
        110,
        585,
        419,
        696,
        869,
        334,
        328,
        39,
        116,
        221,
        731,
        206,
        699,
        971,
        661,
        931,
        717,
        998,
        195,
        643,
        923,
        687,
        117,
        946,
        534,
        13,
        695,
        378,
        760,
        459,
        131,
        9,
        244,
        123,
        753,
        791,
        236,
        577,
        828,
        486,
        708,
        858,
        300,
        394,
        565,
        733,
        582,
        825,
        762,
        285,
        754,
        863,
        496,
        218,
        671,
        0,
        2,
        408,
        499,
        619,
        482,
        657,
        324,
        171,
        560,
        801,
        498,
        901,
        363,
        726,
        718,
        951,
        988,
        898,
        158,
        947,
        282,
        287,
        991,
        275,
        625,
        648,
        883,
        600,
        442,
        179,
        30,
        995,
        421,
        151,
        465,
        511,
        73,
        420,
        845,
        750,
        5,
        509,
        505,
        492,
        311,
        756,
        106,
        354,
        790,
        438,
        704,
        956,
        11,
        180,
        166,
        868,
        245,
        653,
        975,
        930,
        296,
        861,
        309,
        873,
        692,
        849,
        173,
        586,
        521,
        722,
        124,
        113,
        865,
        366,
        237,
        964,
        876,
        980,
        859,
        522,
        775,
        289,
        860,
        826,
        512,
        702,
        369,
        821,
        388,
        176,
        111,
        270,
        564,
        631,
        184,
        260,
        115,
        85,
        591,
        327,
        315,
        159,
        819,
        292,
        504,
        242,
        937,
        384,
        799,
        795,
        824,
        637,
        566,
        291,
        721,
        817,
        834,
        685,
        138,
        538,
        684,
        321,
        169,
        341,
        469,
        641,
        468,
        264,
        570,
        479,
        417,
        678,
        284,
        548,
        478,
        904,
        913,
        76,
        929,
        201,
        926,
        508,
        667,
        954,
        610,
        391,
        109,
        798,
        256,
        313,
        345,
        349,
        944,
        272,
        224,
        767,
        603,
        629,
        818,
        738,
        283,
        878,
        672,
        851,
        740,
        231,
        997,
        100,
        441,
        405,
        340,
        351,
        480,
        134,
        606,
        804,
        33,
        915,
        329,
        706,
        443,
        837,
        132,
        618,
        551,
        161,
        912,
        64,
        382,
        697,
        456,
        957,
        304,
        44,
        584,
        994,
        972,
        820,
        19,
        751,
        571,
        332,
        611,
        627,
        31,
        128,
        337,
        562,
        268,
        877,
        63,
        782,
        613,
        50,
        198,
        594,
        757,
        415,
        841,
        372,
        515,
        402,
        890,
        406,
        711,
        347,
        660,
        578,
        409,
        810,
        259,
        310,
        276,
        747,
        604,
        811,
        787,
        163,
        266,
        654,
        41,
        232,
        765,
        65,
        192,
        574,
        927,
        808,
        789,
        961,
        431,
        281,
        447,
        746,
        659,
        581,
        763,
        495,
        453,
        694,
        62,
        973,
        749,
        982,
        429,
        484,
        78,
        346,
        426,
        280,
        182,
        213,
        941,
        17,
        95,
        301,
        932,
        261,
        835,
        4
    ],
    "Nb of functions evaluations": 200010,
    "Computational time in seconds": 3021.397560119629,
    "Stopping criterion in evaluations": 200000
}