24° run output:
{
    "Function": "kroC100.tsp",
    "Problem dimension": [
        98,
        95,
        10,
        65,
        31,
        60,
        25,
        28,
        0,
        52,
        14,
        88,
        20,
        29,
        67,
        79,
        59,
        39,
        26,
        84,
        19,
        63,
        71,
        90,
        85,
        93,
        75,
        86,
        9,
        42,
        55,
        27,
        87,
        24,
        61,
        82,
        51,
        83,
        15,
        92,
        17,
        41,
        64,
        46,
        35,
        91,
        18,
        43,
        23,
        45,
        78,
        66,
        12,
        11,
        48,
        77,
        81,
        6,
        8,
        36,
        50,
        62,
        3,
        70,
        37,
        38,
        57,
        33,
        89,
        16,
        74,
        47,
        96,
        44,
        56,
        2,
        72,
        73,
        13,
        22,
        94,
        49,
        5,
        53,
        21,
        54,
        30,
        1,
        34,
        58,
        80,
        32,
        99,
        68,
        76,
        40,
        69,
        4,
        97,
        7
    ],
    "Global Optimum": 0,
    "Algorithm": "Genetic algorithm",
    "Parameters": {
        "population": 30,
        "offspring": 30,
        "mutation probability": 0.01,
        "crossover probability": 0.9
    },
    "Fitness": 68568,
    "Solution": [
        98,
        95,
        10,
        65,
        31,
        60,
        25,
        28,
        0,
        52,
        14,
        88,
        20,
        29,
        67,
        79,
        59,
        39,
        26,
        84,
        19,
        63,
        71,
        90,
        85,
        93,
        75,
        86,
        9,
        42,
        55,
        27,
        87,
        24,
        61,
        82,
        51,
        83,
        15,
        92,
        17,
        41,
        64,
        46,
        35,
        91,
        18,
        43,
        23,
        45,
        78,
        66,
        12,
        11,
        48,
        77,
        81,
        6,
        8,
        36,
        50,
        62,
        3,
        70,
        37,
        38,
        57,
        33,
        89,
        16,
        74,
        47,
        96,
        44,
        56,
        2,
        72,
        73,
        13,
        22,
        94,
        49,
        5,
        53,
        21,
        54,
        30,
        1,
        34,
        58,
        80,
        32,
        99,
        68,
        76,
        40,
        69,
        4,
        97,
        7
    ],
    "Nb of functions evaluations": 200010,
    "Computational time in seconds": 62.100679874420166,
    "Stopping criterion in evaluations": 200000
}