2° run output:
{
    "Function": "kroC100.tsp",
    "Problem dimension": [
        74,
        53,
        11,
        39,
        84,
        26,
        9,
        99,
        47,
        10,
        51,
        83,
        65,
        12,
        19,
        41,
        93,
        85,
        27,
        37,
        70,
        55,
        4,
        42,
        69,
        20,
        56,
        43,
        91,
        44,
        96,
        80,
        86,
        95,
        28,
        52,
        0,
        63,
        14,
        78,
        54,
        30,
        66,
        45,
        77,
        60,
        6,
        81,
        8,
        15,
        62,
        13,
        58,
        40,
        22,
        67,
        72,
        35,
        17,
        2,
        88,
        90,
        49,
        87,
        97,
        57,
        21,
        24,
        16,
        89,
        33,
        38,
        64,
        76,
        71,
        82,
        94,
        75,
        5,
        7,
        46,
        79,
        29,
        59,
        36,
        50,
        18,
        31,
        23,
        25,
        48,
        98,
        92,
        3,
        68,
        32,
        73,
        34,
        1,
        61
    ],
    "Global Optimum": 0,
    "Algorithm": "Genetic algorithm",
    "Parameters": {
        "population": 30,
        "offspring": 30,
        "mutation probability": 0.01,
        "crossover probability": 0.9
    },
    "Fitness": 57931,
    "Solution": [
        74,
        53,
        11,
        39,
        84,
        26,
        9,
        99,
        47,
        10,
        51,
        83,
        65,
        12,
        19,
        41,
        93,
        85,
        27,
        37,
        70,
        55,
        4,
        42,
        69,
        20,
        56,
        43,
        91,
        44,
        96,
        80,
        86,
        95,
        28,
        52,
        0,
        63,
        14,
        78,
        54,
        30,
        66,
        45,
        77,
        60,
        6,
        81,
        8,
        15,
        62,
        13,
        58,
        40,
        22,
        67,
        72,
        35,
        17,
        2,
        88,
        90,
        49,
        87,
        97,
        57,
        21,
        24,
        16,
        89,
        33,
        38,
        64,
        76,
        71,
        82,
        94,
        75,
        5,
        7,
        46,
        79,
        29,
        59,
        36,
        50,
        18,
        31,
        23,
        25,
        48,
        98,
        92,
        3,
        68,
        32,
        73,
        34,
        1,
        61
    ],
    "Nb of functions evaluations": 200010,
    "Computational time in seconds": 58.98046064376831,
    "Stopping criterion in evaluations": 200000
}