30° run output:
{
    "Function": "kroC100.tsp",
    "Problem dimension": [
        96,
        86,
        51,
        10,
        99,
        73,
        90,
        94,
        29,
        59,
        3,
        13,
        56,
        35,
        95,
        83,
        65,
        28,
        45,
        60,
        6,
        31,
        25,
        48,
        36,
        98,
        80,
        44,
        91,
        9,
        43,
        62,
        50,
        92,
        11,
        39,
        15,
        17,
        8,
        77,
        81,
        47,
        18,
        61,
        97,
        57,
        87,
        58,
        2,
        76,
        79,
        26,
        0,
        52,
        23,
        84,
        46,
        74,
        55,
        27,
        37,
        38,
        49,
        70,
        71,
        4,
        85,
        82,
        21,
        33,
        41,
        19,
        63,
        1,
        53,
        14,
        32,
        64,
        7,
        24,
        89,
        16,
        5,
        12,
        78,
        30,
        54,
        66,
        40,
        68,
        72,
        88,
        20,
        22,
        69,
        75,
        42,
        93,
        34,
        67
    ],
    "Global Optimum": 0,
    "Algorithm": "Genetic algorithm",
    "Parameters": {
        "population": 30,
        "offspring": 30,
        "mutation probability": 0.01,
        "crossover probability": 0.9
    },
    "Fitness": 57244,
    "Solution": [
        96,
        86,
        51,
        10,
        99,
        73,
        90,
        94,
        29,
        59,
        3,
        13,
        56,
        35,
        95,
        83,
        65,
        28,
        45,
        60,
        6,
        31,
        25,
        48,
        36,
        98,
        80,
        44,
        91,
        9,
        43,
        62,
        50,
        92,
        11,
        39,
        15,
        17,
        8,
        77,
        81,
        47,
        18,
        61,
        97,
        57,
        87,
        58,
        2,
        76,
        79,
        26,
        0,
        52,
        23,
        84,
        46,
        74,
        55,
        27,
        37,
        38,
        49,
        70,
        71,
        4,
        85,
        82,
        21,
        33,
        41,
        19,
        63,
        1,
        53,
        14,
        32,
        64,
        7,
        24,
        89,
        16,
        5,
        12,
        78,
        30,
        54,
        66,
        40,
        68,
        72,
        88,
        20,
        22,
        69,
        75,
        42,
        93,
        34,
        67
    ],
    "Nb of functions evaluations": 200010,
    "Computational time in seconds": 59.27214503288269,
    "Stopping criterion in evaluations": 200000
}