3° run output:
{
    "Function": "ClusterB500.tsp",
    "Problem dimension": [
        281,
        315,
        212,
        224,
        195,
        127,
        420,
        108,
        75,
        71,
        404,
        341,
        286,
        338,
        2,
        194,
        205,
        124,
        34,
        184,
        122,
        478,
        38,
        41,
        121,
        417,
        88,
        210,
        109,
        453,
        168,
        406,
        357,
        208,
        350,
        141,
        303,
        367,
        363,
        185,
        483,
        430,
        415,
        334,
        335,
        192,
        177,
        8,
        125,
        246,
        365,
        36,
        396,
        17,
        43,
        100,
        431,
        174,
        271,
        464,
        457,
        50,
        60,
        391,
        11,
        324,
        274,
        93,
        64,
        479,
        66,
        353,
        102,
        68,
        203,
        441,
        302,
        211,
        442,
        297,
        358,
        376,
        7,
        206,
        327,
        277,
        437,
        245,
        385,
        76,
        218,
        69,
        78,
        366,
        389,
        351,
        45,
        120,
        207,
        229,
        247,
        101,
        466,
        278,
        183,
        191,
        377,
        182,
        268,
        320,
        290,
        445,
        227,
        346,
        432,
        248,
        296,
        456,
        201,
        167,
        458,
        65,
        3,
        360,
        494,
        393,
        283,
        416,
        58,
        161,
        119,
        484,
        237,
        150,
        467,
        232,
        461,
        418,
        295,
        231,
        70,
        62,
        79,
        275,
        485,
        223,
        89,
        329,
        200,
        284,
        249,
        126,
        81,
        73,
        47,
        439,
        292,
        86,
        413,
        375,
        202,
        455,
        230,
        22,
        131,
        136,
        31,
        468,
        304,
        178,
        493,
        107,
        362,
        402,
        95,
        300,
        158,
        155,
        244,
        197,
        463,
        280,
        359,
        405,
        61,
        319,
        190,
        74,
        209,
        336,
        428,
        160,
        253,
        451,
        321,
        135,
        63,
        491,
        46,
        82,
        110,
        482,
        42,
        371,
        495,
        111,
        444,
        114,
        312,
        166,
        238,
        285,
        293,
        151,
        28,
        157,
        98,
        372,
        162,
        314,
        318,
        382,
        25,
        289,
        30,
        198,
        399,
        465,
        257,
        294,
        276,
        462,
        272,
        407,
        400,
        332,
        287,
        57,
        392,
        387,
        262,
        410,
        222,
        56,
        374,
        282,
        97,
        259,
        219,
        226,
        480,
        92,
        255,
        347,
        273,
        258,
        123,
        189,
        163,
        373,
        452,
        469,
        26,
        498,
        112,
        217,
        254,
        196,
        424,
        216,
        228,
        233,
        221,
        423,
        299,
        267,
        16,
        401,
        411,
        236,
        291,
        142,
        180,
        165,
        422,
        130,
        492,
        115,
        170,
        408,
        460,
        4,
        48,
        487,
        470,
        181,
        378,
        12,
        425,
        481,
        348,
        471,
        381,
        10,
        394,
        154,
        149,
        307,
        106,
        427,
        426,
        333,
        409,
        137,
        256,
        175,
        29,
        342,
        298,
        364,
        55,
        134,
        132,
        143,
        330,
        354,
        27,
        44,
        5,
        87,
        398,
        434,
        344,
        220,
        172,
        421,
        313,
        171,
        477,
        164,
        264,
        435,
        316,
        340,
        83,
        325,
        214,
        173,
        446,
        266,
        323,
        379,
        343,
        199,
        19,
        105,
        352,
        67,
        215,
        269,
        148,
        52,
        146,
        454,
        133,
        370,
        459,
        473,
        14,
        339,
        53,
        279,
        345,
        356,
        475,
        49,
        242,
        369,
        412,
        440,
        59,
        90,
        23,
        361,
        147,
        54,
        288,
        24,
        489,
        129,
        386,
        309,
        113,
        13,
        72,
        301,
        152,
        128,
        476,
        328,
        260,
        436,
        419,
        85,
        179,
        263,
        94,
        20,
        241,
        176,
        1,
        240,
        472,
        77,
        225,
        447,
        51,
        429,
        403,
        84,
        213,
        117,
        0,
        251,
        308,
        234,
        380,
        138,
        116,
        99,
        21,
        104,
        449,
        270,
        438,
        156,
        317,
        306,
        414,
        140,
        18,
        496,
        395,
        186,
        331,
        305,
        433,
        368,
        235,
        450,
        243,
        250,
        33,
        169,
        443,
        9,
        326,
        355,
        383,
        448,
        310,
        322,
        390,
        40,
        193,
        239,
        32,
        486,
        388,
        159,
        474,
        490,
        384,
        261,
        35,
        187,
        15,
        153,
        188,
        118,
        204,
        103,
        139,
        499,
        91,
        349,
        144,
        80,
        488,
        311,
        37,
        39,
        6,
        265,
        252,
        397,
        497,
        96,
        145,
        337
    ],
    "Global Optimum": 0,
    "Algorithm": "Genetic algorithm",
    "Parameters": {
        "population": 30,
        "offspring": 30,
        "mutation probability": 0.002,
        "crossover probability": 0.9
    },
    "Fitness": 623798,
    "Solution": [
        281,
        315,
        212,
        224,
        195,
        127,
        420,
        108,
        75,
        71,
        404,
        341,
        286,
        338,
        2,
        194,
        205,
        124,
        34,
        184,
        122,
        478,
        38,
        41,
        121,
        417,
        88,
        210,
        109,
        453,
        168,
        406,
        357,
        208,
        350,
        141,
        303,
        367,
        363,
        185,
        483,
        430,
        415,
        334,
        335,
        192,
        177,
        8,
        125,
        246,
        365,
        36,
        396,
        17,
        43,
        100,
        431,
        174,
        271,
        464,
        457,
        50,
        60,
        391,
        11,
        324,
        274,
        93,
        64,
        479,
        66,
        353,
        102,
        68,
        203,
        441,
        302,
        211,
        442,
        297,
        358,
        376,
        7,
        206,
        327,
        277,
        437,
        245,
        385,
        76,
        218,
        69,
        78,
        366,
        389,
        351,
        45,
        120,
        207,
        229,
        247,
        101,
        466,
        278,
        183,
        191,
        377,
        182,
        268,
        320,
        290,
        445,
        227,
        346,
        432,
        248,
        296,
        456,
        201,
        167,
        458,
        65,
        3,
        360,
        494,
        393,
        283,
        416,
        58,
        161,
        119,
        484,
        237,
        150,
        467,
        232,
        461,
        418,
        295,
        231,
        70,
        62,
        79,
        275,
        485,
        223,
        89,
        329,
        200,
        284,
        249,
        126,
        81,
        73,
        47,
        439,
        292,
        86,
        413,
        375,
        202,
        455,
        230,
        22,
        131,
        136,
        31,
        468,
        304,
        178,
        493,
        107,
        362,
        402,
        95,
        300,
        158,
        155,
        244,
        197,
        463,
        280,
        359,
        405,
        61,
        319,
        190,
        74,
        209,
        336,
        428,
        160,
        253,
        451,
        321,
        135,
        63,
        491,
        46,
        82,
        110,
        482,
        42,
        371,
        495,
        111,
        444,
        114,
        312,
        166,
        238,
        285,
        293,
        151,
        28,
        157,
        98,
        372,
        162,
        314,
        318,
        382,
        25,
        289,
        30,
        198,
        399,
        465,
        257,
        294,
        276,
        462,
        272,
        407,
        400,
        332,
        287,
        57,
        392,
        387,
        262,
        410,
        222,
        56,
        374,
        282,
        97,
        259,
        219,
        226,
        480,
        92,
        255,
        347,
        273,
        258,
        123,
        189,
        163,
        373,
        452,
        469,
        26,
        498,
        112,
        217,
        254,
        196,
        424,
        216,
        228,
        233,
        221,
        423,
        299,
        267,
        16,
        401,
        411,
        236,
        291,
        142,
        180,
        165,
        422,
        130,
        492,
        115,
        170,
        408,
        460,
        4,
        48,
        487,
        470,
        181,
        378,
        12,
        425,
        481,
        348,
        471,
        381,
        10,
        394,
        154,
        149,
        307,
        106,
        427,
        426,
        333,
        409,
        137,
        256,
        175,
        29,
        342,
        298,
        364,
        55,
        134,
        132,
        143,
        330,
        354,
        27,
        44,
        5,
        87,
        398,
        434,
        344,
        220,
        172,
        421,
        313,
        171,
        477,
        164,
        264,
        435,
        316,
        340,
        83,
        325,
        214,
        173,
        446,
        266,
        323,
        379,
        343,
        199,
        19,
        105,
        352,
        67,
        215,
        269,
        148,
        52,
        146,
        454,
        133,
        370,
        459,
        473,
        14,
        339,
        53,
        279,
        345,
        356,
        475,
        49,
        242,
        369,
        412,
        440,
        59,
        90,
        23,
        361,
        147,
        54,
        288,
        24,
        489,
        129,
        386,
        309,
        113,
        13,
        72,
        301,
        152,
        128,
        476,
        328,
        260,
        436,
        419,
        85,
        179,
        263,
        94,
        20,
        241,
        176,
        1,
        240,
        472,
        77,
        225,
        447,
        51,
        429,
        403,
        84,
        213,
        117,
        0,
        251,
        308,
        234,
        380,
        138,
        116,
        99,
        21,
        104,
        449,
        270,
        438,
        156,
        317,
        306,
        414,
        140,
        18,
        496,
        395,
        186,
        331,
        305,
        433,
        368,
        235,
        450,
        243,
        250,
        33,
        169,
        443,
        9,
        326,
        355,
        383,
        448,
        310,
        322,
        390,
        40,
        193,
        239,
        32,
        486,
        388,
        159,
        474,
        490,
        384,
        261,
        35,
        187,
        15,
        153,
        188,
        118,
        204,
        103,
        139,
        499,
        91,
        349,
        144,
        80,
        488,
        311,
        37,
        39,
        6,
        265,
        252,
        397,
        497,
        96,
        145,
        337
    ],
    "Nb of functions evaluations": 200010,
    "Computational time in seconds": 943.6026771068573,
    "Stopping criterion in evaluations": 200000
}