24° run output:
{
    "Function": "ClusterB500.tsp",
    "Problem dimension": [
        343,
        322,
        337,
        370,
        369,
        332,
        237,
        420,
        342,
        64,
        499,
        208,
        376,
        284,
        449,
        156,
        424,
        400,
        468,
        157,
        386,
        168,
        324,
        78,
        307,
        465,
        359,
        230,
        262,
        11,
        21,
        236,
        37,
        444,
        333,
        348,
        297,
        377,
        413,
        461,
        225,
        371,
        351,
        18,
        327,
        412,
        89,
        453,
        102,
        200,
        197,
        202,
        82,
        203,
        50,
        469,
        216,
        362,
        131,
        446,
        75,
        256,
        312,
        91,
        148,
        494,
        295,
        367,
        341,
        155,
        199,
        290,
        207,
        346,
        493,
        302,
        67,
        336,
        313,
        190,
        423,
        118,
        418,
        459,
        338,
        408,
        279,
        111,
        29,
        434,
        255,
        485,
        38,
        441,
        372,
        33,
        235,
        304,
        84,
        181,
        270,
        439,
        46,
        433,
        269,
        310,
        245,
        49,
        51,
        116,
        345,
        405,
        24,
        35,
        27,
        374,
        274,
        283,
        139,
        226,
        480,
        429,
        335,
        69,
        484,
        330,
        122,
        193,
        483,
        267,
        117,
        126,
        19,
        71,
        101,
        366,
        233,
        17,
        252,
        492,
        189,
        363,
        401,
        417,
        280,
        254,
        452,
        426,
        113,
        105,
        77,
        171,
        264,
        447,
        443,
        1,
        473,
        182,
        263,
        389,
        442,
        52,
        176,
        99,
        158,
        229,
        218,
        326,
        397,
        12,
        440,
        384,
        311,
        44,
        63,
        482,
        58,
        357,
        249,
        378,
        97,
        136,
        204,
        36,
        298,
        428,
        212,
        87,
        96,
        123,
        349,
        72,
        381,
        137,
        30,
        383,
        275,
        85,
        179,
        206,
        22,
        56,
        266,
        471,
        281,
        232,
        60,
        205,
        103,
        432,
        92,
        143,
        463,
        409,
        130,
        14,
        166,
        228,
        211,
        104,
        153,
        144,
        410,
        288,
        328,
        231,
        314,
        192,
        490,
        5,
        79,
        41,
        34,
        321,
        435,
        317,
        487,
        407,
        287,
        135,
        466,
        172,
        331,
        475,
        162,
        476,
        124,
        107,
        467,
        217,
        382,
        309,
        110,
        498,
        184,
        472,
        350,
        456,
        188,
        140,
        454,
        319,
        227,
        170,
        95,
        289,
        163,
        258,
        495,
        360,
        120,
        127,
        404,
        134,
        240,
        272,
        479,
        138,
        491,
        430,
        474,
        339,
        462,
        40,
        268,
        213,
        416,
        415,
        402,
        306,
        361,
        305,
        393,
        3,
        164,
        129,
        81,
        436,
        115,
        98,
        273,
        174,
        457,
        73,
        445,
        178,
        296,
        497,
        438,
        215,
        210,
        403,
        90,
        316,
        109,
        399,
        145,
        68,
        414,
        47,
        43,
        291,
        489,
        364,
        161,
        112,
        4,
        243,
        80,
        187,
        261,
        390,
        65,
        425,
        387,
        422,
        119,
        358,
        277,
        93,
        299,
        57,
        353,
        76,
        26,
        329,
        183,
        94,
        20,
        128,
        31,
        388,
        292,
        23,
        398,
        365,
        147,
        61,
        150,
        74,
        347,
        8,
        25,
        194,
        13,
        224,
        169,
        10,
        241,
        133,
        392,
        395,
        9,
        259,
        276,
        83,
        260,
        373,
        340,
        477,
        222,
        427,
        464,
        0,
        325,
        293,
        88,
        54,
        379,
        160,
        278,
        437,
        198,
        175,
        196,
        246,
        141,
        132,
        481,
        223,
        234,
        496,
        248,
        486,
        301,
        151,
        455,
        242,
        55,
        86,
        396,
        239,
        394,
        53,
        6,
        45,
        308,
        315,
        251,
        154,
        66,
        265,
        411,
        300,
        488,
        450,
        375,
        244,
        173,
        286,
        70,
        448,
        185,
        323,
        59,
        250,
        478,
        28,
        48,
        159,
        421,
        32,
        451,
        219,
        125,
        16,
        356,
        108,
        167,
        458,
        220,
        106,
        247,
        320,
        201,
        221,
        214,
        253,
        334,
        380,
        303,
        149,
        180,
        406,
        460,
        238,
        195,
        391,
        209,
        191,
        385,
        152,
        15,
        142,
        114,
        186,
        271,
        165,
        100,
        419,
        121,
        431,
        42,
        7,
        285,
        62,
        294,
        355,
        470,
        344,
        368,
        257,
        318,
        352,
        39,
        146,
        282,
        2,
        354,
        177
    ],
    "Global Optimum": 0,
    "Algorithm": "Genetic algorithm",
    "Parameters": {
        "population": 30,
        "offspring": 30,
        "mutation probability": 0.002,
        "crossover probability": 0.9
    },
    "Fitness": 599824,
    "Solution": [
        343,
        322,
        337,
        370,
        369,
        332,
        237,
        420,
        342,
        64,
        499,
        208,
        376,
        284,
        449,
        156,
        424,
        400,
        468,
        157,
        386,
        168,
        324,
        78,
        307,
        465,
        359,
        230,
        262,
        11,
        21,
        236,
        37,
        444,
        333,
        348,
        297,
        377,
        413,
        461,
        225,
        371,
        351,
        18,
        327,
        412,
        89,
        453,
        102,
        200,
        197,
        202,
        82,
        203,
        50,
        469,
        216,
        362,
        131,
        446,
        75,
        256,
        312,
        91,
        148,
        494,
        295,
        367,
        341,
        155,
        199,
        290,
        207,
        346,
        493,
        302,
        67,
        336,
        313,
        190,
        423,
        118,
        418,
        459,
        338,
        408,
        279,
        111,
        29,
        434,
        255,
        485,
        38,
        441,
        372,
        33,
        235,
        304,
        84,
        181,
        270,
        439,
        46,
        433,
        269,
        310,
        245,
        49,
        51,
        116,
        345,
        405,
        24,
        35,
        27,
        374,
        274,
        283,
        139,
        226,
        480,
        429,
        335,
        69,
        484,
        330,
        122,
        193,
        483,
        267,
        117,
        126,
        19,
        71,
        101,
        366,
        233,
        17,
        252,
        492,
        189,
        363,
        401,
        417,
        280,
        254,
        452,
        426,
        113,
        105,
        77,
        171,
        264,
        447,
        443,
        1,
        473,
        182,
        263,
        389,
        442,
        52,
        176,
        99,
        158,
        229,
        218,
        326,
        397,
        12,
        440,
        384,
        311,
        44,
        63,
        482,
        58,
        357,
        249,
        378,
        97,
        136,
        204,
        36,
        298,
        428,
        212,
        87,
        96,
        123,
        349,
        72,
        381,
        137,
        30,
        383,
        275,
        85,
        179,
        206,
        22,
        56,
        266,
        471,
        281,
        232,
        60,
        205,
        103,
        432,
        92,
        143,
        463,
        409,
        130,
        14,
        166,
        228,
        211,
        104,
        153,
        144,
        410,
        288,
        328,
        231,
        314,
        192,
        490,
        5,
        79,
        41,
        34,
        321,
        435,
        317,
        487,
        407,
        287,
        135,
        466,
        172,
        331,
        475,
        162,
        476,
        124,
        107,
        467,
        217,
        382,
        309,
        110,
        498,
        184,
        472,
        350,
        456,
        188,
        140,
        454,
        319,
        227,
        170,
        95,
        289,
        163,
        258,
        495,
        360,
        120,
        127,
        404,
        134,
        240,
        272,
        479,
        138,
        491,
        430,
        474,
        339,
        462,
        40,
        268,
        213,
        416,
        415,
        402,
        306,
        361,
        305,
        393,
        3,
        164,
        129,
        81,
        436,
        115,
        98,
        273,
        174,
        457,
        73,
        445,
        178,
        296,
        497,
        438,
        215,
        210,
        403,
        90,
        316,
        109,
        399,
        145,
        68,
        414,
        47,
        43,
        291,
        489,
        364,
        161,
        112,
        4,
        243,
        80,
        187,
        261,
        390,
        65,
        425,
        387,
        422,
        119,
        358,
        277,
        93,
        299,
        57,
        353,
        76,
        26,
        329,
        183,
        94,
        20,
        128,
        31,
        388,
        292,
        23,
        398,
        365,
        147,
        61,
        150,
        74,
        347,
        8,
        25,
        194,
        13,
        224,
        169,
        10,
        241,
        133,
        392,
        395,
        9,
        259,
        276,
        83,
        260,
        373,
        340,
        477,
        222,
        427,
        464,
        0,
        325,
        293,
        88,
        54,
        379,
        160,
        278,
        437,
        198,
        175,
        196,
        246,
        141,
        132,
        481,
        223,
        234,
        496,
        248,
        486,
        301,
        151,
        455,
        242,
        55,
        86,
        396,
        239,
        394,
        53,
        6,
        45,
        308,
        315,
        251,
        154,
        66,
        265,
        411,
        300,
        488,
        450,
        375,
        244,
        173,
        286,
        70,
        448,
        185,
        323,
        59,
        250,
        478,
        28,
        48,
        159,
        421,
        32,
        451,
        219,
        125,
        16,
        356,
        108,
        167,
        458,
        220,
        106,
        247,
        320,
        201,
        221,
        214,
        253,
        334,
        380,
        303,
        149,
        180,
        406,
        460,
        238,
        195,
        391,
        209,
        191,
        385,
        152,
        15,
        142,
        114,
        186,
        271,
        165,
        100,
        419,
        121,
        431,
        42,
        7,
        285,
        62,
        294,
        355,
        470,
        344,
        368,
        257,
        318,
        352,
        39,
        146,
        282,
        2,
        354,
        177
    ],
    "Nb of functions evaluations": 200010,
    "Computational time in seconds": 956.4740409851074,
    "Stopping criterion in evaluations": 200000
}