27° run output:
{
    "Function": "ClusterB500.tsp",
    "Problem dimension": [
        11,
        71,
        16,
        125,
        462,
        199,
        298,
        211,
        277,
        161,
        218,
        80,
        386,
        44,
        333,
        93,
        497,
        223,
        274,
        197,
        51,
        366,
        309,
        129,
        399,
        60,
        239,
        65,
        139,
        410,
        100,
        48,
        454,
        109,
        374,
        144,
        330,
        174,
        10,
        73,
        36,
        140,
        315,
        38,
        206,
        213,
        90,
        422,
        302,
        480,
        472,
        251,
        344,
        367,
        128,
        488,
        188,
        221,
        384,
        469,
        134,
        53,
        190,
        234,
        304,
        348,
        294,
        326,
        7,
        198,
        465,
        445,
        238,
        159,
        228,
        429,
        428,
        22,
        64,
        268,
        377,
        1,
        492,
        55,
        272,
        157,
        363,
        470,
        350,
        114,
        169,
        145,
        457,
        402,
        201,
        345,
        12,
        69,
        79,
        56,
        252,
        243,
        59,
        351,
        427,
        52,
        4,
        236,
        158,
        267,
        276,
        37,
        57,
        423,
        136,
        380,
        155,
        76,
        202,
        29,
        342,
        115,
        419,
        438,
        122,
        33,
        257,
        355,
        478,
        6,
        105,
        411,
        275,
        191,
        8,
        288,
        30,
        307,
        89,
        240,
        181,
        354,
        183,
        365,
        483,
        95,
        88,
        262,
        98,
        75,
        215,
        311,
        352,
        335,
        435,
        442,
        3,
        398,
        137,
        338,
        168,
        99,
        131,
        176,
        336,
        416,
        50,
        35,
        207,
        357,
        19,
        0,
        455,
        337,
        401,
        280,
        259,
        284,
        178,
        323,
        373,
        5,
        61,
        111,
        393,
        87,
        258,
        451,
        254,
        162,
        85,
        70,
        273,
        473,
        486,
        248,
        72,
        471,
        147,
        196,
        77,
        225,
        67,
        135,
        282,
        256,
        379,
        425,
        278,
        96,
        403,
        210,
        289,
        340,
        260,
        249,
        291,
        120,
        467,
        358,
        334,
        110,
        26,
        245,
        14,
        477,
        84,
        458,
        286,
        182,
        381,
        495,
        397,
        456,
        160,
        389,
        296,
        468,
        378,
        372,
        359,
        118,
        167,
        214,
        293,
        152,
        227,
        231,
        452,
        31,
        224,
        261,
        180,
        18,
        327,
        490,
        246,
        141,
        394,
        489,
        63,
        226,
        417,
        156,
        148,
        376,
        481,
        439,
        356,
        493,
        102,
        499,
        25,
        271,
        447,
        104,
        453,
        308,
        177,
        233,
        34,
        305,
        324,
        153,
        121,
        117,
        414,
        150,
        193,
        360,
        62,
        491,
        421,
        331,
        126,
        101,
        189,
        383,
        484,
        116,
        320,
        212,
        154,
        392,
        353,
        295,
        253,
        317,
        446,
        27,
        441,
        42,
        175,
        424,
        459,
        127,
        68,
        476,
        300,
        43,
        187,
        466,
        487,
        41,
        108,
        171,
        194,
        361,
        346,
        400,
        222,
        387,
        216,
        17,
        287,
        164,
        45,
        368,
        391,
        204,
        444,
        220,
        28,
        437,
        78,
        15,
        321,
        281,
        303,
        229,
        408,
        266,
        420,
        385,
        232,
        91,
        306,
        461,
        319,
        54,
        264,
        436,
        46,
        448,
        328,
        290,
        431,
        396,
        149,
        124,
        205,
        66,
        123,
        151,
        440,
        496,
        432,
        412,
        172,
        450,
        318,
        443,
        418,
        310,
        347,
        332,
        143,
        263,
        299,
        132,
        270,
        405,
        82,
        292,
        482,
        24,
        39,
        485,
        388,
        230,
        498,
        58,
        283,
        23,
        113,
        20,
        184,
        370,
        40,
        407,
        32,
        219,
        21,
        255,
        192,
        395,
        430,
        81,
        463,
        142,
        208,
        103,
        242,
        47,
        112,
        265,
        83,
        404,
        415,
        195,
        49,
        133,
        364,
        382,
        297,
        94,
        285,
        325,
        250,
        314,
        13,
        237,
        269,
        130,
        173,
        322,
        106,
        241,
        138,
        86,
        479,
        170,
        426,
        460,
        217,
        449,
        464,
        203,
        474,
        313,
        406,
        349,
        475,
        186,
        185,
        341,
        165,
        163,
        362,
        247,
        200,
        146,
        279,
        369,
        92,
        339,
        409,
        235,
        107,
        329,
        433,
        209,
        343,
        371,
        390,
        9,
        375,
        301,
        494,
        119,
        2,
        74,
        97,
        166,
        413,
        244,
        434,
        179,
        312,
        316
    ],
    "Global Optimum": 0,
    "Algorithm": "Genetic algorithm",
    "Parameters": {
        "population": 30,
        "offspring": 30,
        "mutation probability": 0.002,
        "crossover probability": 0.9
    },
    "Fitness": 629689,
    "Solution": [
        11,
        71,
        16,
        125,
        462,
        199,
        298,
        211,
        277,
        161,
        218,
        80,
        386,
        44,
        333,
        93,
        497,
        223,
        274,
        197,
        51,
        366,
        309,
        129,
        399,
        60,
        239,
        65,
        139,
        410,
        100,
        48,
        454,
        109,
        374,
        144,
        330,
        174,
        10,
        73,
        36,
        140,
        315,
        38,
        206,
        213,
        90,
        422,
        302,
        480,
        472,
        251,
        344,
        367,
        128,
        488,
        188,
        221,
        384,
        469,
        134,
        53,
        190,
        234,
        304,
        348,
        294,
        326,
        7,
        198,
        465,
        445,
        238,
        159,
        228,
        429,
        428,
        22,
        64,
        268,
        377,
        1,
        492,
        55,
        272,
        157,
        363,
        470,
        350,
        114,
        169,
        145,
        457,
        402,
        201,
        345,
        12,
        69,
        79,
        56,
        252,
        243,
        59,
        351,
        427,
        52,
        4,
        236,
        158,
        267,
        276,
        37,
        57,
        423,
        136,
        380,
        155,
        76,
        202,
        29,
        342,
        115,
        419,
        438,
        122,
        33,
        257,
        355,
        478,
        6,
        105,
        411,
        275,
        191,
        8,
        288,
        30,
        307,
        89,
        240,
        181,
        354,
        183,
        365,
        483,
        95,
        88,
        262,
        98,
        75,
        215,
        311,
        352,
        335,
        435,
        442,
        3,
        398,
        137,
        338,
        168,
        99,
        131,
        176,
        336,
        416,
        50,
        35,
        207,
        357,
        19,
        0,
        455,
        337,
        401,
        280,
        259,
        284,
        178,
        323,
        373,
        5,
        61,
        111,
        393,
        87,
        258,
        451,
        254,
        162,
        85,
        70,
        273,
        473,
        486,
        248,
        72,
        471,
        147,
        196,
        77,
        225,
        67,
        135,
        282,
        256,
        379,
        425,
        278,
        96,
        403,
        210,
        289,
        340,
        260,
        249,
        291,
        120,
        467,
        358,
        334,
        110,
        26,
        245,
        14,
        477,
        84,
        458,
        286,
        182,
        381,
        495,
        397,
        456,
        160,
        389,
        296,
        468,
        378,
        372,
        359,
        118,
        167,
        214,
        293,
        152,
        227,
        231,
        452,
        31,
        224,
        261,
        180,
        18,
        327,
        490,
        246,
        141,
        394,
        489,
        63,
        226,
        417,
        156,
        148,
        376,
        481,
        439,
        356,
        493,
        102,
        499,
        25,
        271,
        447,
        104,
        453,
        308,
        177,
        233,
        34,
        305,
        324,
        153,
        121,
        117,
        414,
        150,
        193,
        360,
        62,
        491,
        421,
        331,
        126,
        101,
        189,
        383,
        484,
        116,
        320,
        212,
        154,
        392,
        353,
        295,
        253,
        317,
        446,
        27,
        441,
        42,
        175,
        424,
        459,
        127,
        68,
        476,
        300,
        43,
        187,
        466,
        487,
        41,
        108,
        171,
        194,
        361,
        346,
        400,
        222,
        387,
        216,
        17,
        287,
        164,
        45,
        368,
        391,
        204,
        444,
        220,
        28,
        437,
        78,
        15,
        321,
        281,
        303,
        229,
        408,
        266,
        420,
        385,
        232,
        91,
        306,
        461,
        319,
        54,
        264,
        436,
        46,
        448,
        328,
        290,
        431,
        396,
        149,
        124,
        205,
        66,
        123,
        151,
        440,
        496,
        432,
        412,
        172,
        450,
        318,
        443,
        418,
        310,
        347,
        332,
        143,
        263,
        299,
        132,
        270,
        405,
        82,
        292,
        482,
        24,
        39,
        485,
        388,
        230,
        498,
        58,
        283,
        23,
        113,
        20,
        184,
        370,
        40,
        407,
        32,
        219,
        21,
        255,
        192,
        395,
        430,
        81,
        463,
        142,
        208,
        103,
        242,
        47,
        112,
        265,
        83,
        404,
        415,
        195,
        49,
        133,
        364,
        382,
        297,
        94,
        285,
        325,
        250,
        314,
        13,
        237,
        269,
        130,
        173,
        322,
        106,
        241,
        138,
        86,
        479,
        170,
        426,
        460,
        217,
        449,
        464,
        203,
        474,
        313,
        406,
        349,
        475,
        186,
        185,
        341,
        165,
        163,
        362,
        247,
        200,
        146,
        279,
        369,
        92,
        339,
        409,
        235,
        107,
        329,
        433,
        209,
        343,
        371,
        390,
        9,
        375,
        301,
        494,
        119,
        2,
        74,
        97,
        166,
        413,
        244,
        434,
        179,
        312,
        316
    ],
    "Nb of functions evaluations": 200010,
    "Computational time in seconds": 963.9369804859161,
    "Stopping criterion in evaluations": 200000
}