17° run output:
{
    "Function": "ClusterB500.tsp",
    "Problem dimension": [
        38,
        47,
        416,
        310,
        54,
        280,
        16,
        451,
        366,
        35,
        459,
        5,
        175,
        393,
        495,
        425,
        359,
        326,
        419,
        97,
        343,
        483,
        329,
        294,
        258,
        441,
        449,
        295,
        111,
        48,
        367,
        491,
        452,
        300,
        165,
        92,
        229,
        108,
        318,
        323,
        197,
        305,
        177,
        32,
        277,
        427,
        233,
        160,
        219,
        349,
        157,
        174,
        224,
        344,
        313,
        118,
        51,
        396,
        391,
        232,
        15,
        158,
        192,
        271,
        319,
        187,
        298,
        455,
        223,
        204,
        309,
        380,
        14,
        379,
        37,
        290,
        100,
        130,
        415,
        274,
        36,
        333,
        354,
        222,
        370,
        18,
        276,
        133,
        86,
        180,
        242,
        91,
        264,
        403,
        198,
        256,
        62,
        208,
        24,
        50,
        265,
        104,
        52,
        217,
        139,
        136,
        94,
        190,
        79,
        413,
        490,
        432,
        404,
        270,
        435,
        475,
        446,
        250,
        267,
        433,
        484,
        477,
        368,
        200,
        397,
        272,
        159,
        358,
        147,
        496,
        436,
        44,
        90,
        431,
        299,
        243,
        189,
        8,
        227,
        74,
        63,
        255,
        170,
        199,
        331,
        350,
        212,
        327,
        85,
        17,
        448,
        322,
        302,
        238,
        283,
        60,
        471,
        228,
        355,
        481,
        103,
        203,
        382,
        125,
        338,
        317,
        106,
        332,
        336,
        293,
        479,
        127,
        437,
        148,
        150,
        423,
        137,
        476,
        269,
        1,
        374,
        330,
        389,
        205,
        188,
        324,
        245,
        454,
        72,
        0,
        142,
        235,
        351,
        210,
        470,
        275,
        102,
        464,
        390,
        81,
        377,
        314,
        362,
        33,
        285,
        422,
        308,
        311,
        347,
        291,
        335,
        58,
        385,
        241,
        87,
        414,
        345,
        195,
        426,
        248,
        83,
        497,
        172,
        381,
        43,
        138,
        447,
        288,
        186,
        307,
        316,
        145,
        96,
        184,
        167,
        70,
        149,
        494,
        107,
        392,
        65,
        68,
        467,
        286,
        438,
        487,
        66,
        144,
        474,
        42,
        77,
        456,
        463,
        303,
        450,
        387,
        383,
        337,
        123,
        213,
        166,
        407,
        129,
        12,
        281,
        444,
        371,
        194,
        402,
        6,
        360,
        206,
        257,
        273,
        489,
        398,
        453,
        460,
        171,
        388,
        421,
        183,
        173,
        486,
        30,
        55,
        420,
        278,
        499,
        346,
        409,
        406,
        325,
        143,
        209,
        361,
        365,
        445,
        120,
        231,
        31,
        20,
        469,
        405,
        279,
        135,
        152,
        25,
        9,
        26,
        112,
        237,
        151,
        164,
        246,
        53,
        244,
        113,
        234,
        93,
        348,
        472,
        126,
        117,
        176,
        202,
        428,
        408,
        328,
        260,
        95,
        88,
        109,
        239,
        340,
        341,
        282,
        168,
        434,
        154,
        292,
        61,
        131,
        196,
        27,
        417,
        163,
        378,
        10,
        301,
        207,
        28,
        400,
        69,
        121,
        268,
        297,
        19,
        395,
        399,
        462,
        101,
        2,
        214,
        169,
        122,
        4,
        56,
        443,
        252,
        468,
        363,
        240,
        46,
        410,
        179,
        352,
        98,
        124,
        306,
        40,
        375,
        461,
        225,
        304,
        59,
        182,
        384,
        457,
        485,
        128,
        119,
        364,
        369,
        201,
        21,
        418,
        482,
        34,
        466,
        320,
        236,
        105,
        114,
        216,
        334,
        376,
        191,
        493,
        71,
        155,
        215,
        296,
        146,
        465,
        7,
        132,
        498,
        373,
        312,
        386,
        193,
        339,
        458,
        478,
        134,
        116,
        429,
        247,
        39,
        262,
        254,
        73,
        220,
        440,
        372,
        140,
        442,
        253,
        221,
        488,
        249,
        57,
        492,
        357,
        287,
        251,
        218,
        82,
        76,
        67,
        289,
        480,
        156,
        401,
        84,
        3,
        178,
        75,
        11,
        162,
        115,
        259,
        141,
        226,
        78,
        230,
        284,
        64,
        411,
        342,
        110,
        353,
        49,
        153,
        89,
        41,
        356,
        424,
        80,
        473,
        185,
        263,
        430,
        23,
        394,
        22,
        266,
        45,
        315,
        439,
        99,
        321,
        29,
        261,
        412,
        211,
        181,
        13,
        161
    ],
    "Global Optimum": 0,
    "Algorithm": "Genetic algorithm",
    "Parameters": {
        "population": 30,
        "offspring": 30,
        "mutation probability": 0.002,
        "crossover probability": 0.9
    },
    "Fitness": 621943,
    "Solution": [
        38,
        47,
        416,
        310,
        54,
        280,
        16,
        451,
        366,
        35,
        459,
        5,
        175,
        393,
        495,
        425,
        359,
        326,
        419,
        97,
        343,
        483,
        329,
        294,
        258,
        441,
        449,
        295,
        111,
        48,
        367,
        491,
        452,
        300,
        165,
        92,
        229,
        108,
        318,
        323,
        197,
        305,
        177,
        32,
        277,
        427,
        233,
        160,
        219,
        349,
        157,
        174,
        224,
        344,
        313,
        118,
        51,
        396,
        391,
        232,
        15,
        158,
        192,
        271,
        319,
        187,
        298,
        455,
        223,
        204,
        309,
        380,
        14,
        379,
        37,
        290,
        100,
        130,
        415,
        274,
        36,
        333,
        354,
        222,
        370,
        18,
        276,
        133,
        86,
        180,
        242,
        91,
        264,
        403,
        198,
        256,
        62,
        208,
        24,
        50,
        265,
        104,
        52,
        217,
        139,
        136,
        94,
        190,
        79,
        413,
        490,
        432,
        404,
        270,
        435,
        475,
        446,
        250,
        267,
        433,
        484,
        477,
        368,
        200,
        397,
        272,
        159,
        358,
        147,
        496,
        436,
        44,
        90,
        431,
        299,
        243,
        189,
        8,
        227,
        74,
        63,
        255,
        170,
        199,
        331,
        350,
        212,
        327,
        85,
        17,
        448,
        322,
        302,
        238,
        283,
        60,
        471,
        228,
        355,
        481,
        103,
        203,
        382,
        125,
        338,
        317,
        106,
        332,
        336,
        293,
        479,
        127,
        437,
        148,
        150,
        423,
        137,
        476,
        269,
        1,
        374,
        330,
        389,
        205,
        188,
        324,
        245,
        454,
        72,
        0,
        142,
        235,
        351,
        210,
        470,
        275,
        102,
        464,
        390,
        81,
        377,
        314,
        362,
        33,
        285,
        422,
        308,
        311,
        347,
        291,
        335,
        58,
        385,
        241,
        87,
        414,
        345,
        195,
        426,
        248,
        83,
        497,
        172,
        381,
        43,
        138,
        447,
        288,
        186,
        307,
        316,
        145,
        96,
        184,
        167,
        70,
        149,
        494,
        107,
        392,
        65,
        68,
        467,
        286,
        438,
        487,
        66,
        144,
        474,
        42,
        77,
        456,
        463,
        303,
        450,
        387,
        383,
        337,
        123,
        213,
        166,
        407,
        129,
        12,
        281,
        444,
        371,
        194,
        402,
        6,
        360,
        206,
        257,
        273,
        489,
        398,
        453,
        460,
        171,
        388,
        421,
        183,
        173,
        486,
        30,
        55,
        420,
        278,
        499,
        346,
        409,
        406,
        325,
        143,
        209,
        361,
        365,
        445,
        120,
        231,
        31,
        20,
        469,
        405,
        279,
        135,
        152,
        25,
        9,
        26,
        112,
        237,
        151,
        164,
        246,
        53,
        244,
        113,
        234,
        93,
        348,
        472,
        126,
        117,
        176,
        202,
        428,
        408,
        328,
        260,
        95,
        88,
        109,
        239,
        340,
        341,
        282,
        168,
        434,
        154,
        292,
        61,
        131,
        196,
        27,
        417,
        163,
        378,
        10,
        301,
        207,
        28,
        400,
        69,
        121,
        268,
        297,
        19,
        395,
        399,
        462,
        101,
        2,
        214,
        169,
        122,
        4,
        56,
        443,
        252,
        468,
        363,
        240,
        46,
        410,
        179,
        352,
        98,
        124,
        306,
        40,
        375,
        461,
        225,
        304,
        59,
        182,
        384,
        457,
        485,
        128,
        119,
        364,
        369,
        201,
        21,
        418,
        482,
        34,
        466,
        320,
        236,
        105,
        114,
        216,
        334,
        376,
        191,
        493,
        71,
        155,
        215,
        296,
        146,
        465,
        7,
        132,
        498,
        373,
        312,
        386,
        193,
        339,
        458,
        478,
        134,
        116,
        429,
        247,
        39,
        262,
        254,
        73,
        220,
        440,
        372,
        140,
        442,
        253,
        221,
        488,
        249,
        57,
        492,
        357,
        287,
        251,
        218,
        82,
        76,
        67,
        289,
        480,
        156,
        401,
        84,
        3,
        178,
        75,
        11,
        162,
        115,
        259,
        141,
        226,
        78,
        230,
        284,
        64,
        411,
        342,
        110,
        353,
        49,
        153,
        89,
        41,
        356,
        424,
        80,
        473,
        185,
        263,
        430,
        23,
        394,
        22,
        266,
        45,
        315,
        439,
        99,
        321,
        29,
        261,
        412,
        211,
        181,
        13,
        161
    ],
    "Nb of functions evaluations": 200010,
    "Computational time in seconds": 1019.5508437156677,
    "Stopping criterion in evaluations": 200000
}