11° run output:
{
    "Function": "ClusterB500.tsp",
    "Problem dimension": [
        327,
        387,
        379,
        101,
        314,
        79,
        134,
        60,
        359,
        370,
        399,
        372,
        322,
        183,
        112,
        498,
        402,
        169,
        373,
        338,
        342,
        361,
        437,
        7,
        315,
        49,
        457,
        420,
        213,
        433,
        166,
        415,
        174,
        477,
        285,
        14,
        491,
        210,
        173,
        472,
        388,
        312,
        105,
        135,
        103,
        325,
        440,
        289,
        77,
        288,
        237,
        16,
        320,
        170,
        2,
        448,
        80,
        281,
        204,
        56,
        273,
        230,
        126,
        73,
        363,
        278,
        76,
        131,
        9,
        492,
        162,
        154,
        219,
        232,
        292,
        438,
        106,
        381,
        296,
        425,
        85,
        360,
        104,
        482,
        20,
        311,
        298,
        57,
        58,
        271,
        152,
        488,
        244,
        290,
        37,
        69,
        90,
        17,
        147,
        78,
        467,
        142,
        445,
        240,
        1,
        430,
        418,
        226,
        34,
        473,
        197,
        470,
        330,
        42,
        30,
        422,
        362,
        463,
        432,
        243,
        375,
        496,
        130,
        215,
        382,
        181,
        153,
        344,
        283,
        50,
        266,
        469,
        376,
        248,
        443,
        263,
        48,
        403,
        258,
        182,
        222,
        385,
        398,
        396,
        203,
        389,
        412,
        450,
        209,
        140,
        179,
        223,
        242,
        139,
        309,
        295,
        54,
        326,
        316,
        47,
        286,
        444,
        356,
        481,
        453,
        92,
        280,
        411,
        124,
        196,
        458,
        253,
        109,
        426,
        171,
        172,
        108,
        468,
        190,
        119,
        332,
        337,
        207,
        413,
        55,
        319,
        236,
        345,
        158,
        400,
        156,
        83,
        35,
        239,
        460,
        245,
        323,
        120,
        495,
        94,
        225,
        224,
        113,
        138,
        471,
        434,
        442,
        74,
        272,
        397,
        475,
        414,
        479,
        91,
        305,
        358,
        487,
        247,
        186,
        228,
        308,
        270,
        146,
        6,
        391,
        474,
        275,
        406,
        476,
        436,
        252,
        84,
        96,
        466,
        352,
        133,
        100,
        115,
        123,
        324,
        65,
        93,
        306,
        32,
        189,
        341,
        264,
        238,
        354,
        161,
        19,
        66,
        220,
        486,
        231,
        494,
        24,
        36,
        321,
        110,
        187,
        366,
        127,
        459,
        274,
        208,
        384,
        262,
        429,
        28,
        318,
        86,
        192,
        371,
        180,
        137,
        409,
        417,
        310,
        8,
        229,
        218,
        441,
        294,
        282,
        195,
        116,
        67,
        378,
        255,
        276,
        483,
        355,
        88,
        302,
        64,
        431,
        424,
        439,
        89,
        148,
        188,
        217,
        214,
        71,
        374,
        95,
        251,
        395,
        307,
        144,
        257,
        279,
        98,
        423,
        45,
        490,
        201,
        428,
        335,
        4,
        269,
        27,
        5,
        484,
        317,
        51,
        304,
        489,
        394,
        15,
        261,
        63,
        499,
        393,
        43,
        367,
        478,
        461,
        227,
        377,
        25,
        164,
        303,
        300,
        297,
        87,
        118,
        168,
        198,
        167,
        52,
        125,
        291,
        178,
        350,
        456,
        233,
        216,
        392,
        485,
        301,
        331,
        10,
        235,
        454,
        421,
        132,
        151,
        62,
        368,
        353,
        18,
        163,
        159,
        194,
        200,
        419,
        46,
        260,
        31,
        53,
        150,
        334,
        145,
        3,
        38,
        404,
        343,
        70,
        329,
        369,
        449,
        199,
        143,
        136,
        81,
        157,
        202,
        336,
        348,
        82,
        206,
        102,
        259,
        465,
        339,
        328,
        128,
        293,
        268,
        446,
        61,
        351,
        405,
        185,
        493,
        447,
        117,
        13,
        211,
        12,
        249,
        408,
        23,
        435,
        149,
        349,
        205,
        234,
        284,
        107,
        99,
        299,
        277,
        129,
        427,
        313,
        165,
        333,
        340,
        155,
        452,
        254,
        75,
        184,
        480,
        40,
        390,
        464,
        347,
        97,
        241,
        287,
        160,
        114,
        21,
        407,
        33,
        44,
        462,
        365,
        386,
        193,
        0,
        410,
        122,
        41,
        256,
        250,
        451,
        11,
        383,
        191,
        416,
        26,
        175,
        212,
        111,
        455,
        121,
        177,
        59,
        401,
        346,
        265,
        176,
        141,
        68,
        380,
        29,
        246,
        221,
        267,
        364,
        39,
        357,
        72,
        22,
        497
    ],
    "Global Optimum": 0,
    "Algorithm": "Genetic algorithm",
    "Parameters": {
        "population": 30,
        "offspring": 30,
        "mutation probability": 0.002,
        "crossover probability": 0.9
    },
    "Fitness": 613449,
    "Solution": [
        327,
        387,
        379,
        101,
        314,
        79,
        134,
        60,
        359,
        370,
        399,
        372,
        322,
        183,
        112,
        498,
        402,
        169,
        373,
        338,
        342,
        361,
        437,
        7,
        315,
        49,
        457,
        420,
        213,
        433,
        166,
        415,
        174,
        477,
        285,
        14,
        491,
        210,
        173,
        472,
        388,
        312,
        105,
        135,
        103,
        325,
        440,
        289,
        77,
        288,
        237,
        16,
        320,
        170,
        2,
        448,
        80,
        281,
        204,
        56,
        273,
        230,
        126,
        73,
        363,
        278,
        76,
        131,
        9,
        492,
        162,
        154,
        219,
        232,
        292,
        438,
        106,
        381,
        296,
        425,
        85,
        360,
        104,
        482,
        20,
        311,
        298,
        57,
        58,
        271,
        152,
        488,
        244,
        290,
        37,
        69,
        90,
        17,
        147,
        78,
        467,
        142,
        445,
        240,
        1,
        430,
        418,
        226,
        34,
        473,
        197,
        470,
        330,
        42,
        30,
        422,
        362,
        463,
        432,
        243,
        375,
        496,
        130,
        215,
        382,
        181,
        153,
        344,
        283,
        50,
        266,
        469,
        376,
        248,
        443,
        263,
        48,
        403,
        258,
        182,
        222,
        385,
        398,
        396,
        203,
        389,
        412,
        450,
        209,
        140,
        179,
        223,
        242,
        139,
        309,
        295,
        54,
        326,
        316,
        47,
        286,
        444,
        356,
        481,
        453,
        92,
        280,
        411,
        124,
        196,
        458,
        253,
        109,
        426,
        171,
        172,
        108,
        468,
        190,
        119,
        332,
        337,
        207,
        413,
        55,
        319,
        236,
        345,
        158,
        400,
        156,
        83,
        35,
        239,
        460,
        245,
        323,
        120,
        495,
        94,
        225,
        224,
        113,
        138,
        471,
        434,
        442,
        74,
        272,
        397,
        475,
        414,
        479,
        91,
        305,
        358,
        487,
        247,
        186,
        228,
        308,
        270,
        146,
        6,
        391,
        474,
        275,
        406,
        476,
        436,
        252,
        84,
        96,
        466,
        352,
        133,
        100,
        115,
        123,
        324,
        65,
        93,
        306,
        32,
        189,
        341,
        264,
        238,
        354,
        161,
        19,
        66,
        220,
        486,
        231,
        494,
        24,
        36,
        321,
        110,
        187,
        366,
        127,
        459,
        274,
        208,
        384,
        262,
        429,
        28,
        318,
        86,
        192,
        371,
        180,
        137,
        409,
        417,
        310,
        8,
        229,
        218,
        441,
        294,
        282,
        195,
        116,
        67,
        378,
        255,
        276,
        483,
        355,
        88,
        302,
        64,
        431,
        424,
        439,
        89,
        148,
        188,
        217,
        214,
        71,
        374,
        95,
        251,
        395,
        307,
        144,
        257,
        279,
        98,
        423,
        45,
        490,
        201,
        428,
        335,
        4,
        269,
        27,
        5,
        484,
        317,
        51,
        304,
        489,
        394,
        15,
        261,
        63,
        499,
        393,
        43,
        367,
        478,
        461,
        227,
        377,
        25,
        164,
        303,
        300,
        297,
        87,
        118,
        168,
        198,
        167,
        52,
        125,
        291,
        178,
        350,
        456,
        233,
        216,
        392,
        485,
        301,
        331,
        10,
        235,
        454,
        421,
        132,
        151,
        62,
        368,
        353,
        18,
        163,
        159,
        194,
        200,
        419,
        46,
        260,
        31,
        53,
        150,
        334,
        145,
        3,
        38,
        404,
        343,
        70,
        329,
        369,
        449,
        199,
        143,
        136,
        81,
        157,
        202,
        336,
        348,
        82,
        206,
        102,
        259,
        465,
        339,
        328,
        128,
        293,
        268,
        446,
        61,
        351,
        405,
        185,
        493,
        447,
        117,
        13,
        211,
        12,
        249,
        408,
        23,
        435,
        149,
        349,
        205,
        234,
        284,
        107,
        99,
        299,
        277,
        129,
        427,
        313,
        165,
        333,
        340,
        155,
        452,
        254,
        75,
        184,
        480,
        40,
        390,
        464,
        347,
        97,
        241,
        287,
        160,
        114,
        21,
        407,
        33,
        44,
        462,
        365,
        386,
        193,
        0,
        410,
        122,
        41,
        256,
        250,
        451,
        11,
        383,
        191,
        416,
        26,
        175,
        212,
        111,
        455,
        121,
        177,
        59,
        401,
        346,
        265,
        176,
        141,
        68,
        380,
        29,
        246,
        221,
        267,
        364,
        39,
        357,
        72,
        22,
        497
    ],
    "Nb of functions evaluations": 200010,
    "Computational time in seconds": 1078.4007081985474,
    "Stopping criterion in evaluations": 200000
}