16° run output:
{
    "Function": "kroB500.tsp",
    "Problem dimension": [
        120,
        124,
        146,
        395,
        481,
        96,
        31,
        372,
        12,
        118,
        311,
        104,
        215,
        348,
        227,
        353,
        21,
        142,
        150,
        203,
        436,
        393,
        401,
        154,
        404,
        248,
        232,
        369,
        486,
        229,
        276,
        261,
        6,
        71,
        388,
        386,
        279,
        365,
        117,
        467,
        113,
        344,
        151,
        373,
        258,
        254,
        487,
        458,
        123,
        476,
        116,
        259,
        402,
        90,
        174,
        27,
        310,
        278,
        148,
        78,
        468,
        328,
        445,
        377,
        333,
        417,
        225,
        141,
        472,
        135,
        415,
        84,
        66,
        68,
        305,
        157,
        52,
        418,
        289,
        111,
        47,
        477,
        367,
        358,
        200,
        260,
        240,
        441,
        370,
        485,
        424,
        191,
        40,
        17,
        294,
        368,
        133,
        356,
        32,
        155,
        301,
        213,
        22,
        185,
        400,
        498,
        76,
        95,
        204,
        324,
        462,
        340,
        290,
        205,
        134,
        62,
        322,
        24,
        339,
        14,
        222,
        463,
        326,
        475,
        33,
        449,
        299,
        239,
        342,
        273,
        8,
        466,
        26,
        382,
        359,
        492,
        44,
        394,
        245,
        420,
        350,
        236,
        304,
        82,
        410,
        210,
        162,
        209,
        169,
        97,
        180,
        465,
        129,
        396,
        432,
        447,
        29,
        389,
        489,
        89,
        312,
        28,
        277,
        198,
        361,
        156,
        160,
        145,
        390,
        137,
        459,
        211,
        337,
        235,
        195,
        153,
        338,
        179,
        280,
        378,
        374,
        473,
        9,
        253,
        438,
        175,
        457,
        293,
        357,
        384,
        490,
        275,
        439,
        428,
        302,
        194,
        296,
        219,
        230,
        362,
        72,
        25,
        347,
        19,
        314,
        173,
        11,
        351,
        423,
        434,
        399,
        184,
        163,
        65,
        271,
        255,
        238,
        306,
        144,
        363,
        323,
        387,
        479,
        127,
        283,
        354,
        435,
        37,
        103,
        291,
        181,
        284,
        460,
        165,
        448,
        343,
        63,
        81,
        455,
        316,
        73,
        392,
        190,
        426,
        407,
        250,
        327,
        197,
        452,
        182,
        202,
        172,
        164,
        13,
        443,
        385,
        108,
        177,
        60,
        425,
        147,
        497,
        234,
        217,
        421,
        266,
        471,
        67,
        444,
        286,
        206,
        77,
        430,
        114,
        199,
        237,
        43,
        53,
        469,
        105,
        212,
        87,
        243,
        140,
        201,
        119,
        35,
        23,
        345,
        412,
        383,
        257,
        138,
        233,
        376,
        268,
        409,
        398,
        218,
        491,
        131,
        478,
        495,
        244,
        303,
        178,
        446,
        292,
        453,
        92,
        128,
        64,
        380,
        15,
        46,
        413,
        85,
        69,
        427,
        414,
        88,
        41,
        274,
        265,
        106,
        166,
        7,
        422,
        416,
        252,
        241,
        269,
        214,
        494,
        56,
        483,
        130,
        433,
        75,
        352,
        223,
        493,
        109,
        5,
        207,
        58,
        309,
        329,
        224,
        10,
        2,
        3,
        488,
        168,
        287,
        336,
        272,
        42,
        115,
        61,
        408,
        49,
        366,
        102,
        176,
        375,
        161,
        461,
        54,
        143,
        315,
        86,
        297,
        57,
        246,
        397,
        450,
        216,
        332,
        50,
        256,
        121,
        419,
        51,
        451,
        220,
        319,
        308,
        480,
        192,
        341,
        125,
        496,
        98,
        0,
        335,
        300,
        288,
        405,
        440,
        188,
        38,
        431,
        83,
        1,
        371,
        264,
        270,
        321,
        149,
        112,
        196,
        281,
        334,
        45,
        70,
        74,
        126,
        189,
        110,
        152,
        349,
        403,
        454,
        470,
        307,
        16,
        313,
        4,
        320,
        379,
        429,
        442,
        107,
        295,
        330,
        208,
        79,
        48,
        381,
        139,
        228,
        136,
        18,
        484,
        482,
        94,
        99,
        100,
        183,
        30,
        285,
        34,
        132,
        226,
        231,
        474,
        59,
        247,
        391,
        187,
        159,
        91,
        186,
        170,
        251,
        406,
        249,
        411,
        262,
        456,
        93,
        318,
        346,
        122,
        221,
        20,
        437,
        242,
        158,
        364,
        499,
        263,
        101,
        317,
        167,
        171,
        282,
        80,
        55,
        360,
        267,
        36,
        355,
        298,
        193,
        39,
        325,
        331,
        464
    ],
    "Global Optimum": 0,
    "Algorithm": "Genetic algorithm",
    "Parameters": {
        "population": 30,
        "offspring": 30,
        "mutation probability": 0.002,
        "crossover probability": 0.9
    },
    "Fitness": 515407,
    "Solution": [
        120,
        124,
        146,
        395,
        481,
        96,
        31,
        372,
        12,
        118,
        311,
        104,
        215,
        348,
        227,
        353,
        21,
        142,
        150,
        203,
        436,
        393,
        401,
        154,
        404,
        248,
        232,
        369,
        486,
        229,
        276,
        261,
        6,
        71,
        388,
        386,
        279,
        365,
        117,
        467,
        113,
        344,
        151,
        373,
        258,
        254,
        487,
        458,
        123,
        476,
        116,
        259,
        402,
        90,
        174,
        27,
        310,
        278,
        148,
        78,
        468,
        328,
        445,
        377,
        333,
        417,
        225,
        141,
        472,
        135,
        415,
        84,
        66,
        68,
        305,
        157,
        52,
        418,
        289,
        111,
        47,
        477,
        367,
        358,
        200,
        260,
        240,
        441,
        370,
        485,
        424,
        191,
        40,
        17,
        294,
        368,
        133,
        356,
        32,
        155,
        301,
        213,
        22,
        185,
        400,
        498,
        76,
        95,
        204,
        324,
        462,
        340,
        290,
        205,
        134,
        62,
        322,
        24,
        339,
        14,
        222,
        463,
        326,
        475,
        33,
        449,
        299,
        239,
        342,
        273,
        8,
        466,
        26,
        382,
        359,
        492,
        44,
        394,
        245,
        420,
        350,
        236,
        304,
        82,
        410,
        210,
        162,
        209,
        169,
        97,
        180,
        465,
        129,
        396,
        432,
        447,
        29,
        389,
        489,
        89,
        312,
        28,
        277,
        198,
        361,
        156,
        160,
        145,
        390,
        137,
        459,
        211,
        337,
        235,
        195,
        153,
        338,
        179,
        280,
        378,
        374,
        473,
        9,
        253,
        438,
        175,
        457,
        293,
        357,
        384,
        490,
        275,
        439,
        428,
        302,
        194,
        296,
        219,
        230,
        362,
        72,
        25,
        347,
        19,
        314,
        173,
        11,
        351,
        423,
        434,
        399,
        184,
        163,
        65,
        271,
        255,
        238,
        306,
        144,
        363,
        323,
        387,
        479,
        127,
        283,
        354,
        435,
        37,
        103,
        291,
        181,
        284,
        460,
        165,
        448,
        343,
        63,
        81,
        455,
        316,
        73,
        392,
        190,
        426,
        407,
        250,
        327,
        197,
        452,
        182,
        202,
        172,
        164,
        13,
        443,
        385,
        108,
        177,
        60,
        425,
        147,
        497,
        234,
        217,
        421,
        266,
        471,
        67,
        444,
        286,
        206,
        77,
        430,
        114,
        199,
        237,
        43,
        53,
        469,
        105,
        212,
        87,
        243,
        140,
        201,
        119,
        35,
        23,
        345,
        412,
        383,
        257,
        138,
        233,
        376,
        268,
        409,
        398,
        218,
        491,
        131,
        478,
        495,
        244,
        303,
        178,
        446,
        292,
        453,
        92,
        128,
        64,
        380,
        15,
        46,
        413,
        85,
        69,
        427,
        414,
        88,
        41,
        274,
        265,
        106,
        166,
        7,
        422,
        416,
        252,
        241,
        269,
        214,
        494,
        56,
        483,
        130,
        433,
        75,
        352,
        223,
        493,
        109,
        5,
        207,
        58,
        309,
        329,
        224,
        10,
        2,
        3,
        488,
        168,
        287,
        336,
        272,
        42,
        115,
        61,
        408,
        49,
        366,
        102,
        176,
        375,
        161,
        461,
        54,
        143,
        315,
        86,
        297,
        57,
        246,
        397,
        450,
        216,
        332,
        50,
        256,
        121,
        419,
        51,
        451,
        220,
        319,
        308,
        480,
        192,
        341,
        125,
        496,
        98,
        0,
        335,
        300,
        288,
        405,
        440,
        188,
        38,
        431,
        83,
        1,
        371,
        264,
        270,
        321,
        149,
        112,
        196,
        281,
        334,
        45,
        70,
        74,
        126,
        189,
        110,
        152,
        349,
        403,
        454,
        470,
        307,
        16,
        313,
        4,
        320,
        379,
        429,
        442,
        107,
        295,
        330,
        208,
        79,
        48,
        381,
        139,
        228,
        136,
        18,
        484,
        482,
        94,
        99,
        100,
        183,
        30,
        285,
        34,
        132,
        226,
        231,
        474,
        59,
        247,
        391,
        187,
        159,
        91,
        186,
        170,
        251,
        406,
        249,
        411,
        262,
        456,
        93,
        318,
        346,
        122,
        221,
        20,
        437,
        242,
        158,
        364,
        499,
        263,
        101,
        317,
        167,
        171,
        282,
        80,
        55,
        360,
        267,
        36,
        355,
        298,
        193,
        39,
        325,
        331,
        464
    ],
    "Nb of functions evaluations": 400020,
    "Computational time in seconds": 1474.3313341140747,
    "Stopping criterion in evaluations": 400000
}