28° run output:
{
    "Function": "kroB500.tsp",
    "Problem dimension": [
        84,
        89,
        275,
        197,
        448,
        432,
        461,
        392,
        497,
        179,
        366,
        384,
        388,
        59,
        309,
        436,
        42,
        301,
        359,
        232,
        186,
        155,
        125,
        326,
        464,
        41,
        91,
        182,
        407,
        19,
        368,
        425,
        206,
        205,
        396,
        401,
        96,
        414,
        456,
        60,
        438,
        183,
        6,
        308,
        476,
        437,
        460,
        100,
        458,
        229,
        483,
        360,
        203,
        351,
        434,
        211,
        204,
        249,
        292,
        114,
        431,
        111,
        451,
        380,
        304,
        404,
        167,
        446,
        46,
        403,
        306,
        43,
        202,
        276,
        319,
        25,
        79,
        243,
        331,
        296,
        375,
        81,
        149,
        94,
        269,
        452,
        137,
        145,
        95,
        12,
        223,
        499,
        350,
        34,
        245,
        88,
        194,
        236,
        226,
        51,
        61,
        482,
        475,
        73,
        57,
        450,
        191,
        87,
        150,
        349,
        415,
        4,
        35,
        441,
        33,
        15,
        376,
        293,
        144,
        181,
        355,
        492,
        77,
        102,
        161,
        373,
        131,
        148,
        116,
        92,
        27,
        40,
        76,
        410,
        209,
        259,
        86,
        303,
        352,
        254,
        110,
        379,
        29,
        389,
        64,
        288,
        267,
        264,
        463,
        340,
        193,
        365,
        103,
        163,
        332,
        298,
        56,
        217,
        122,
        348,
        297,
        105,
        218,
        180,
        133,
        66,
        153,
        71,
        107,
        489,
        422,
        31,
        345,
        117,
        420,
        134,
        242,
        260,
        328,
        241,
        361,
        235,
        467,
        214,
        310,
        314,
        367,
        70,
        85,
        372,
        53,
        189,
        196,
        409,
        271,
        358,
        224,
        341,
        146,
        177,
        184,
        378,
        468,
        187,
        424,
        0,
        395,
        47,
        18,
        311,
        300,
        157,
        462,
        124,
        291,
        394,
        294,
        119,
        338,
        227,
        344,
        130,
        383,
        362,
        126,
        295,
        412,
        251,
        323,
        11,
        474,
        39,
        346,
        381,
        290,
        447,
        151,
        165,
        65,
        239,
        334,
        347,
        342,
        402,
        330,
        481,
        453,
        3,
        428,
        262,
        257,
        397,
        307,
        173,
        495,
        14,
        411,
        171,
        216,
        317,
        285,
        139,
        123,
        210,
        261,
        170,
        143,
        17,
        479,
        45,
        37,
        455,
        284,
        426,
        22,
        470,
        101,
        228,
        480,
        230,
        106,
        363,
        9,
        321,
        172,
        178,
        13,
        127,
        30,
        207,
        370,
        316,
        279,
        83,
        494,
        5,
        113,
        212,
        234,
        199,
        120,
        50,
        272,
        164,
        440,
        486,
        23,
        152,
        8,
        135,
        121,
        115,
        54,
        238,
        129,
        1,
        454,
        263,
        478,
        222,
        90,
        442,
        250,
        393,
        488,
        357,
        208,
        369,
        26,
        213,
        185,
        435,
        496,
        318,
        237,
        136,
        477,
        68,
        67,
        142,
        353,
        190,
        354,
        169,
        28,
        449,
        20,
        80,
        265,
        382,
        240,
        457,
        277,
        55,
        52,
        459,
        386,
        302,
        49,
        443,
        399,
        160,
        93,
        466,
        313,
        427,
        487,
        38,
        327,
        416,
        333,
        62,
        248,
        2,
        128,
        156,
        24,
        364,
        258,
        322,
        32,
        109,
        280,
        471,
        201,
        417,
        225,
        439,
        10,
        244,
        72,
        273,
        270,
        484,
        418,
        99,
        374,
        325,
        69,
        491,
        278,
        405,
        247,
        174,
        283,
        198,
        255,
        320,
        74,
        221,
        430,
        289,
        16,
        445,
        188,
        158,
        108,
        147,
        371,
        219,
        408,
        324,
        337,
        98,
        97,
        252,
        140,
        78,
        335,
        473,
        312,
        233,
        356,
        444,
        256,
        429,
        305,
        472,
        7,
        286,
        159,
        118,
        266,
        274,
        215,
        315,
        104,
        154,
        391,
        282,
        220,
        192,
        469,
        413,
        465,
        162,
        390,
        423,
        421,
        268,
        253,
        168,
        287,
        138,
        246,
        485,
        336,
        36,
        490,
        141,
        498,
        385,
        63,
        493,
        176,
        339,
        82,
        166,
        200,
        195,
        132,
        377,
        419,
        48,
        21,
        406,
        175,
        58,
        299,
        231,
        75,
        112,
        433,
        398,
        343,
        44,
        400,
        387,
        281,
        329
    ],
    "Global Optimum": 0,
    "Algorithm": "Genetic algorithm",
    "Parameters": {
        "population": 30,
        "offspring": 30,
        "mutation probability": 0.002,
        "crossover probability": 0.9
    },
    "Fitness": 538950,
    "Solution": [
        84,
        89,
        275,
        197,
        448,
        432,
        461,
        392,
        497,
        179,
        366,
        384,
        388,
        59,
        309,
        436,
        42,
        301,
        359,
        232,
        186,
        155,
        125,
        326,
        464,
        41,
        91,
        182,
        407,
        19,
        368,
        425,
        206,
        205,
        396,
        401,
        96,
        414,
        456,
        60,
        438,
        183,
        6,
        308,
        476,
        437,
        460,
        100,
        458,
        229,
        483,
        360,
        203,
        351,
        434,
        211,
        204,
        249,
        292,
        114,
        431,
        111,
        451,
        380,
        304,
        404,
        167,
        446,
        46,
        403,
        306,
        43,
        202,
        276,
        319,
        25,
        79,
        243,
        331,
        296,
        375,
        81,
        149,
        94,
        269,
        452,
        137,
        145,
        95,
        12,
        223,
        499,
        350,
        34,
        245,
        88,
        194,
        236,
        226,
        51,
        61,
        482,
        475,
        73,
        57,
        450,
        191,
        87,
        150,
        349,
        415,
        4,
        35,
        441,
        33,
        15,
        376,
        293,
        144,
        181,
        355,
        492,
        77,
        102,
        161,
        373,
        131,
        148,
        116,
        92,
        27,
        40,
        76,
        410,
        209,
        259,
        86,
        303,
        352,
        254,
        110,
        379,
        29,
        389,
        64,
        288,
        267,
        264,
        463,
        340,
        193,
        365,
        103,
        163,
        332,
        298,
        56,
        217,
        122,
        348,
        297,
        105,
        218,
        180,
        133,
        66,
        153,
        71,
        107,
        489,
        422,
        31,
        345,
        117,
        420,
        134,
        242,
        260,
        328,
        241,
        361,
        235,
        467,
        214,
        310,
        314,
        367,
        70,
        85,
        372,
        53,
        189,
        196,
        409,
        271,
        358,
        224,
        341,
        146,
        177,
        184,
        378,
        468,
        187,
        424,
        0,
        395,
        47,
        18,
        311,
        300,
        157,
        462,
        124,
        291,
        394,
        294,
        119,
        338,
        227,
        344,
        130,
        383,
        362,
        126,
        295,
        412,
        251,
        323,
        11,
        474,
        39,
        346,
        381,
        290,
        447,
        151,
        165,
        65,
        239,
        334,
        347,
        342,
        402,
        330,
        481,
        453,
        3,
        428,
        262,
        257,
        397,
        307,
        173,
        495,
        14,
        411,
        171,
        216,
        317,
        285,
        139,
        123,
        210,
        261,
        170,
        143,
        17,
        479,
        45,
        37,
        455,
        284,
        426,
        22,
        470,
        101,
        228,
        480,
        230,
        106,
        363,
        9,
        321,
        172,
        178,
        13,
        127,
        30,
        207,
        370,
        316,
        279,
        83,
        494,
        5,
        113,
        212,
        234,
        199,
        120,
        50,
        272,
        164,
        440,
        486,
        23,
        152,
        8,
        135,
        121,
        115,
        54,
        238,
        129,
        1,
        454,
        263,
        478,
        222,
        90,
        442,
        250,
        393,
        488,
        357,
        208,
        369,
        26,
        213,
        185,
        435,
        496,
        318,
        237,
        136,
        477,
        68,
        67,
        142,
        353,
        190,
        354,
        169,
        28,
        449,
        20,
        80,
        265,
        382,
        240,
        457,
        277,
        55,
        52,
        459,
        386,
        302,
        49,
        443,
        399,
        160,
        93,
        466,
        313,
        427,
        487,
        38,
        327,
        416,
        333,
        62,
        248,
        2,
        128,
        156,
        24,
        364,
        258,
        322,
        32,
        109,
        280,
        471,
        201,
        417,
        225,
        439,
        10,
        244,
        72,
        273,
        270,
        484,
        418,
        99,
        374,
        325,
        69,
        491,
        278,
        405,
        247,
        174,
        283,
        198,
        255,
        320,
        74,
        221,
        430,
        289,
        16,
        445,
        188,
        158,
        108,
        147,
        371,
        219,
        408,
        324,
        337,
        98,
        97,
        252,
        140,
        78,
        335,
        473,
        312,
        233,
        356,
        444,
        256,
        429,
        305,
        472,
        7,
        286,
        159,
        118,
        266,
        274,
        215,
        315,
        104,
        154,
        391,
        282,
        220,
        192,
        469,
        413,
        465,
        162,
        390,
        423,
        421,
        268,
        253,
        168,
        287,
        138,
        246,
        485,
        336,
        36,
        490,
        141,
        498,
        385,
        63,
        493,
        176,
        339,
        82,
        166,
        200,
        195,
        132,
        377,
        419,
        48,
        21,
        406,
        175,
        58,
        299,
        231,
        75,
        112,
        433,
        398,
        343,
        44,
        400,
        387,
        281,
        329
    ],
    "Nb of functions evaluations": 400020,
    "Computational time in seconds": 1514.5774276256561,
    "Stopping criterion in evaluations": 400000
}