17° run output:
{
    "Function": "kroB500.tsp",
    "Problem dimension": [
        459,
        197,
        112,
        460,
        268,
        305,
        419,
        279,
        301,
        270,
        267,
        16,
        32,
        120,
        420,
        205,
        43,
        338,
        41,
        81,
        286,
        349,
        474,
        10,
        424,
        317,
        95,
        311,
        215,
        212,
        399,
        450,
        238,
        289,
        259,
        334,
        48,
        127,
        314,
        247,
        308,
        368,
        499,
        174,
        481,
        34,
        103,
        461,
        385,
        125,
        331,
        222,
        320,
        391,
        369,
        386,
        469,
        53,
        389,
        64,
        204,
        381,
        84,
        445,
        277,
        397,
        208,
        427,
        374,
        433,
        319,
        9,
        33,
        144,
        56,
        177,
        57,
        355,
        185,
        280,
        49,
        430,
        86,
        390,
        290,
        137,
        218,
        496,
        303,
        188,
        11,
        36,
        97,
        312,
        344,
        234,
        15,
        143,
        441,
        161,
        92,
        78,
        216,
        401,
        294,
        90,
        282,
        124,
        436,
        132,
        24,
        4,
        240,
        403,
        255,
        379,
        471,
        366,
        297,
        418,
        417,
        207,
        455,
        458,
        493,
        201,
        375,
        465,
        227,
        456,
        367,
        173,
        487,
        249,
        489,
        242,
        139,
        115,
        149,
        55,
        278,
        38,
        429,
        166,
        135,
        269,
        123,
        160,
        85,
        476,
        98,
        87,
        392,
        88,
        440,
        179,
        71,
        345,
        382,
        306,
        180,
        209,
        21,
        22,
        51,
        324,
        148,
        416,
        394,
        158,
        356,
        296,
        65,
        467,
        5,
        28,
        438,
        300,
        108,
        154,
        77,
        315,
        176,
        190,
        321,
        405,
        223,
        342,
        325,
        364,
        133,
        462,
        454,
        313,
        217,
        128,
        152,
        23,
        67,
        281,
        29,
        74,
        46,
        187,
        340,
        488,
        365,
        330,
        162,
        302,
        274,
        72,
        52,
        147,
        146,
        213,
        495,
        142,
        104,
        463,
        275,
        156,
        196,
        0,
        348,
        316,
        168,
        241,
        220,
        151,
        287,
        372,
        96,
        229,
        253,
        444,
        260,
        237,
        118,
        116,
        60,
        198,
        164,
        359,
        285,
        1,
        457,
        62,
        492,
        443,
        44,
        432,
        410,
        423,
        485,
        251,
        26,
        170,
        102,
        339,
        393,
        182,
        119,
        155,
        322,
        494,
        111,
        214,
        228,
        159,
        129,
        276,
        199,
        47,
        470,
        192,
        258,
        35,
        203,
        239,
        39,
        376,
        8,
        171,
        411,
        360,
        45,
        145,
        7,
        230,
        477,
        272,
        181,
        243,
        42,
        408,
        54,
        122,
        99,
        172,
        19,
        415,
        354,
        413,
        442,
        110,
        114,
        73,
        446,
        252,
        371,
        195,
        451,
        109,
        40,
        299,
        347,
        2,
        59,
        263,
        37,
        341,
        248,
        219,
        292,
        383,
        183,
        387,
        283,
        130,
        437,
        426,
        362,
        93,
        233,
        307,
        388,
        295,
        377,
        202,
        262,
        261,
        138,
        175,
        184,
        13,
        236,
        264,
        304,
        17,
        254,
        484,
        273,
        210,
        193,
        428,
        449,
        20,
        80,
        425,
        288,
        117,
        105,
        291,
        439,
        58,
        14,
        483,
        83,
        431,
        370,
        265,
        333,
        101,
        373,
        284,
        400,
        70,
        357,
        327,
        497,
        89,
        414,
        422,
        106,
        361,
        178,
        309,
        271,
        61,
        66,
        25,
        448,
        335,
        245,
        478,
        134,
        468,
        153,
        490,
        473,
        224,
        409,
        68,
        329,
        211,
        480,
        3,
        18,
        150,
        396,
        435,
        169,
        310,
        231,
        479,
        395,
        206,
        293,
        466,
        486,
        225,
        113,
        235,
        163,
        100,
        27,
        434,
        452,
        491,
        453,
        136,
        380,
        464,
        406,
        141,
        346,
        384,
        323,
        6,
        79,
        482,
        226,
        30,
        351,
        336,
        246,
        126,
        353,
        140,
        328,
        358,
        337,
        31,
        407,
        94,
        318,
        298,
        472,
        412,
        352,
        402,
        398,
        256,
        165,
        157,
        131,
        107,
        350,
        332,
        63,
        257,
        447,
        498,
        69,
        221,
        232,
        82,
        189,
        475,
        91,
        266,
        194,
        167,
        326,
        244,
        121,
        421,
        363,
        378,
        343,
        191,
        404,
        186,
        12,
        50,
        76,
        200,
        250,
        75
    ],
    "Global Optimum": 0,
    "Algorithm": "Genetic algorithm",
    "Parameters": {
        "population": 30,
        "offspring": 30,
        "mutation probability": 0.002,
        "crossover probability": 0.9
    },
    "Fitness": 521594,
    "Solution": [
        459,
        197,
        112,
        460,
        268,
        305,
        419,
        279,
        301,
        270,
        267,
        16,
        32,
        120,
        420,
        205,
        43,
        338,
        41,
        81,
        286,
        349,
        474,
        10,
        424,
        317,
        95,
        311,
        215,
        212,
        399,
        450,
        238,
        289,
        259,
        334,
        48,
        127,
        314,
        247,
        308,
        368,
        499,
        174,
        481,
        34,
        103,
        461,
        385,
        125,
        331,
        222,
        320,
        391,
        369,
        386,
        469,
        53,
        389,
        64,
        204,
        381,
        84,
        445,
        277,
        397,
        208,
        427,
        374,
        433,
        319,
        9,
        33,
        144,
        56,
        177,
        57,
        355,
        185,
        280,
        49,
        430,
        86,
        390,
        290,
        137,
        218,
        496,
        303,
        188,
        11,
        36,
        97,
        312,
        344,
        234,
        15,
        143,
        441,
        161,
        92,
        78,
        216,
        401,
        294,
        90,
        282,
        124,
        436,
        132,
        24,
        4,
        240,
        403,
        255,
        379,
        471,
        366,
        297,
        418,
        417,
        207,
        455,
        458,
        493,
        201,
        375,
        465,
        227,
        456,
        367,
        173,
        487,
        249,
        489,
        242,
        139,
        115,
        149,
        55,
        278,
        38,
        429,
        166,
        135,
        269,
        123,
        160,
        85,
        476,
        98,
        87,
        392,
        88,
        440,
        179,
        71,
        345,
        382,
        306,
        180,
        209,
        21,
        22,
        51,
        324,
        148,
        416,
        394,
        158,
        356,
        296,
        65,
        467,
        5,
        28,
        438,
        300,
        108,
        154,
        77,
        315,
        176,
        190,
        321,
        405,
        223,
        342,
        325,
        364,
        133,
        462,
        454,
        313,
        217,
        128,
        152,
        23,
        67,
        281,
        29,
        74,
        46,
        187,
        340,
        488,
        365,
        330,
        162,
        302,
        274,
        72,
        52,
        147,
        146,
        213,
        495,
        142,
        104,
        463,
        275,
        156,
        196,
        0,
        348,
        316,
        168,
        241,
        220,
        151,
        287,
        372,
        96,
        229,
        253,
        444,
        260,
        237,
        118,
        116,
        60,
        198,
        164,
        359,
        285,
        1,
        457,
        62,
        492,
        443,
        44,
        432,
        410,
        423,
        485,
        251,
        26,
        170,
        102,
        339,
        393,
        182,
        119,
        155,
        322,
        494,
        111,
        214,
        228,
        159,
        129,
        276,
        199,
        47,
        470,
        192,
        258,
        35,
        203,
        239,
        39,
        376,
        8,
        171,
        411,
        360,
        45,
        145,
        7,
        230,
        477,
        272,
        181,
        243,
        42,
        408,
        54,
        122,
        99,
        172,
        19,
        415,
        354,
        413,
        442,
        110,
        114,
        73,
        446,
        252,
        371,
        195,
        451,
        109,
        40,
        299,
        347,
        2,
        59,
        263,
        37,
        341,
        248,
        219,
        292,
        383,
        183,
        387,
        283,
        130,
        437,
        426,
        362,
        93,
        233,
        307,
        388,
        295,
        377,
        202,
        262,
        261,
        138,
        175,
        184,
        13,
        236,
        264,
        304,
        17,
        254,
        484,
        273,
        210,
        193,
        428,
        449,
        20,
        80,
        425,
        288,
        117,
        105,
        291,
        439,
        58,
        14,
        483,
        83,
        431,
        370,
        265,
        333,
        101,
        373,
        284,
        400,
        70,
        357,
        327,
        497,
        89,
        414,
        422,
        106,
        361,
        178,
        309,
        271,
        61,
        66,
        25,
        448,
        335,
        245,
        478,
        134,
        468,
        153,
        490,
        473,
        224,
        409,
        68,
        329,
        211,
        480,
        3,
        18,
        150,
        396,
        435,
        169,
        310,
        231,
        479,
        395,
        206,
        293,
        466,
        486,
        225,
        113,
        235,
        163,
        100,
        27,
        434,
        452,
        491,
        453,
        136,
        380,
        464,
        406,
        141,
        346,
        384,
        323,
        6,
        79,
        482,
        226,
        30,
        351,
        336,
        246,
        126,
        353,
        140,
        328,
        358,
        337,
        31,
        407,
        94,
        318,
        298,
        472,
        412,
        352,
        402,
        398,
        256,
        165,
        157,
        131,
        107,
        350,
        332,
        63,
        257,
        447,
        498,
        69,
        221,
        232,
        82,
        189,
        475,
        91,
        266,
        194,
        167,
        326,
        244,
        121,
        421,
        363,
        378,
        343,
        191,
        404,
        186,
        12,
        50,
        76,
        200,
        250,
        75
    ],
    "Nb of functions evaluations": 400020,
    "Computational time in seconds": 1470.3327276706696,
    "Stopping criterion in evaluations": 400000
}