10° run output:
{
    "Function": "kroB500.tsp",
    "Problem dimension": [
        413,
        479,
        324,
        327,
        169,
        476,
        4,
        418,
        246,
        473,
        139,
        31,
        346,
        183,
        220,
        102,
        204,
        355,
        82,
        426,
        83,
        21,
        100,
        212,
        59,
        279,
        416,
        133,
        401,
        3,
        440,
        438,
        323,
        396,
        478,
        230,
        428,
        292,
        262,
        198,
        243,
        377,
        22,
        158,
        119,
        332,
        335,
        98,
        378,
        96,
        226,
        485,
        118,
        81,
        454,
        72,
        314,
        259,
        117,
        392,
        164,
        397,
        273,
        364,
        9,
        151,
        187,
        116,
        240,
        89,
        283,
        135,
        196,
        224,
        179,
        58,
        333,
        80,
        368,
        321,
        36,
        208,
        489,
        380,
        202,
        201,
        353,
        407,
        475,
        182,
        163,
        270,
        129,
        138,
        457,
        487,
        77,
        154,
        105,
        471,
        143,
        228,
        214,
        192,
        282,
        85,
        415,
        10,
        326,
        150,
        331,
        44,
        152,
        53,
        348,
        281,
        449,
        393,
        360,
        451,
        213,
        481,
        406,
        41,
        186,
        232,
        493,
        250,
        238,
        60,
        494,
        222,
        404,
        136,
        176,
        33,
        395,
        385,
        260,
        284,
        248,
        497,
        315,
        371,
        177,
        352,
        302,
        461,
        114,
        24,
        48,
        254,
        469,
        317,
        343,
        463,
        236,
        29,
        67,
        365,
        190,
        349,
        266,
        104,
        103,
        341,
        242,
        15,
        147,
        443,
        237,
        32,
        412,
        245,
        267,
        75,
        350,
        470,
        93,
        423,
        225,
        86,
        288,
        111,
        13,
        338,
        298,
        453,
        337,
        217,
        252,
        223,
        66,
        465,
        92,
        491,
        422,
        45,
        466,
        495,
        359,
        126,
        55,
        189,
        71,
        369,
        132,
        411,
        215,
        1,
        199,
        285,
        477,
        206,
        296,
        5,
        492,
        209,
        87,
        35,
        356,
        264,
        311,
        307,
        165,
        336,
        434,
        7,
        310,
        156,
        185,
        263,
        125,
        291,
        299,
        157,
        363,
        2,
        184,
        134,
        54,
        480,
        170,
        374,
        340,
        287,
        464,
        257,
        207,
        241,
        293,
        427,
        486,
        342,
        70,
        221,
        482,
        424,
        42,
        160,
        325,
        188,
        131,
        25,
        6,
        30,
        304,
        229,
        459,
        148,
        303,
        180,
        306,
        439,
        294,
        490,
        162,
        290,
        17,
        219,
        20,
        200,
        197,
        52,
        130,
        345,
        84,
        0,
        64,
        373,
        389,
        26,
        205,
        387,
        448,
        409,
        88,
        28,
        376,
        68,
        402,
        249,
        379,
        51,
        467,
        8,
        90,
        444,
        344,
        446,
        414,
        269,
        334,
        141,
        472,
        211,
        351,
        309,
        251,
        452,
        178,
        227,
        49,
        436,
        76,
        50,
        120,
        458,
        474,
        11,
        462,
        271,
        121,
        400,
        433,
        168,
        499,
        239,
        419,
        122,
        106,
        405,
        255,
        425,
        388,
        124,
        12,
        203,
        301,
        372,
        339,
        498,
        316,
        107,
        193,
        78,
        320,
        484,
        144,
        74,
        27,
        277,
        256,
        394,
        295,
        167,
        73,
        319,
        137,
        445,
        38,
        99,
        145,
        115,
        18,
        261,
        175,
        195,
        399,
        172,
        91,
        403,
        153,
        381,
        19,
        258,
        328,
        366,
        62,
        43,
        146,
        244,
        39,
        456,
        391,
        61,
        253,
        358,
        174,
        128,
        496,
        318,
        268,
        173,
        109,
        16,
        420,
        14,
        330,
        276,
        488,
        362,
        140,
        460,
        297,
        370,
        47,
        216,
        289,
        274,
        56,
        280,
        386,
        181,
        286,
        231,
        94,
        357,
        408,
        313,
        354,
        450,
        63,
        265,
        159,
        410,
        79,
        161,
        101,
        113,
        435,
        421,
        171,
        329,
        23,
        312,
        65,
        483,
        127,
        455,
        46,
        390,
        305,
        431,
        367,
        235,
        155,
        194,
        34,
        398,
        247,
        429,
        37,
        210,
        123,
        149,
        112,
        233,
        437,
        384,
        308,
        347,
        69,
        191,
        95,
        441,
        40,
        234,
        382,
        110,
        442,
        375,
        166,
        218,
        322,
        417,
        142,
        57,
        383,
        278,
        300,
        361,
        468,
        447,
        432,
        108,
        430,
        272,
        275,
        97
    ],
    "Global Optimum": 0,
    "Algorithm": "Genetic algorithm",
    "Parameters": {
        "population": 30,
        "offspring": 30,
        "mutation probability": 0.002,
        "crossover probability": 0.9
    },
    "Fitness": 546311,
    "Solution": [
        413,
        479,
        324,
        327,
        169,
        476,
        4,
        418,
        246,
        473,
        139,
        31,
        346,
        183,
        220,
        102,
        204,
        355,
        82,
        426,
        83,
        21,
        100,
        212,
        59,
        279,
        416,
        133,
        401,
        3,
        440,
        438,
        323,
        396,
        478,
        230,
        428,
        292,
        262,
        198,
        243,
        377,
        22,
        158,
        119,
        332,
        335,
        98,
        378,
        96,
        226,
        485,
        118,
        81,
        454,
        72,
        314,
        259,
        117,
        392,
        164,
        397,
        273,
        364,
        9,
        151,
        187,
        116,
        240,
        89,
        283,
        135,
        196,
        224,
        179,
        58,
        333,
        80,
        368,
        321,
        36,
        208,
        489,
        380,
        202,
        201,
        353,
        407,
        475,
        182,
        163,
        270,
        129,
        138,
        457,
        487,
        77,
        154,
        105,
        471,
        143,
        228,
        214,
        192,
        282,
        85,
        415,
        10,
        326,
        150,
        331,
        44,
        152,
        53,
        348,
        281,
        449,
        393,
        360,
        451,
        213,
        481,
        406,
        41,
        186,
        232,
        493,
        250,
        238,
        60,
        494,
        222,
        404,
        136,
        176,
        33,
        395,
        385,
        260,
        284,
        248,
        497,
        315,
        371,
        177,
        352,
        302,
        461,
        114,
        24,
        48,
        254,
        469,
        317,
        343,
        463,
        236,
        29,
        67,
        365,
        190,
        349,
        266,
        104,
        103,
        341,
        242,
        15,
        147,
        443,
        237,
        32,
        412,
        245,
        267,
        75,
        350,
        470,
        93,
        423,
        225,
        86,
        288,
        111,
        13,
        338,
        298,
        453,
        337,
        217,
        252,
        223,
        66,
        465,
        92,
        491,
        422,
        45,
        466,
        495,
        359,
        126,
        55,
        189,
        71,
        369,
        132,
        411,
        215,
        1,
        199,
        285,
        477,
        206,
        296,
        5,
        492,
        209,
        87,
        35,
        356,
        264,
        311,
        307,
        165,
        336,
        434,
        7,
        310,
        156,
        185,
        263,
        125,
        291,
        299,
        157,
        363,
        2,
        184,
        134,
        54,
        480,
        170,
        374,
        340,
        287,
        464,
        257,
        207,
        241,
        293,
        427,
        486,
        342,
        70,
        221,
        482,
        424,
        42,
        160,
        325,
        188,
        131,
        25,
        6,
        30,
        304,
        229,
        459,
        148,
        303,
        180,
        306,
        439,
        294,
        490,
        162,
        290,
        17,
        219,
        20,
        200,
        197,
        52,
        130,
        345,
        84,
        0,
        64,
        373,
        389,
        26,
        205,
        387,
        448,
        409,
        88,
        28,
        376,
        68,
        402,
        249,
        379,
        51,
        467,
        8,
        90,
        444,
        344,
        446,
        414,
        269,
        334,
        141,
        472,
        211,
        351,
        309,
        251,
        452,
        178,
        227,
        49,
        436,
        76,
        50,
        120,
        458,
        474,
        11,
        462,
        271,
        121,
        400,
        433,
        168,
        499,
        239,
        419,
        122,
        106,
        405,
        255,
        425,
        388,
        124,
        12,
        203,
        301,
        372,
        339,
        498,
        316,
        107,
        193,
        78,
        320,
        484,
        144,
        74,
        27,
        277,
        256,
        394,
        295,
        167,
        73,
        319,
        137,
        445,
        38,
        99,
        145,
        115,
        18,
        261,
        175,
        195,
        399,
        172,
        91,
        403,
        153,
        381,
        19,
        258,
        328,
        366,
        62,
        43,
        146,
        244,
        39,
        456,
        391,
        61,
        253,
        358,
        174,
        128,
        496,
        318,
        268,
        173,
        109,
        16,
        420,
        14,
        330,
        276,
        488,
        362,
        140,
        460,
        297,
        370,
        47,
        216,
        289,
        274,
        56,
        280,
        386,
        181,
        286,
        231,
        94,
        357,
        408,
        313,
        354,
        450,
        63,
        265,
        159,
        410,
        79,
        161,
        101,
        113,
        435,
        421,
        171,
        329,
        23,
        312,
        65,
        483,
        127,
        455,
        46,
        390,
        305,
        431,
        367,
        235,
        155,
        194,
        34,
        398,
        247,
        429,
        37,
        210,
        123,
        149,
        112,
        233,
        437,
        384,
        308,
        347,
        69,
        191,
        95,
        441,
        40,
        234,
        382,
        110,
        442,
        375,
        166,
        218,
        322,
        417,
        142,
        57,
        383,
        278,
        300,
        361,
        468,
        447,
        432,
        108,
        430,
        272,
        275,
        97
    ],
    "Nb of functions evaluations": 400020,
    "Computational time in seconds": 1517.4213149547577,
    "Stopping criterion in evaluations": 400000
}