23° run output:
{
    "Function": "kroB500.tsp",
    "Problem dimension": [
        440,
        43,
        109,
        127,
        333,
        356,
        238,
        432,
        237,
        397,
        460,
        290,
        337,
        7,
        482,
        315,
        44,
        202,
        26,
        378,
        59,
        198,
        327,
        260,
        23,
        12,
        226,
        146,
        421,
        137,
        141,
        244,
        224,
        404,
        377,
        339,
        108,
        113,
        167,
        487,
        318,
        409,
        187,
        149,
        37,
        201,
        494,
        16,
        158,
        216,
        50,
        103,
        403,
        493,
        399,
        257,
        185,
        353,
        266,
        136,
        349,
        261,
        69,
        340,
        334,
        100,
        186,
        274,
        350,
        462,
        131,
        456,
        279,
        213,
        344,
        412,
        338,
        401,
        82,
        63,
        364,
        52,
        413,
        331,
        34,
        305,
        473,
        387,
        6,
        0,
        157,
        256,
        148,
        151,
        287,
        433,
        144,
        295,
        330,
        454,
        145,
        20,
        31,
        27,
        128,
        414,
        231,
        329,
        358,
        116,
        90,
        362,
        408,
        442,
        114,
        373,
        284,
        458,
        267,
        175,
        335,
        441,
        142,
        447,
        248,
        232,
        498,
        208,
        481,
        286,
        396,
        418,
        102,
        360,
        429,
        169,
        67,
        228,
        380,
        451,
        176,
        143,
        184,
        51,
        93,
        469,
        317,
        289,
        322,
        293,
        200,
        94,
        466,
        455,
        17,
        366,
        445,
        424,
        106,
        64,
        45,
        438,
        497,
        422,
        24,
        297,
        77,
        161,
        18,
        386,
        246,
        411,
        8,
        253,
        453,
        221,
        57,
        15,
        365,
        450,
        153,
        190,
        166,
        125,
        191,
        172,
        251,
        435,
        367,
        177,
        225,
        119,
        13,
        135,
        126,
        242,
        124,
        395,
        154,
        392,
        476,
        324,
        325,
        313,
        464,
        280,
        382,
        444,
        428,
        426,
        110,
        123,
        448,
        80,
        99,
        87,
        243,
        240,
        474,
        320,
        390,
        129,
        203,
        199,
        341,
        233,
        262,
        420,
        36,
        188,
        496,
        229,
        372,
        165,
        277,
        83,
        470,
        419,
        11,
        211,
        112,
        75,
        28,
        217,
        121,
        193,
        140,
        209,
        370,
        215,
        54,
        150,
        465,
        475,
        278,
        347,
        250,
        138,
        30,
        155,
        236,
        71,
        22,
        219,
        192,
        304,
        480,
        272,
        291,
        111,
        95,
        472,
        258,
        254,
        296,
        425,
        56,
        164,
        314,
        302,
        394,
        259,
        179,
        76,
        457,
        210,
        33,
        89,
        406,
        485,
        58,
        98,
        9,
        484,
        461,
        120,
        249,
        42,
        104,
        234,
        436,
        73,
        299,
        357,
        5,
        467,
        275,
        393,
        132,
        430,
        212,
        375,
        118,
        343,
        369,
        196,
        79,
        270,
        35,
        147,
        477,
        359,
        195,
        276,
        379,
        309,
        81,
        285,
        321,
        407,
        488,
        227,
        117,
        25,
        427,
        431,
        91,
        152,
        351,
        88,
        301,
        130,
        316,
        60,
        220,
        437,
        182,
        348,
        281,
        72,
        376,
        180,
        168,
        53,
        273,
        68,
        218,
        29,
        38,
        449,
        354,
        345,
        282,
        171,
        439,
        300,
        410,
        183,
        490,
        489,
        311,
        294,
        245,
        263,
        74,
        10,
        298,
        173,
        368,
        19,
        398,
        443,
        47,
        62,
        385,
        40,
        265,
        307,
        21,
        41,
        492,
        371,
        84,
        283,
        405,
        174,
        352,
        70,
        96,
        446,
        205,
        14,
        230,
        55,
        328,
        66,
        486,
        85,
        48,
        312,
        355,
        452,
        197,
        86,
        391,
        308,
        499,
        61,
        381,
        92,
        416,
        65,
        471,
        170,
        388,
        459,
        303,
        105,
        163,
        222,
        292,
        49,
        361,
        383,
        107,
        336,
        2,
        160,
        491,
        402,
        374,
        319,
        178,
        46,
        495,
        156,
        323,
        332,
        478,
        214,
        207,
        223,
        415,
        269,
        417,
        271,
        255,
        78,
        189,
        384,
        159,
        122,
        133,
        479,
        162,
        101,
        115,
        423,
        194,
        206,
        32,
        288,
        483,
        326,
        1,
        463,
        134,
        434,
        310,
        252,
        3,
        389,
        39,
        181,
        264,
        306,
        268,
        4,
        468,
        342,
        204,
        97,
        241,
        400,
        363,
        247,
        346,
        239,
        235,
        139
    ],
    "Global Optimum": 0,
    "Algorithm": "Genetic algorithm",
    "Parameters": {
        "population": 30,
        "offspring": 30,
        "mutation probability": 0.002,
        "crossover probability": 0.9
    },
    "Fitness": 527839,
    "Solution": [
        440,
        43,
        109,
        127,
        333,
        356,
        238,
        432,
        237,
        397,
        460,
        290,
        337,
        7,
        482,
        315,
        44,
        202,
        26,
        378,
        59,
        198,
        327,
        260,
        23,
        12,
        226,
        146,
        421,
        137,
        141,
        244,
        224,
        404,
        377,
        339,
        108,
        113,
        167,
        487,
        318,
        409,
        187,
        149,
        37,
        201,
        494,
        16,
        158,
        216,
        50,
        103,
        403,
        493,
        399,
        257,
        185,
        353,
        266,
        136,
        349,
        261,
        69,
        340,
        334,
        100,
        186,
        274,
        350,
        462,
        131,
        456,
        279,
        213,
        344,
        412,
        338,
        401,
        82,
        63,
        364,
        52,
        413,
        331,
        34,
        305,
        473,
        387,
        6,
        0,
        157,
        256,
        148,
        151,
        287,
        433,
        144,
        295,
        330,
        454,
        145,
        20,
        31,
        27,
        128,
        414,
        231,
        329,
        358,
        116,
        90,
        362,
        408,
        442,
        114,
        373,
        284,
        458,
        267,
        175,
        335,
        441,
        142,
        447,
        248,
        232,
        498,
        208,
        481,
        286,
        396,
        418,
        102,
        360,
        429,
        169,
        67,
        228,
        380,
        451,
        176,
        143,
        184,
        51,
        93,
        469,
        317,
        289,
        322,
        293,
        200,
        94,
        466,
        455,
        17,
        366,
        445,
        424,
        106,
        64,
        45,
        438,
        497,
        422,
        24,
        297,
        77,
        161,
        18,
        386,
        246,
        411,
        8,
        253,
        453,
        221,
        57,
        15,
        365,
        450,
        153,
        190,
        166,
        125,
        191,
        172,
        251,
        435,
        367,
        177,
        225,
        119,
        13,
        135,
        126,
        242,
        124,
        395,
        154,
        392,
        476,
        324,
        325,
        313,
        464,
        280,
        382,
        444,
        428,
        426,
        110,
        123,
        448,
        80,
        99,
        87,
        243,
        240,
        474,
        320,
        390,
        129,
        203,
        199,
        341,
        233,
        262,
        420,
        36,
        188,
        496,
        229,
        372,
        165,
        277,
        83,
        470,
        419,
        11,
        211,
        112,
        75,
        28,
        217,
        121,
        193,
        140,
        209,
        370,
        215,
        54,
        150,
        465,
        475,
        278,
        347,
        250,
        138,
        30,
        155,
        236,
        71,
        22,
        219,
        192,
        304,
        480,
        272,
        291,
        111,
        95,
        472,
        258,
        254,
        296,
        425,
        56,
        164,
        314,
        302,
        394,
        259,
        179,
        76,
        457,
        210,
        33,
        89,
        406,
        485,
        58,
        98,
        9,
        484,
        461,
        120,
        249,
        42,
        104,
        234,
        436,
        73,
        299,
        357,
        5,
        467,
        275,
        393,
        132,
        430,
        212,
        375,
        118,
        343,
        369,
        196,
        79,
        270,
        35,
        147,
        477,
        359,
        195,
        276,
        379,
        309,
        81,
        285,
        321,
        407,
        488,
        227,
        117,
        25,
        427,
        431,
        91,
        152,
        351,
        88,
        301,
        130,
        316,
        60,
        220,
        437,
        182,
        348,
        281,
        72,
        376,
        180,
        168,
        53,
        273,
        68,
        218,
        29,
        38,
        449,
        354,
        345,
        282,
        171,
        439,
        300,
        410,
        183,
        490,
        489,
        311,
        294,
        245,
        263,
        74,
        10,
        298,
        173,
        368,
        19,
        398,
        443,
        47,
        62,
        385,
        40,
        265,
        307,
        21,
        41,
        492,
        371,
        84,
        283,
        405,
        174,
        352,
        70,
        96,
        446,
        205,
        14,
        230,
        55,
        328,
        66,
        486,
        85,
        48,
        312,
        355,
        452,
        197,
        86,
        391,
        308,
        499,
        61,
        381,
        92,
        416,
        65,
        471,
        170,
        388,
        459,
        303,
        105,
        163,
        222,
        292,
        49,
        361,
        383,
        107,
        336,
        2,
        160,
        491,
        402,
        374,
        319,
        178,
        46,
        495,
        156,
        323,
        332,
        478,
        214,
        207,
        223,
        415,
        269,
        417,
        271,
        255,
        78,
        189,
        384,
        159,
        122,
        133,
        479,
        162,
        101,
        115,
        423,
        194,
        206,
        32,
        288,
        483,
        326,
        1,
        463,
        134,
        434,
        310,
        252,
        3,
        389,
        39,
        181,
        264,
        306,
        268,
        4,
        468,
        342,
        204,
        97,
        241,
        400,
        363,
        247,
        346,
        239,
        235,
        139
    ],
    "Nb of functions evaluations": 400020,
    "Computational time in seconds": 1513.3431754112244,
    "Stopping criterion in evaluations": 400000
}