19° run output:
{
    "Function": "kroB500.tsp",
    "Problem dimension": [
        75,
        27,
        84,
        177,
        397,
        210,
        126,
        373,
        297,
        332,
        118,
        91,
        366,
        387,
        2,
        230,
        417,
        287,
        184,
        117,
        104,
        286,
        314,
        474,
        325,
        484,
        328,
        162,
        355,
        283,
        393,
        236,
        129,
        296,
        109,
        450,
        13,
        43,
        1,
        395,
        360,
        108,
        444,
        249,
        6,
        280,
        241,
        331,
        289,
        350,
        330,
        340,
        61,
        253,
        264,
        35,
        133,
        454,
        217,
        409,
        151,
        440,
        268,
        368,
        255,
        369,
        300,
        438,
        195,
        443,
        16,
        380,
        385,
        228,
        113,
        439,
        495,
        29,
        244,
        196,
        193,
        312,
        187,
        170,
        349,
        316,
        390,
        498,
        479,
        57,
        490,
        185,
        237,
        17,
        494,
        231,
        157,
        123,
        320,
        392,
        139,
        306,
        405,
        78,
        64,
        493,
        22,
        222,
        95,
        396,
        40,
        317,
        215,
        492,
        257,
        420,
        134,
        140,
        18,
        44,
        333,
        464,
        466,
        251,
        168,
        303,
        116,
        334,
        99,
        427,
        219,
        384,
        144,
        400,
        141,
        419,
        128,
        34,
        174,
        122,
        381,
        389,
        73,
        87,
        487,
        169,
        361,
        250,
        93,
        153,
        112,
        460,
        226,
        146,
        302,
        425,
        322,
        431,
        242,
        103,
        233,
        321,
        383,
        63,
        186,
        348,
        271,
        305,
        74,
        189,
        72,
        363,
        310,
        421,
        46,
        478,
        338,
        293,
        415,
        448,
        154,
        202,
        377,
        463,
        430,
        125,
        21,
        276,
        5,
        171,
        164,
        124,
        285,
        477,
        3,
        83,
        468,
        246,
        4,
        449,
        58,
        166,
        279,
        79,
        407,
        455,
        220,
        110,
        9,
        137,
        100,
        367,
        336,
        434,
        165,
        379,
        71,
        461,
        362,
        452,
        342,
        447,
        469,
        80,
        309,
        132,
        173,
        198,
        90,
        326,
        301,
        49,
        401,
        163,
        294,
        102,
        436,
        208,
        207,
        221,
        424,
        357,
        239,
        37,
        372,
        50,
        86,
        147,
        199,
        62,
        265,
        42,
        176,
        295,
        158,
        408,
        69,
        179,
        398,
        308,
        483,
        213,
        476,
        256,
        475,
        245,
        456,
        41,
        404,
        225,
        235,
        214,
        0,
        97,
        391,
        304,
        212,
        20,
        259,
        240,
        290,
        371,
        36,
        68,
        499,
        462,
        94,
        318,
        33,
        152,
        172,
        356,
        480,
        114,
        364,
        472,
        435,
        167,
        24,
        106,
        190,
        23,
        248,
        453,
        120,
        12,
        351,
        352,
        60,
        382,
        470,
        155,
        127,
        14,
        54,
        441,
        341,
        343,
        45,
        457,
        437,
        115,
        337,
        135,
        200,
        209,
        8,
        339,
        274,
        229,
        284,
        365,
        121,
        85,
        131,
        324,
        55,
        311,
        161,
        232,
        25,
        227,
        224,
        192,
        76,
        119,
        266,
        403,
        273,
        432,
        258,
        433,
        175,
        459,
        178,
        323,
        388,
        19,
        345,
        347,
        48,
        67,
        204,
        410,
        261,
        216,
        247,
        267,
        30,
        211,
        299,
        269,
        38,
        313,
        66,
        159,
        223,
        194,
        375,
        386,
        183,
        445,
        39,
        282,
        394,
        105,
        32,
        28,
        272,
        182,
        275,
        292,
        203,
        496,
        52,
        148,
        346,
        262,
        59,
        263,
        335,
        92,
        188,
        399,
        315,
        201,
        471,
        142,
        243,
        138,
        307,
        278,
        327,
        491,
        354,
        156,
        411,
        270,
        81,
        15,
        191,
        136,
        488,
        413,
        11,
        422,
        180,
        485,
        70,
        376,
        451,
        288,
        51,
        486,
        281,
        10,
        298,
        358,
        446,
        65,
        181,
        482,
        465,
        497,
        205,
        206,
        370,
        88,
        111,
        254,
        418,
        130,
        416,
        374,
        145,
        406,
        252,
        56,
        149,
        277,
        89,
        31,
        467,
        359,
        489,
        458,
        107,
        319,
        238,
        143,
        473,
        329,
        197,
        429,
        26,
        96,
        291,
        77,
        82,
        412,
        402,
        423,
        428,
        234,
        47,
        101,
        160,
        442,
        414,
        150,
        344,
        53,
        353,
        426,
        98,
        218,
        378,
        7,
        481,
        260
    ],
    "Global Optimum": 0,
    "Algorithm": "Genetic algorithm",
    "Parameters": {
        "population": 30,
        "offspring": 30,
        "mutation probability": 0.002,
        "crossover probability": 0.9
    },
    "Fitness": 521579,
    "Solution": [
        75,
        27,
        84,
        177,
        397,
        210,
        126,
        373,
        297,
        332,
        118,
        91,
        366,
        387,
        2,
        230,
        417,
        287,
        184,
        117,
        104,
        286,
        314,
        474,
        325,
        484,
        328,
        162,
        355,
        283,
        393,
        236,
        129,
        296,
        109,
        450,
        13,
        43,
        1,
        395,
        360,
        108,
        444,
        249,
        6,
        280,
        241,
        331,
        289,
        350,
        330,
        340,
        61,
        253,
        264,
        35,
        133,
        454,
        217,
        409,
        151,
        440,
        268,
        368,
        255,
        369,
        300,
        438,
        195,
        443,
        16,
        380,
        385,
        228,
        113,
        439,
        495,
        29,
        244,
        196,
        193,
        312,
        187,
        170,
        349,
        316,
        390,
        498,
        479,
        57,
        490,
        185,
        237,
        17,
        494,
        231,
        157,
        123,
        320,
        392,
        139,
        306,
        405,
        78,
        64,
        493,
        22,
        222,
        95,
        396,
        40,
        317,
        215,
        492,
        257,
        420,
        134,
        140,
        18,
        44,
        333,
        464,
        466,
        251,
        168,
        303,
        116,
        334,
        99,
        427,
        219,
        384,
        144,
        400,
        141,
        419,
        128,
        34,
        174,
        122,
        381,
        389,
        73,
        87,
        487,
        169,
        361,
        250,
        93,
        153,
        112,
        460,
        226,
        146,
        302,
        425,
        322,
        431,
        242,
        103,
        233,
        321,
        383,
        63,
        186,
        348,
        271,
        305,
        74,
        189,
        72,
        363,
        310,
        421,
        46,
        478,
        338,
        293,
        415,
        448,
        154,
        202,
        377,
        463,
        430,
        125,
        21,
        276,
        5,
        171,
        164,
        124,
        285,
        477,
        3,
        83,
        468,
        246,
        4,
        449,
        58,
        166,
        279,
        79,
        407,
        455,
        220,
        110,
        9,
        137,
        100,
        367,
        336,
        434,
        165,
        379,
        71,
        461,
        362,
        452,
        342,
        447,
        469,
        80,
        309,
        132,
        173,
        198,
        90,
        326,
        301,
        49,
        401,
        163,
        294,
        102,
        436,
        208,
        207,
        221,
        424,
        357,
        239,
        37,
        372,
        50,
        86,
        147,
        199,
        62,
        265,
        42,
        176,
        295,
        158,
        408,
        69,
        179,
        398,
        308,
        483,
        213,
        476,
        256,
        475,
        245,
        456,
        41,
        404,
        225,
        235,
        214,
        0,
        97,
        391,
        304,
        212,
        20,
        259,
        240,
        290,
        371,
        36,
        68,
        499,
        462,
        94,
        318,
        33,
        152,
        172,
        356,
        480,
        114,
        364,
        472,
        435,
        167,
        24,
        106,
        190,
        23,
        248,
        453,
        120,
        12,
        351,
        352,
        60,
        382,
        470,
        155,
        127,
        14,
        54,
        441,
        341,
        343,
        45,
        457,
        437,
        115,
        337,
        135,
        200,
        209,
        8,
        339,
        274,
        229,
        284,
        365,
        121,
        85,
        131,
        324,
        55,
        311,
        161,
        232,
        25,
        227,
        224,
        192,
        76,
        119,
        266,
        403,
        273,
        432,
        258,
        433,
        175,
        459,
        178,
        323,
        388,
        19,
        345,
        347,
        48,
        67,
        204,
        410,
        261,
        216,
        247,
        267,
        30,
        211,
        299,
        269,
        38,
        313,
        66,
        159,
        223,
        194,
        375,
        386,
        183,
        445,
        39,
        282,
        394,
        105,
        32,
        28,
        272,
        182,
        275,
        292,
        203,
        496,
        52,
        148,
        346,
        262,
        59,
        263,
        335,
        92,
        188,
        399,
        315,
        201,
        471,
        142,
        243,
        138,
        307,
        278,
        327,
        491,
        354,
        156,
        411,
        270,
        81,
        15,
        191,
        136,
        488,
        413,
        11,
        422,
        180,
        485,
        70,
        376,
        451,
        288,
        51,
        486,
        281,
        10,
        298,
        358,
        446,
        65,
        181,
        482,
        465,
        497,
        205,
        206,
        370,
        88,
        111,
        254,
        418,
        130,
        416,
        374,
        145,
        406,
        252,
        56,
        149,
        277,
        89,
        31,
        467,
        359,
        489,
        458,
        107,
        319,
        238,
        143,
        473,
        329,
        197,
        429,
        26,
        96,
        291,
        77,
        82,
        412,
        402,
        423,
        428,
        234,
        47,
        101,
        160,
        442,
        414,
        150,
        344,
        53,
        353,
        426,
        98,
        218,
        378,
        7,
        481,
        260
    ],
    "Nb of functions evaluations": 400020,
    "Computational time in seconds": 1511.0753302574158,
    "Stopping criterion in evaluations": 400000
}