11° run output:
{
    "Function": "kroB500.tsp",
    "Problem dimension": [
        49,
        302,
        206,
        195,
        183,
        229,
        414,
        72,
        244,
        435,
        258,
        88,
        222,
        17,
        168,
        493,
        353,
        336,
        483,
        315,
        4,
        193,
        337,
        408,
        377,
        459,
        81,
        108,
        199,
        390,
        321,
        334,
        389,
        46,
        396,
        437,
        417,
        53,
        304,
        13,
        235,
        306,
        16,
        63,
        158,
        208,
        60,
        275,
        245,
        270,
        264,
        296,
        342,
        416,
        82,
        438,
        220,
        362,
        366,
        102,
        371,
        150,
        242,
        114,
        138,
        402,
        253,
        424,
        64,
        25,
        80,
        178,
        197,
        2,
        116,
        157,
        352,
        128,
        361,
        152,
        136,
        15,
        59,
        345,
        386,
        215,
        194,
        367,
        36,
        497,
        330,
        238,
        190,
        489,
        331,
        477,
        54,
        7,
        166,
        430,
        375,
        471,
        469,
        328,
        165,
        309,
        65,
        450,
        214,
        219,
        231,
        67,
        480,
        261,
        247,
        428,
        332,
        144,
        163,
        164,
        181,
        274,
        3,
        42,
        373,
        356,
        276,
        433,
        346,
        26,
        156,
        70,
        151,
        140,
        482,
        130,
        47,
        27,
        449,
        41,
        127,
        380,
        154,
        305,
        363,
        55,
        476,
        78,
        468,
        387,
        28,
        446,
        451,
        456,
        48,
        324,
        224,
        109,
        236,
        32,
        173,
        293,
        463,
        161,
        443,
        43,
        300,
        357,
        281,
        148,
        189,
        268,
        93,
        365,
        1,
        115,
        83,
        494,
        110,
        486,
        312,
        149,
        134,
        18,
        185,
        284,
        111,
        255,
        99,
        170,
        153,
        246,
        458,
        84,
        348,
        266,
        420,
        5,
        77,
        74,
        179,
        33,
        34,
        250,
        14,
        8,
        6,
        478,
        97,
        495,
        466,
        107,
        95,
        228,
        359,
        225,
        73,
        251,
        472,
        20,
        426,
        57,
        369,
        19,
        143,
        187,
        227,
        457,
        341,
        221,
        45,
        350,
        277,
        254,
        201,
        279,
        397,
        172,
        340,
        66,
        447,
        403,
        498,
        411,
        278,
        382,
        117,
        184,
        384,
        120,
        119,
        147,
        455,
        351,
        146,
        230,
        392,
        106,
        98,
        175,
        217,
        265,
        360,
        202,
        139,
        467,
        399,
        292,
        464,
        159,
        316,
        52,
        421,
        239,
        347,
        325,
        35,
        317,
        234,
        298,
        358,
        30,
        50,
        343,
        286,
        379,
        374,
        475,
        320,
        479,
        391,
        0,
        241,
        160,
        71,
        454,
        180,
        252,
        10,
        90,
        58,
        269,
        434,
        422,
        355,
        171,
        283,
        56,
        492,
        129,
        216,
        262,
        488,
        383,
        295,
        461,
        76,
        44,
        87,
        29,
        423,
        257,
        388,
        223,
        297,
        21,
        395,
        404,
        118,
        307,
        310,
        89,
        401,
        338,
        104,
        376,
        39,
        51,
        368,
        364,
        100,
        68,
        167,
        155,
        131,
        487,
        112,
        465,
        329,
        499,
        311,
        441,
        385,
        436,
        191,
        425,
        370,
        92,
        94,
        398,
        137,
        38,
        327,
        445,
        273,
        126,
        473,
        122,
        96,
        299,
        145,
        294,
        410,
        162,
        319,
        318,
        85,
        419,
        303,
        290,
        484,
        243,
        205,
        226,
        212,
        124,
        24,
        288,
        322,
        291,
        439,
        349,
        418,
        339,
        22,
        203,
        333,
        105,
        287,
        256,
        61,
        69,
        452,
        218,
        31,
        462,
        196,
        427,
        442,
        211,
        496,
        271,
        169,
        409,
        37,
        198,
        314,
        400,
        259,
        372,
        121,
        323,
        249,
        207,
        280,
        232,
        91,
        248,
        344,
        432,
        192,
        240,
        123,
        453,
        381,
        448,
        210,
        213,
        326,
        490,
        431,
        263,
        86,
        177,
        394,
        186,
        79,
        354,
        313,
        188,
        413,
        460,
        204,
        429,
        474,
        135,
        282,
        481,
        133,
        440,
        113,
        285,
        412,
        470,
        182,
        272,
        12,
        125,
        23,
        209,
        103,
        142,
        176,
        141,
        9,
        415,
        335,
        378,
        11,
        491,
        485,
        132,
        393,
        260,
        237,
        101,
        444,
        40,
        62,
        406,
        301,
        407,
        233,
        308,
        75,
        174,
        200,
        405,
        267,
        289
    ],
    "Global Optimum": 0,
    "Algorithm": "Genetic algorithm",
    "Parameters": {
        "population": 30,
        "offspring": 30,
        "mutation probability": 0.002,
        "crossover probability": 0.9
    },
    "Fitness": 513181,
    "Solution": [
        49,
        302,
        206,
        195,
        183,
        229,
        414,
        72,
        244,
        435,
        258,
        88,
        222,
        17,
        168,
        493,
        353,
        336,
        483,
        315,
        4,
        193,
        337,
        408,
        377,
        459,
        81,
        108,
        199,
        390,
        321,
        334,
        389,
        46,
        396,
        437,
        417,
        53,
        304,
        13,
        235,
        306,
        16,
        63,
        158,
        208,
        60,
        275,
        245,
        270,
        264,
        296,
        342,
        416,
        82,
        438,
        220,
        362,
        366,
        102,
        371,
        150,
        242,
        114,
        138,
        402,
        253,
        424,
        64,
        25,
        80,
        178,
        197,
        2,
        116,
        157,
        352,
        128,
        361,
        152,
        136,
        15,
        59,
        345,
        386,
        215,
        194,
        367,
        36,
        497,
        330,
        238,
        190,
        489,
        331,
        477,
        54,
        7,
        166,
        430,
        375,
        471,
        469,
        328,
        165,
        309,
        65,
        450,
        214,
        219,
        231,
        67,
        480,
        261,
        247,
        428,
        332,
        144,
        163,
        164,
        181,
        274,
        3,
        42,
        373,
        356,
        276,
        433,
        346,
        26,
        156,
        70,
        151,
        140,
        482,
        130,
        47,
        27,
        449,
        41,
        127,
        380,
        154,
        305,
        363,
        55,
        476,
        78,
        468,
        387,
        28,
        446,
        451,
        456,
        48,
        324,
        224,
        109,
        236,
        32,
        173,
        293,
        463,
        161,
        443,
        43,
        300,
        357,
        281,
        148,
        189,
        268,
        93,
        365,
        1,
        115,
        83,
        494,
        110,
        486,
        312,
        149,
        134,
        18,
        185,
        284,
        111,
        255,
        99,
        170,
        153,
        246,
        458,
        84,
        348,
        266,
        420,
        5,
        77,
        74,
        179,
        33,
        34,
        250,
        14,
        8,
        6,
        478,
        97,
        495,
        466,
        107,
        95,
        228,
        359,
        225,
        73,
        251,
        472,
        20,
        426,
        57,
        369,
        19,
        143,
        187,
        227,
        457,
        341,
        221,
        45,
        350,
        277,
        254,
        201,
        279,
        397,
        172,
        340,
        66,
        447,
        403,
        498,
        411,
        278,
        382,
        117,
        184,
        384,
        120,
        119,
        147,
        455,
        351,
        146,
        230,
        392,
        106,
        98,
        175,
        217,
        265,
        360,
        202,
        139,
        467,
        399,
        292,
        464,
        159,
        316,
        52,
        421,
        239,
        347,
        325,
        35,
        317,
        234,
        298,
        358,
        30,
        50,
        343,
        286,
        379,
        374,
        475,
        320,
        479,
        391,
        0,
        241,
        160,
        71,
        454,
        180,
        252,
        10,
        90,
        58,
        269,
        434,
        422,
        355,
        171,
        283,
        56,
        492,
        129,
        216,
        262,
        488,
        383,
        295,
        461,
        76,
        44,
        87,
        29,
        423,
        257,
        388,
        223,
        297,
        21,
        395,
        404,
        118,
        307,
        310,
        89,
        401,
        338,
        104,
        376,
        39,
        51,
        368,
        364,
        100,
        68,
        167,
        155,
        131,
        487,
        112,
        465,
        329,
        499,
        311,
        441,
        385,
        436,
        191,
        425,
        370,
        92,
        94,
        398,
        137,
        38,
        327,
        445,
        273,
        126,
        473,
        122,
        96,
        299,
        145,
        294,
        410,
        162,
        319,
        318,
        85,
        419,
        303,
        290,
        484,
        243,
        205,
        226,
        212,
        124,
        24,
        288,
        322,
        291,
        439,
        349,
        418,
        339,
        22,
        203,
        333,
        105,
        287,
        256,
        61,
        69,
        452,
        218,
        31,
        462,
        196,
        427,
        442,
        211,
        496,
        271,
        169,
        409,
        37,
        198,
        314,
        400,
        259,
        372,
        121,
        323,
        249,
        207,
        280,
        232,
        91,
        248,
        344,
        432,
        192,
        240,
        123,
        453,
        381,
        448,
        210,
        213,
        326,
        490,
        431,
        263,
        86,
        177,
        394,
        186,
        79,
        354,
        313,
        188,
        413,
        460,
        204,
        429,
        474,
        135,
        282,
        481,
        133,
        440,
        113,
        285,
        412,
        470,
        182,
        272,
        12,
        125,
        23,
        209,
        103,
        142,
        176,
        141,
        9,
        415,
        335,
        378,
        11,
        491,
        485,
        132,
        393,
        260,
        237,
        101,
        444,
        40,
        62,
        406,
        301,
        407,
        233,
        308,
        75,
        174,
        200,
        405,
        267,
        289
    ],
    "Nb of functions evaluations": 400020,
    "Computational time in seconds": 1474.8077936172485,
    "Stopping criterion in evaluations": 400000
}