19° run output:
{
    "Function": "kroA1000.tsp",
    "Problem dimension": [
        504,
        277,
        638,
        929,
        760,
        974,
        313,
        551,
        113,
        807,
        170,
        987,
        28,
        442,
        697,
        667,
        108,
        682,
        163,
        94,
        203,
        906,
        316,
        0,
        6,
        157,
        806,
        450,
        978,
        844,
        992,
        725,
        574,
        226,
        818,
        899,
        44,
        583,
        755,
        364,
        586,
        927,
        383,
        98,
        245,
        521,
        575,
        358,
        41,
        460,
        132,
        475,
        789,
        416,
        33,
        476,
        451,
        756,
        810,
        21,
        973,
        923,
        117,
        187,
        569,
        66,
        743,
        493,
        385,
        188,
        458,
        699,
        428,
        426,
        572,
        793,
        714,
        908,
        659,
        720,
        65,
        473,
        965,
        441,
        482,
        206,
        430,
        349,
        204,
        406,
        18,
        601,
        239,
        762,
        636,
        798,
        330,
        248,
        870,
        51,
        991,
        448,
        545,
        647,
        904,
        453,
        633,
        868,
        900,
        946,
        249,
        548,
        53,
        957,
        565,
        126,
        262,
        447,
        11,
        424,
        857,
        660,
        865,
        530,
        179,
        344,
        328,
        501,
        795,
        918,
        632,
        281,
        724,
        819,
        81,
        773,
        125,
        560,
        886,
        916,
        500,
        370,
        425,
        603,
        378,
        197,
        917,
        540,
        968,
        796,
        826,
        911,
        631,
        167,
        661,
        670,
        211,
        102,
        49,
        37,
        571,
        975,
        517,
        681,
        253,
        684,
        404,
        83,
        75,
        472,
        110,
        674,
        808,
        727,
        13,
        327,
        457,
        564,
        939,
        286,
        977,
        468,
        300,
        772,
        930,
        415,
        734,
        256,
        227,
        747,
        106,
        200,
        479,
        850,
        182,
        255,
        276,
        862,
        311,
        963,
        723,
        854,
        969,
        456,
        54,
        210,
        852,
        180,
        118,
        103,
        43,
        663,
        920,
        616,
        851,
        784,
        91,
        799,
        964,
        40,
        216,
        901,
        890,
        596,
        346,
        741,
        156,
        546,
        837,
        769,
        787,
        621,
        879,
        242,
        578,
        47,
        52,
        194,
        173,
        433,
        687,
        439,
        199,
        892,
        665,
        778,
        492,
        785,
        202,
        885,
        481,
        146,
        809,
        550,
        976,
        883,
        544,
        243,
        148,
        664,
        288,
        252,
        956,
        709,
        505,
        454,
        834,
        896,
        553,
        124,
        713,
        614,
        967,
        147,
        396,
        745,
        677,
        989,
        671,
        938,
        359,
        347,
        58,
        542,
        158,
        656,
        348,
        610,
        707,
        161,
        934,
        412,
        236,
        511,
        217,
        558,
        61,
        74,
        175,
        60,
        861,
        626,
        297,
        599,
        588,
        392,
        470,
        921,
        366,
        114,
        552,
        168,
        512,
        981,
        78,
        16,
        480,
        643,
        658,
        10,
        567,
        361,
        490,
        48,
        238,
        650,
        469,
        733,
        549,
        649,
        735,
        531,
        133,
        191,
        860,
        943,
        894,
        198,
        625,
        829,
        169,
        181,
        459,
        499,
        229,
        307,
        931,
        821,
        408,
        523,
        712,
        812,
        160,
        598,
        368,
        751,
        474,
        822,
        96,
        172,
        825,
        381,
        595,
        855,
        774,
        486,
        776,
        877,
        817,
        600,
        753,
        788,
        375,
        99,
        642,
        387,
        856,
        520,
        736,
        999,
        783,
        524,
        402,
        190,
        590,
        57,
        471,
        38,
        354,
        833,
        958,
        708,
        949,
        866,
        765,
        109,
        234,
        95,
        950,
        228,
        4,
        566,
        209,
        836,
        111,
        166,
        668,
        208,
        526,
        528,
        814,
        219,
        409,
        145,
        984,
        518,
        993,
        440,
        602,
        538,
        23,
        214,
        246,
        427,
        630,
        154,
        858,
        703,
        970,
        293,
        791,
        70,
        290,
        274,
        666,
        326,
        444,
        705,
        405,
        919,
        592,
        831,
        662,
        403,
        996,
        71,
        935,
        153,
        803,
        215,
        467,
        580,
        149,
        62,
        953,
        757,
        436,
        241,
        597,
        811,
        309,
        298,
        152,
        706,
        624,
        365,
        115,
        519,
        940,
        820,
        928,
        695,
        721,
        483,
        570,
        654,
        878,
        891,
        263,
        130,
        461,
        87,
        192,
        46,
        485,
        336,
        331,
        185,
        748,
        343,
        577,
        529,
        324,
        761,
        972,
        853,
        718,
        986,
        84,
        369,
        777,
        67,
        962,
        308,
        841,
        905,
        876,
        452,
        652,
        484,
        557,
        268,
        107,
        985,
        80,
        478,
        218,
        581,
        295,
        959,
        393,
        306,
        321,
        212,
        556,
        338,
        320,
        510,
        421,
        360,
        380,
        864,
        563,
        533,
        165,
        289,
        754,
        230,
        233,
        386,
        554,
        691,
        952,
        138,
        50,
        696,
        462,
        559,
        584,
        7,
        508,
        738,
        29,
        417,
        766,
        34,
        384,
        988,
        688,
        177,
        174,
        847,
        881,
        8,
        312,
        42,
        561,
        759,
        937,
        90,
        279,
        401,
        912,
        645,
        780,
        840,
        88,
        9,
        205,
        815,
        285,
        915,
        302,
        92,
        547,
        137,
        792,
        729,
        296,
        351,
        413,
        292,
        914,
        782,
        515,
        445,
        395,
        786,
        350,
        76,
        922,
        805,
        604,
        990,
        715,
        816,
        497,
        732,
        345,
        619,
        954,
        398,
        141,
        363,
        907,
        284,
        608,
        63,
        335,
        144,
        509,
        431,
        924,
        129,
        465,
        225,
        955,
        446,
        771,
        362,
        494,
        128,
        555,
        673,
        622,
        122,
        247,
        895,
        116,
        435,
        828,
        775,
        438,
        407,
        355,
        303,
        874,
        64,
        73,
        449,
        694,
        910,
        498,
        711,
        213,
        997,
        183,
        32,
        824,
        390,
        945,
        618,
        835,
        637,
        653,
        675,
        35,
        495,
        142,
        304,
        36,
        77,
        576,
        305,
        739,
        936,
        859,
        278,
        432,
        648,
        898,
        27,
        702,
        377,
        651,
        317,
        672,
        186,
        516,
        532,
        101,
        221,
        434,
        261,
        620,
        686,
        155,
        224,
        45,
        487,
        223,
        948,
        941,
        582,
        265,
        573,
        641,
        394,
        367,
        646,
        951,
        872,
        846,
        726,
        397,
        902,
        750,
        683,
        325,
        802,
        291,
        607,
        679,
        926,
        746,
        568,
        843,
        237,
        89,
        352,
        329,
        244,
        627,
        873,
        867,
        140,
        503,
        151,
        379,
        56,
        827,
        437,
        612,
        539,
        863,
        176,
        717,
        463,
        235,
        591,
        797,
        315,
        639,
        700,
        97,
        24,
        391,
        301,
        414,
        506,
        585,
        112,
        267,
        537,
        299,
        685,
        287,
        207,
        121,
        513,
        710,
        310,
        323,
        283,
        961,
        3,
        589,
        26,
        131,
        420,
        749,
        135,
        838,
        496,
        609,
        119,
        692,
        150,
        980,
        19,
        85,
        429,
        887,
        178,
        615,
        502,
        232,
        376,
        744,
        488,
        800,
        123,
        737,
        623,
        374,
        22,
        770,
        271,
        139,
        143,
        882,
        14,
        849,
        322,
        983,
        587,
        342,
        257,
        100,
        270,
        644,
        373,
        337,
        932,
        888,
        535,
        418,
        998,
        507,
        628,
        382,
        410,
        269,
        680,
        411,
        222,
        31,
        464,
        763,
        909,
        164,
        17,
        372,
        794,
        491,
        371,
        105,
        779,
        193,
        266,
        871,
        716,
        889,
        127,
        195,
        162,
        579,
        30,
        897,
        275,
        606,
        728,
        947,
        629,
        514,
        966,
        832,
        635,
        443,
        231,
        979,
        189,
        944,
        333,
        768,
        541,
        634,
        801,
        698,
        93,
        534,
        171,
        399,
        804,
        196,
        2,
        466,
        419,
        25,
        742,
        15,
        913,
        562,
        740,
        982,
        942,
        400,
        357,
        925,
        995,
        676,
        258,
        251,
        689,
        704,
        611,
        250,
        294,
        678,
        527,
        477,
        752,
        640,
        201,
        848,
        722,
        388,
        455,
        334,
        536,
        184,
        690,
        971,
        356,
        893,
        869,
        839,
        764,
        617,
        593,
        845,
        933,
        264,
        272,
        280,
        72,
        69,
        613,
        332,
        86,
        59,
        104,
        655,
        781,
        422,
        318,
        82,
        884,
        960,
        880,
        220,
        319,
        259,
        68,
        136,
        79,
        5,
        134,
        20,
        39,
        719,
        605,
        657,
        254,
        669,
        693,
        790,
        489,
        1,
        525,
        55,
        240,
        543,
        823,
        842,
        730,
        522,
        339,
        260,
        903,
        813,
        875,
        120,
        159,
        701,
        731,
        423,
        12,
        594,
        340,
        273,
        767,
        758,
        994,
        353,
        830,
        389,
        341,
        282,
        314
    ],
    "Global Optimum": 0,
    "Algorithm": "Genetic algorithm",
    "Parameters": {
        "population": 30,
        "offspring": 30,
        "mutation probability": 0.001,
        "crossover probability": 0.9
    },
    "Fitness": 1405949,
    "Solution": [
        504,
        277,
        638,
        929,
        760,
        974,
        313,
        551,
        113,
        807,
        170,
        987,
        28,
        442,
        697,
        667,
        108,
        682,
        163,
        94,
        203,
        906,
        316,
        0,
        6,
        157,
        806,
        450,
        978,
        844,
        992,
        725,
        574,
        226,
        818,
        899,
        44,
        583,
        755,
        364,
        586,
        927,
        383,
        98,
        245,
        521,
        575,
        358,
        41,
        460,
        132,
        475,
        789,
        416,
        33,
        476,
        451,
        756,
        810,
        21,
        973,
        923,
        117,
        187,
        569,
        66,
        743,
        493,
        385,
        188,
        458,
        699,
        428,
        426,
        572,
        793,
        714,
        908,
        659,
        720,
        65,
        473,
        965,
        441,
        482,
        206,
        430,
        349,
        204,
        406,
        18,
        601,
        239,
        762,
        636,
        798,
        330,
        248,
        870,
        51,
        991,
        448,
        545,
        647,
        904,
        453,
        633,
        868,
        900,
        946,
        249,
        548,
        53,
        957,
        565,
        126,
        262,
        447,
        11,
        424,
        857,
        660,
        865,
        530,
        179,
        344,
        328,
        501,
        795,
        918,
        632,
        281,
        724,
        819,
        81,
        773,
        125,
        560,
        886,
        916,
        500,
        370,
        425,
        603,
        378,
        197,
        917,
        540,
        968,
        796,
        826,
        911,
        631,
        167,
        661,
        670,
        211,
        102,
        49,
        37,
        571,
        975,
        517,
        681,
        253,
        684,
        404,
        83,
        75,
        472,
        110,
        674,
        808,
        727,
        13,
        327,
        457,
        564,
        939,
        286,
        977,
        468,
        300,
        772,
        930,
        415,
        734,
        256,
        227,
        747,
        106,
        200,
        479,
        850,
        182,
        255,
        276,
        862,
        311,
        963,
        723,
        854,
        969,
        456,
        54,
        210,
        852,
        180,
        118,
        103,
        43,
        663,
        920,
        616,
        851,
        784,
        91,
        799,
        964,
        40,
        216,
        901,
        890,
        596,
        346,
        741,
        156,
        546,
        837,
        769,
        787,
        621,
        879,
        242,
        578,
        47,
        52,
        194,
        173,
        433,
        687,
        439,
        199,
        892,
        665,
        778,
        492,
        785,
        202,
        885,
        481,
        146,
        809,
        550,
        976,
        883,
        544,
        243,
        148,
        664,
        288,
        252,
        956,
        709,
        505,
        454,
        834,
        896,
        553,
        124,
        713,
        614,
        967,
        147,
        396,
        745,
        677,
        989,
        671,
        938,
        359,
        347,
        58,
        542,
        158,
        656,
        348,
        610,
        707,
        161,
        934,
        412,
        236,
        511,
        217,
        558,
        61,
        74,
        175,
        60,
        861,
        626,
        297,
        599,
        588,
        392,
        470,
        921,
        366,
        114,
        552,
        168,
        512,
        981,
        78,
        16,
        480,
        643,
        658,
        10,
        567,
        361,
        490,
        48,
        238,
        650,
        469,
        733,
        549,
        649,
        735,
        531,
        133,
        191,
        860,
        943,
        894,
        198,
        625,
        829,
        169,
        181,
        459,
        499,
        229,
        307,
        931,
        821,
        408,
        523,
        712,
        812,
        160,
        598,
        368,
        751,
        474,
        822,
        96,
        172,
        825,
        381,
        595,
        855,
        774,
        486,
        776,
        877,
        817,
        600,
        753,
        788,
        375,
        99,
        642,
        387,
        856,
        520,
        736,
        999,
        783,
        524,
        402,
        190,
        590,
        57,
        471,
        38,
        354,
        833,
        958,
        708,
        949,
        866,
        765,
        109,
        234,
        95,
        950,
        228,
        4,
        566,
        209,
        836,
        111,
        166,
        668,
        208,
        526,
        528,
        814,
        219,
        409,
        145,
        984,
        518,
        993,
        440,
        602,
        538,
        23,
        214,
        246,
        427,
        630,
        154,
        858,
        703,
        970,
        293,
        791,
        70,
        290,
        274,
        666,
        326,
        444,
        705,
        405,
        919,
        592,
        831,
        662,
        403,
        996,
        71,
        935,
        153,
        803,
        215,
        467,
        580,
        149,
        62,
        953,
        757,
        436,
        241,
        597,
        811,
        309,
        298,
        152,
        706,
        624,
        365,
        115,
        519,
        940,
        820,
        928,
        695,
        721,
        483,
        570,
        654,
        878,
        891,
        263,
        130,
        461,
        87,
        192,
        46,
        485,
        336,
        331,
        185,
        748,
        343,
        577,
        529,
        324,
        761,
        972,
        853,
        718,
        986,
        84,
        369,
        777,
        67,
        962,
        308,
        841,
        905,
        876,
        452,
        652,
        484,
        557,
        268,
        107,
        985,
        80,
        478,
        218,
        581,
        295,
        959,
        393,
        306,
        321,
        212,
        556,
        338,
        320,
        510,
        421,
        360,
        380,
        864,
        563,
        533,
        165,
        289,
        754,
        230,
        233,
        386,
        554,
        691,
        952,
        138,
        50,
        696,
        462,
        559,
        584,
        7,
        508,
        738,
        29,
        417,
        766,
        34,
        384,
        988,
        688,
        177,
        174,
        847,
        881,
        8,
        312,
        42,
        561,
        759,
        937,
        90,
        279,
        401,
        912,
        645,
        780,
        840,
        88,
        9,
        205,
        815,
        285,
        915,
        302,
        92,
        547,
        137,
        792,
        729,
        296,
        351,
        413,
        292,
        914,
        782,
        515,
        445,
        395,
        786,
        350,
        76,
        922,
        805,
        604,
        990,
        715,
        816,
        497,
        732,
        345,
        619,
        954,
        398,
        141,
        363,
        907,
        284,
        608,
        63,
        335,
        144,
        509,
        431,
        924,
        129,
        465,
        225,
        955,
        446,
        771,
        362,
        494,
        128,
        555,
        673,
        622,
        122,
        247,
        895,
        116,
        435,
        828,
        775,
        438,
        407,
        355,
        303,
        874,
        64,
        73,
        449,
        694,
        910,
        498,
        711,
        213,
        997,
        183,
        32,
        824,
        390,
        945,
        618,
        835,
        637,
        653,
        675,
        35,
        495,
        142,
        304,
        36,
        77,
        576,
        305,
        739,
        936,
        859,
        278,
        432,
        648,
        898,
        27,
        702,
        377,
        651,
        317,
        672,
        186,
        516,
        532,
        101,
        221,
        434,
        261,
        620,
        686,
        155,
        224,
        45,
        487,
        223,
        948,
        941,
        582,
        265,
        573,
        641,
        394,
        367,
        646,
        951,
        872,
        846,
        726,
        397,
        902,
        750,
        683,
        325,
        802,
        291,
        607,
        679,
        926,
        746,
        568,
        843,
        237,
        89,
        352,
        329,
        244,
        627,
        873,
        867,
        140,
        503,
        151,
        379,
        56,
        827,
        437,
        612,
        539,
        863,
        176,
        717,
        463,
        235,
        591,
        797,
        315,
        639,
        700,
        97,
        24,
        391,
        301,
        414,
        506,
        585,
        112,
        267,
        537,
        299,
        685,
        287,
        207,
        121,
        513,
        710,
        310,
        323,
        283,
        961,
        3,
        589,
        26,
        131,
        420,
        749,
        135,
        838,
        496,
        609,
        119,
        692,
        150,
        980,
        19,
        85,
        429,
        887,
        178,
        615,
        502,
        232,
        376,
        744,
        488,
        800,
        123,
        737,
        623,
        374,
        22,
        770,
        271,
        139,
        143,
        882,
        14,
        849,
        322,
        983,
        587,
        342,
        257,
        100,
        270,
        644,
        373,
        337,
        932,
        888,
        535,
        418,
        998,
        507,
        628,
        382,
        410,
        269,
        680,
        411,
        222,
        31,
        464,
        763,
        909,
        164,
        17,
        372,
        794,
        491,
        371,
        105,
        779,
        193,
        266,
        871,
        716,
        889,
        127,
        195,
        162,
        579,
        30,
        897,
        275,
        606,
        728,
        947,
        629,
        514,
        966,
        832,
        635,
        443,
        231,
        979,
        189,
        944,
        333,
        768,
        541,
        634,
        801,
        698,
        93,
        534,
        171,
        399,
        804,
        196,
        2,
        466,
        419,
        25,
        742,
        15,
        913,
        562,
        740,
        982,
        942,
        400,
        357,
        925,
        995,
        676,
        258,
        251,
        689,
        704,
        611,
        250,
        294,
        678,
        527,
        477,
        752,
        640,
        201,
        848,
        722,
        388,
        455,
        334,
        536,
        184,
        690,
        971,
        356,
        893,
        869,
        839,
        764,
        617,
        593,
        845,
        933,
        264,
        272,
        280,
        72,
        69,
        613,
        332,
        86,
        59,
        104,
        655,
        781,
        422,
        318,
        82,
        884,
        960,
        880,
        220,
        319,
        259,
        68,
        136,
        79,
        5,
        134,
        20,
        39,
        719,
        605,
        657,
        254,
        669,
        693,
        790,
        489,
        1,
        525,
        55,
        240,
        543,
        823,
        842,
        730,
        522,
        339,
        260,
        903,
        813,
        875,
        120,
        159,
        701,
        731,
        423,
        12,
        594,
        340,
        273,
        767,
        758,
        994,
        353,
        830,
        389,
        341,
        282,
        314
    ],
    "Nb of functions evaluations": 50010,
    "Computational time in seconds": 1512.976858139038,
    "Stopping criterion in evaluations": 50000
}