6° run output:
{
    "Function": "kroA1000.tsp",
    "Problem dimension": [
        952,
        602,
        779,
        208,
        412,
        608,
        715,
        972,
        604,
        668,
        19,
        951,
        29,
        936,
        965,
        998,
        958,
        132,
        363,
        441,
        409,
        661,
        538,
        0,
        323,
        739,
        799,
        258,
        804,
        290,
        847,
        285,
        834,
        660,
        909,
        707,
        857,
        320,
        76,
        811,
        266,
        670,
        828,
        560,
        83,
        482,
        224,
        953,
        578,
        193,
        210,
        797,
        553,
        421,
        798,
        473,
        962,
        658,
        826,
        240,
        143,
        899,
        206,
        292,
        372,
        771,
        895,
        138,
        38,
        156,
        623,
        993,
        187,
        517,
        774,
        405,
        681,
        786,
        795,
        467,
        568,
        18,
        875,
        973,
        612,
        444,
        230,
        880,
        161,
        640,
        569,
        357,
        97,
        916,
        6,
        516,
        520,
        810,
        510,
        599,
        77,
        60,
        200,
        524,
        836,
        59,
        675,
        30,
        104,
        532,
        264,
        361,
        748,
        679,
        924,
        595,
        654,
        440,
        927,
        28,
        576,
        271,
        982,
        147,
        893,
        92,
        378,
        5,
        73,
        272,
        720,
        189,
        443,
        620,
        287,
        946,
        346,
        460,
        371,
        420,
        537,
        103,
        988,
        680,
        992,
        145,
        400,
        110,
        449,
        149,
        642,
        961,
        986,
        159,
        389,
        785,
        197,
        974,
        515,
        722,
        548,
        228,
        241,
        539,
        483,
        24,
        232,
        664,
        476,
        288,
        536,
        175,
        162,
        54,
        243,
        989,
        124,
        531,
        36,
        252,
        777,
        493,
        749,
        582,
        339,
        923,
        869,
        666,
        846,
        191,
        702,
        165,
        910,
        33,
        78,
        593,
        512,
        920,
        776,
        985,
        800,
        313,
        222,
        671,
        79,
        269,
        610,
        87,
        128,
        75,
        88,
        259,
        717,
        521,
        174,
        613,
        311,
        419,
        685,
        791,
        358,
        2,
        488,
        759,
        127,
        659,
        868,
        300,
        39,
        233,
        672,
        796,
        663,
        278,
        860,
        453,
        530,
        638,
        629,
        737,
        386,
        695,
        522,
        57,
        667,
        682,
        839,
        851,
        461,
        489,
        108,
        365,
        921,
        84,
        64,
        334,
        577,
        469,
        887,
        133,
        388,
        780,
        888,
        431,
        690,
        286,
        581,
        975,
        709,
        765,
        502,
        80,
        813,
        864,
        492,
        35,
        562,
        769,
        439,
        428,
        331,
        891,
        948,
        535,
        219,
        328,
        912,
        896,
        870,
        105,
        455,
        487,
        898,
        154,
        637,
        534,
        260,
        579,
        160,
        322,
        276,
        712,
        656,
        11,
        451,
        69,
        383,
        907,
        911,
        932,
        31,
        575,
        213,
        751,
        939,
        337,
        767,
        699,
        980,
        747,
        366,
        380,
        564,
        306,
        299,
        710,
        255,
        650,
        379,
        171,
        356,
        325,
        821,
        761,
        137,
        370,
        91,
        803,
        987,
        926,
        862,
        996,
        475,
        472,
        886,
        945,
        4,
        990,
        279,
        727,
        977,
        543,
        333,
        753,
        686,
        253,
        963,
        698,
        775,
        683,
        618,
        783,
        592,
        752,
        677,
        758,
        824,
        657,
        825,
        866,
        347,
        58,
        196,
        318,
        410,
        435,
        251,
        794,
        465,
        491,
        442,
        352,
        101,
        390,
        40,
        598,
        434,
        802,
        773,
        385,
        719,
        65,
        152,
        457,
        198,
        25,
        645,
        404,
        937,
        933,
        267,
        34,
        225,
        192,
        549,
        283,
        633,
        827,
        121,
        120,
        874,
        855,
        807,
        647,
        426,
        407,
        641,
        71,
        619,
        557,
        468,
        687,
        353,
        584,
        170,
        931,
        721,
        238,
        554,
        112,
        118,
        392,
        558,
        574,
        634,
        141,
        561,
        550,
        546,
        705,
        462,
        212,
        348,
        199,
        734,
        275,
        653,
        822,
        792,
        694,
        867,
        823,
        244,
        119,
        209,
        732,
        142,
        506,
        86,
        367,
        190,
        495,
        96,
        202,
        843,
        499,
        116,
        808,
        74,
        113,
        711,
        1,
        341,
        72,
        628,
        925,
        738,
        478,
        32,
        745,
        674,
        387,
        182,
        609,
        332,
        832,
        643,
        204,
        754,
        833,
        330,
        693,
        713,
        52,
        23,
        471,
        496,
        90,
        626,
        676,
        567,
        185,
        422,
        106,
        12,
        464,
        415,
        967,
        381,
        425,
        396,
        293,
        696,
        655,
        297,
        484,
        835,
        123,
        704,
        572,
        789,
        10,
        518,
        714,
        523,
        486,
        221,
        616,
        13,
        902,
        384,
        918,
        265,
        736,
        437,
        354,
        338,
        897,
        456,
        324,
        223,
        533,
        509,
        741,
        508,
        586,
        375,
        169,
        376,
        205,
        129,
        587,
        15,
        46,
        854,
        605,
        527,
        216,
        102,
        691,
        545,
        14,
        48,
        960,
        801,
        50,
        673,
        8,
        289,
        498,
        184,
        480,
        725,
        109,
        615,
        778,
        424,
        452,
        114,
        70,
        177,
        93,
        513,
        256,
        631,
        342,
        944,
        750,
        148,
        397,
        563,
        53,
        369,
        227,
        494,
        144,
        877,
        551,
        49,
        262,
        122,
        305,
        377,
        501,
        95,
        41,
        401,
        908,
        849,
        307,
        644,
        490,
        976,
        735,
        220,
        541,
        270,
        68,
        281,
        448,
        607,
        627,
        21,
        820,
        254,
        416,
        684,
        764,
        9,
        934,
        850,
        703,
        863,
        362,
        999,
        858,
        231,
        957,
        403,
        321,
        983,
        922,
        406,
        500,
        349,
        805,
        7,
        889,
        503,
        295,
        919,
        772,
        971,
        984,
        950,
        355,
        273,
        446,
        398,
        728,
        928,
        85,
        274,
        463,
        315,
        248,
        20,
        635,
        625,
        135,
        881,
        844,
        814,
        125,
        525,
        806,
        62,
        67,
        651,
        485,
        203,
        340,
        408,
        900,
        268,
        878,
        594,
        373,
        954,
        768,
        45,
        257,
        195,
        755,
        665,
        94,
        876,
        43,
        819,
        788,
        417,
        648,
        263,
        310,
        935,
        818,
        903,
        183,
        304,
        782,
        188,
        873,
        298,
        697,
        995,
        438,
        890,
        845,
        566,
        700,
        917,
        474,
        454,
        865,
        781,
        150,
        214,
        871,
        529,
        181,
        740,
        226,
        445,
        639,
        968,
        949,
        583,
        904,
        296,
        746,
        757,
        597,
        646,
        344,
        970,
        762,
        979,
        411,
        107,
        327,
        164,
        914,
        913,
        317,
        168,
        706,
        841,
        245,
        614,
        47,
        882,
        511,
        600,
        669,
        942,
        505,
        997,
        391,
        571,
        929,
        905,
        82,
        943,
        282,
        427,
        249,
        662,
        528,
        589,
        359,
        742,
        730,
        969,
        343,
        27,
        812,
        879,
        291,
        544,
        153,
        163,
        885,
        915,
        570,
        394,
        726,
        959,
        815,
        207,
        770,
        848,
        316,
        790,
        229,
        701,
        470,
        540,
        622,
        940,
        218,
        134,
        559,
        418,
        302,
        399,
        56,
        172,
        166,
        930,
        326,
        956,
        433,
        312,
        382,
        829,
        151,
        458,
        217,
        81,
        621,
        22,
        247,
        580,
        852,
        237,
        246,
        3,
        763,
        345,
        436,
        211,
        215,
        186,
        842,
        176,
        526,
        432,
        477,
        167,
        816,
        497,
        617,
        591,
        733,
        280,
        368,
        234,
        894,
        547,
        180,
        17,
        319,
        901,
        514,
        964,
        766,
        55,
        466,
        724,
        131,
        906,
        718,
        37,
        708,
        941,
        155,
        44,
        830,
        89,
        542,
        277,
        239,
        140,
        157,
        784,
        479,
        303,
        947,
        519,
        402,
        585,
        787,
        606,
        329,
        793,
        16,
        555,
        649,
        336,
        111,
        146,
        632,
        66,
        301,
        760,
        688,
        636,
        744,
        991,
        99,
        817,
        179,
        872,
        603,
        351,
        504,
        837,
        117,
        723,
        692,
        450,
        459,
        173,
        63,
        840,
        573,
        158,
        556,
        364,
        414,
        938,
        335,
        884,
        624,
        611,
        136,
        756,
        565,
        360,
        61,
        350,
        981,
        194,
        430,
        98,
        395,
        731,
        601,
        139,
        994,
        429,
        856,
        423,
        859,
        250,
        596,
        314,
        42,
        678,
        883,
        743,
        955,
        178,
        838,
        831,
        284,
        978,
        892,
        809,
        447,
        393,
        201,
        294,
        652,
        413,
        374,
        552,
        309,
        590,
        689,
        130,
        51,
        630,
        966,
        235,
        716,
        100,
        861,
        261,
        126,
        236,
        242,
        729,
        26,
        308,
        481,
        115,
        507,
        853,
        588
    ],
    "Global Optimum": 0,
    "Algorithm": "Genetic algorithm",
    "Parameters": {
        "population": 30,
        "offspring": 30,
        "mutation probability": 0.001,
        "crossover probability": 0.9
    },
    "Fitness": 1368455,
    "Solution": [
        952,
        602,
        779,
        208,
        412,
        608,
        715,
        972,
        604,
        668,
        19,
        951,
        29,
        936,
        965,
        998,
        958,
        132,
        363,
        441,
        409,
        661,
        538,
        0,
        323,
        739,
        799,
        258,
        804,
        290,
        847,
        285,
        834,
        660,
        909,
        707,
        857,
        320,
        76,
        811,
        266,
        670,
        828,
        560,
        83,
        482,
        224,
        953,
        578,
        193,
        210,
        797,
        553,
        421,
        798,
        473,
        962,
        658,
        826,
        240,
        143,
        899,
        206,
        292,
        372,
        771,
        895,
        138,
        38,
        156,
        623,
        993,
        187,
        517,
        774,
        405,
        681,
        786,
        795,
        467,
        568,
        18,
        875,
        973,
        612,
        444,
        230,
        880,
        161,
        640,
        569,
        357,
        97,
        916,
        6,
        516,
        520,
        810,
        510,
        599,
        77,
        60,
        200,
        524,
        836,
        59,
        675,
        30,
        104,
        532,
        264,
        361,
        748,
        679,
        924,
        595,
        654,
        440,
        927,
        28,
        576,
        271,
        982,
        147,
        893,
        92,
        378,
        5,
        73,
        272,
        720,
        189,
        443,
        620,
        287,
        946,
        346,
        460,
        371,
        420,
        537,
        103,
        988,
        680,
        992,
        145,
        400,
        110,
        449,
        149,
        642,
        961,
        986,
        159,
        389,
        785,
        197,
        974,
        515,
        722,
        548,
        228,
        241,
        539,
        483,
        24,
        232,
        664,
        476,
        288,
        536,
        175,
        162,
        54,
        243,
        989,
        124,
        531,
        36,
        252,
        777,
        493,
        749,
        582,
        339,
        923,
        869,
        666,
        846,
        191,
        702,
        165,
        910,
        33,
        78,
        593,
        512,
        920,
        776,
        985,
        800,
        313,
        222,
        671,
        79,
        269,
        610,
        87,
        128,
        75,
        88,
        259,
        717,
        521,
        174,
        613,
        311,
        419,
        685,
        791,
        358,
        2,
        488,
        759,
        127,
        659,
        868,
        300,
        39,
        233,
        672,
        796,
        663,
        278,
        860,
        453,
        530,
        638,
        629,
        737,
        386,
        695,
        522,
        57,
        667,
        682,
        839,
        851,
        461,
        489,
        108,
        365,
        921,
        84,
        64,
        334,
        577,
        469,
        887,
        133,
        388,
        780,
        888,
        431,
        690,
        286,
        581,
        975,
        709,
        765,
        502,
        80,
        813,
        864,
        492,
        35,
        562,
        769,
        439,
        428,
        331,
        891,
        948,
        535,
        219,
        328,
        912,
        896,
        870,
        105,
        455,
        487,
        898,
        154,
        637,
        534,
        260,
        579,
        160,
        322,
        276,
        712,
        656,
        11,
        451,
        69,
        383,
        907,
        911,
        932,
        31,
        575,
        213,
        751,
        939,
        337,
        767,
        699,
        980,
        747,
        366,
        380,
        564,
        306,
        299,
        710,
        255,
        650,
        379,
        171,
        356,
        325,
        821,
        761,
        137,
        370,
        91,
        803,
        987,
        926,
        862,
        996,
        475,
        472,
        886,
        945,
        4,
        990,
        279,
        727,
        977,
        543,
        333,
        753,
        686,
        253,
        963,
        698,
        775,
        683,
        618,
        783,
        592,
        752,
        677,
        758,
        824,
        657,
        825,
        866,
        347,
        58,
        196,
        318,
        410,
        435,
        251,
        794,
        465,
        491,
        442,
        352,
        101,
        390,
        40,
        598,
        434,
        802,
        773,
        385,
        719,
        65,
        152,
        457,
        198,
        25,
        645,
        404,
        937,
        933,
        267,
        34,
        225,
        192,
        549,
        283,
        633,
        827,
        121,
        120,
        874,
        855,
        807,
        647,
        426,
        407,
        641,
        71,
        619,
        557,
        468,
        687,
        353,
        584,
        170,
        931,
        721,
        238,
        554,
        112,
        118,
        392,
        558,
        574,
        634,
        141,
        561,
        550,
        546,
        705,
        462,
        212,
        348,
        199,
        734,
        275,
        653,
        822,
        792,
        694,
        867,
        823,
        244,
        119,
        209,
        732,
        142,
        506,
        86,
        367,
        190,
        495,
        96,
        202,
        843,
        499,
        116,
        808,
        74,
        113,
        711,
        1,
        341,
        72,
        628,
        925,
        738,
        478,
        32,
        745,
        674,
        387,
        182,
        609,
        332,
        832,
        643,
        204,
        754,
        833,
        330,
        693,
        713,
        52,
        23,
        471,
        496,
        90,
        626,
        676,
        567,
        185,
        422,
        106,
        12,
        464,
        415,
        967,
        381,
        425,
        396,
        293,
        696,
        655,
        297,
        484,
        835,
        123,
        704,
        572,
        789,
        10,
        518,
        714,
        523,
        486,
        221,
        616,
        13,
        902,
        384,
        918,
        265,
        736,
        437,
        354,
        338,
        897,
        456,
        324,
        223,
        533,
        509,
        741,
        508,
        586,
        375,
        169,
        376,
        205,
        129,
        587,
        15,
        46,
        854,
        605,
        527,
        216,
        102,
        691,
        545,
        14,
        48,
        960,
        801,
        50,
        673,
        8,
        289,
        498,
        184,
        480,
        725,
        109,
        615,
        778,
        424,
        452,
        114,
        70,
        177,
        93,
        513,
        256,
        631,
        342,
        944,
        750,
        148,
        397,
        563,
        53,
        369,
        227,
        494,
        144,
        877,
        551,
        49,
        262,
        122,
        305,
        377,
        501,
        95,
        41,
        401,
        908,
        849,
        307,
        644,
        490,
        976,
        735,
        220,
        541,
        270,
        68,
        281,
        448,
        607,
        627,
        21,
        820,
        254,
        416,
        684,
        764,
        9,
        934,
        850,
        703,
        863,
        362,
        999,
        858,
        231,
        957,
        403,
        321,
        983,
        922,
        406,
        500,
        349,
        805,
        7,
        889,
        503,
        295,
        919,
        772,
        971,
        984,
        950,
        355,
        273,
        446,
        398,
        728,
        928,
        85,
        274,
        463,
        315,
        248,
        20,
        635,
        625,
        135,
        881,
        844,
        814,
        125,
        525,
        806,
        62,
        67,
        651,
        485,
        203,
        340,
        408,
        900,
        268,
        878,
        594,
        373,
        954,
        768,
        45,
        257,
        195,
        755,
        665,
        94,
        876,
        43,
        819,
        788,
        417,
        648,
        263,
        310,
        935,
        818,
        903,
        183,
        304,
        782,
        188,
        873,
        298,
        697,
        995,
        438,
        890,
        845,
        566,
        700,
        917,
        474,
        454,
        865,
        781,
        150,
        214,
        871,
        529,
        181,
        740,
        226,
        445,
        639,
        968,
        949,
        583,
        904,
        296,
        746,
        757,
        597,
        646,
        344,
        970,
        762,
        979,
        411,
        107,
        327,
        164,
        914,
        913,
        317,
        168,
        706,
        841,
        245,
        614,
        47,
        882,
        511,
        600,
        669,
        942,
        505,
        997,
        391,
        571,
        929,
        905,
        82,
        943,
        282,
        427,
        249,
        662,
        528,
        589,
        359,
        742,
        730,
        969,
        343,
        27,
        812,
        879,
        291,
        544,
        153,
        163,
        885,
        915,
        570,
        394,
        726,
        959,
        815,
        207,
        770,
        848,
        316,
        790,
        229,
        701,
        470,
        540,
        622,
        940,
        218,
        134,
        559,
        418,
        302,
        399,
        56,
        172,
        166,
        930,
        326,
        956,
        433,
        312,
        382,
        829,
        151,
        458,
        217,
        81,
        621,
        22,
        247,
        580,
        852,
        237,
        246,
        3,
        763,
        345,
        436,
        211,
        215,
        186,
        842,
        176,
        526,
        432,
        477,
        167,
        816,
        497,
        617,
        591,
        733,
        280,
        368,
        234,
        894,
        547,
        180,
        17,
        319,
        901,
        514,
        964,
        766,
        55,
        466,
        724,
        131,
        906,
        718,
        37,
        708,
        941,
        155,
        44,
        830,
        89,
        542,
        277,
        239,
        140,
        157,
        784,
        479,
        303,
        947,
        519,
        402,
        585,
        787,
        606,
        329,
        793,
        16,
        555,
        649,
        336,
        111,
        146,
        632,
        66,
        301,
        760,
        688,
        636,
        744,
        991,
        99,
        817,
        179,
        872,
        603,
        351,
        504,
        837,
        117,
        723,
        692,
        450,
        459,
        173,
        63,
        840,
        573,
        158,
        556,
        364,
        414,
        938,
        335,
        884,
        624,
        611,
        136,
        756,
        565,
        360,
        61,
        350,
        981,
        194,
        430,
        98,
        395,
        731,
        601,
        139,
        994,
        429,
        856,
        423,
        859,
        250,
        596,
        314,
        42,
        678,
        883,
        743,
        955,
        178,
        838,
        831,
        284,
        978,
        892,
        809,
        447,
        393,
        201,
        294,
        652,
        413,
        374,
        552,
        309,
        590,
        689,
        130,
        51,
        630,
        966,
        235,
        716,
        100,
        861,
        261,
        126,
        236,
        242,
        729,
        26,
        308,
        481,
        115,
        507,
        853,
        588
    ],
    "Nb of functions evaluations": 50010,
    "Computational time in seconds": 1515.2421708106995,
    "Stopping criterion in evaluations": 50000
}