1° run output:
{
    "Function": "euclidB300.tsp",
    "Problem dimension": [
        84,
        170,
        22,
        130,
        247,
        139,
        270,
        271,
        39,
        281,
        267,
        158,
        261,
        291,
        167,
        220,
        47,
        112,
        200,
        171,
        37,
        63,
        110,
        140,
        201,
        215,
        154,
        233,
        191,
        223,
        168,
        262,
        16,
        81,
        76,
        181,
        217,
        40,
        1,
        235,
        293,
        264,
        287,
        238,
        159,
        82,
        177,
        115,
        175,
        225,
        237,
        5,
        90,
        272,
        98,
        9,
        189,
        216,
        6,
        117,
        4,
        199,
        143,
        231,
        145,
        72,
        100,
        278,
        250,
        78,
        239,
        21,
        52,
        280,
        73,
        94,
        61,
        245,
        48,
        62,
        298,
        128,
        46,
        75,
        227,
        87,
        85,
        186,
        58,
        113,
        292,
        68,
        119,
        23,
        222,
        212,
        92,
        151,
        26,
        20,
        89,
        77,
        254,
        204,
        228,
        180,
        207,
        234,
        236,
        284,
        163,
        152,
        7,
        193,
        277,
        99,
        195,
        36,
        283,
        285,
        155,
        243,
        288,
        187,
        64,
        51,
        157,
        101,
        15,
        172,
        135,
        14,
        129,
        205,
        265,
        165,
        109,
        192,
        138,
        209,
        19,
        274,
        53,
        289,
        176,
        12,
        260,
        29,
        194,
        32,
        123,
        249,
        206,
        79,
        148,
        166,
        13,
        190,
        208,
        31,
        282,
        174,
        104,
        65,
        202,
        246,
        71,
        241,
        66,
        169,
        178,
        142,
        269,
        102,
        144,
        252,
        95,
        126,
        67,
        57,
        49,
        55,
        179,
        118,
        211,
        111,
        50,
        153,
        120,
        160,
        214,
        42,
        96,
        38,
        263,
        141,
        11,
        213,
        136,
        294,
        253,
        43,
        185,
        256,
        74,
        97,
        226,
        60,
        34,
        27,
        114,
        25,
        273,
        296,
        275,
        137,
        116,
        125,
        33,
        106,
        28,
        134,
        149,
        18,
        35,
        59,
        229,
        183,
        255,
        131,
        54,
        124,
        242,
        108,
        299,
        80,
        0,
        188,
        297,
        251,
        210,
        86,
        290,
        8,
        56,
        232,
        88,
        93,
        133,
        240,
        122,
        146,
        69,
        70,
        224,
        230,
        132,
        218,
        268,
        196,
        162,
        276,
        259,
        198,
        121,
        156,
        203,
        83,
        150,
        30,
        2,
        161,
        219,
        197,
        17,
        182,
        295,
        41,
        127,
        286,
        258,
        105,
        266,
        184,
        248,
        91,
        44,
        221,
        107,
        45,
        164,
        244,
        257,
        3,
        103,
        173,
        10,
        147,
        24,
        279
    ],
    "Global Optimum": 0,
    "Algorithm": "Genetic algorithm",
    "Parameters": {
        "population": 30,
        "offspring": 30,
        "mutation probability": 0.0033333333333333335,
        "crossover probability": 0.9
    },
    "Fitness": 358744,
    "Solution": [
        84,
        170,
        22,
        130,
        247,
        139,
        270,
        271,
        39,
        281,
        267,
        158,
        261,
        291,
        167,
        220,
        47,
        112,
        200,
        171,
        37,
        63,
        110,
        140,
        201,
        215,
        154,
        233,
        191,
        223,
        168,
        262,
        16,
        81,
        76,
        181,
        217,
        40,
        1,
        235,
        293,
        264,
        287,
        238,
        159,
        82,
        177,
        115,
        175,
        225,
        237,
        5,
        90,
        272,
        98,
        9,
        189,
        216,
        6,
        117,
        4,
        199,
        143,
        231,
        145,
        72,
        100,
        278,
        250,
        78,
        239,
        21,
        52,
        280,
        73,
        94,
        61,
        245,
        48,
        62,
        298,
        128,
        46,
        75,
        227,
        87,
        85,
        186,
        58,
        113,
        292,
        68,
        119,
        23,
        222,
        212,
        92,
        151,
        26,
        20,
        89,
        77,
        254,
        204,
        228,
        180,
        207,
        234,
        236,
        284,
        163,
        152,
        7,
        193,
        277,
        99,
        195,
        36,
        283,
        285,
        155,
        243,
        288,
        187,
        64,
        51,
        157,
        101,
        15,
        172,
        135,
        14,
        129,
        205,
        265,
        165,
        109,
        192,
        138,
        209,
        19,
        274,
        53,
        289,
        176,
        12,
        260,
        29,
        194,
        32,
        123,
        249,
        206,
        79,
        148,
        166,
        13,
        190,
        208,
        31,
        282,
        174,
        104,
        65,
        202,
        246,
        71,
        241,
        66,
        169,
        178,
        142,
        269,
        102,
        144,
        252,
        95,
        126,
        67,
        57,
        49,
        55,
        179,
        118,
        211,
        111,
        50,
        153,
        120,
        160,
        214,
        42,
        96,
        38,
        263,
        141,
        11,
        213,
        136,
        294,
        253,
        43,
        185,
        256,
        74,
        97,
        226,
        60,
        34,
        27,
        114,
        25,
        273,
        296,
        275,
        137,
        116,
        125,
        33,
        106,
        28,
        134,
        149,
        18,
        35,
        59,
        229,
        183,
        255,
        131,
        54,
        124,
        242,
        108,
        299,
        80,
        0,
        188,
        297,
        251,
        210,
        86,
        290,
        8,
        56,
        232,
        88,
        93,
        133,
        240,
        122,
        146,
        69,
        70,
        224,
        230,
        132,
        218,
        268,
        196,
        162,
        276,
        259,
        198,
        121,
        156,
        203,
        83,
        150,
        30,
        2,
        161,
        219,
        197,
        17,
        182,
        295,
        41,
        127,
        286,
        258,
        105,
        266,
        184,
        248,
        91,
        44,
        221,
        107,
        45,
        164,
        244,
        257,
        3,
        103,
        173,
        10,
        147,
        24,
        279
    ],
    "Nb of functions evaluations": 50010,
    "Computational time in seconds": 142.33611345291138,
    "Stopping criterion in evaluations": 50000
}