4° run output:
{
    "Function": "euclidB300.tsp",
    "Problem dimension": [
        228,
        12,
        290,
        189,
        66,
        207,
        193,
        93,
        281,
        69,
        42,
        129,
        54,
        35,
        22,
        114,
        115,
        67,
        3,
        94,
        65,
        23,
        242,
        45,
        75,
        220,
        85,
        5,
        90,
        126,
        247,
        11,
        91,
        234,
        206,
        248,
        88,
        232,
        28,
        7,
        18,
        103,
        176,
        122,
        218,
        180,
        102,
        289,
        99,
        249,
        44,
        226,
        213,
        120,
        52,
        92,
        20,
        274,
        141,
        221,
        119,
        294,
        148,
        16,
        36,
        73,
        198,
        40,
        299,
        62,
        240,
        190,
        231,
        285,
        68,
        139,
        134,
        100,
        195,
        286,
        140,
        174,
        132,
        272,
        131,
        83,
        257,
        71,
        58,
        111,
        86,
        227,
        125,
        84,
        13,
        210,
        14,
        109,
        224,
        105,
        113,
        215,
        112,
        144,
        81,
        135,
        121,
        59,
        15,
        177,
        267,
        76,
        264,
        296,
        283,
        55,
        146,
        49,
        48,
        142,
        127,
        266,
        56,
        181,
        19,
        25,
        222,
        268,
        263,
        237,
        158,
        168,
        196,
        205,
        38,
        277,
        89,
        293,
        77,
        51,
        96,
        116,
        29,
        212,
        79,
        145,
        153,
        106,
        280,
        229,
        110,
        24,
        233,
        43,
        282,
        162,
        118,
        185,
        133,
        0,
        117,
        82,
        53,
        204,
        80,
        199,
        225,
        175,
        27,
        136,
        8,
        72,
        128,
        170,
        87,
        78,
        143,
        64,
        214,
        156,
        26,
        246,
        108,
        32,
        187,
        292,
        161,
        98,
        74,
        238,
        137,
        164,
        235,
        244,
        254,
        4,
        37,
        63,
        104,
        41,
        256,
        295,
        288,
        191,
        130,
        30,
        39,
        171,
        236,
        154,
        270,
        297,
        271,
        183,
        223,
        166,
        202,
        159,
        101,
        150,
        241,
        47,
        279,
        9,
        21,
        178,
        97,
        284,
        194,
        163,
        123,
        95,
        107,
        243,
        172,
        157,
        287,
        160,
        173,
        251,
        203,
        197,
        182,
        253,
        219,
        250,
        230,
        31,
        184,
        298,
        209,
        239,
        1,
        192,
        188,
        10,
        61,
        245,
        124,
        208,
        169,
        34,
        155,
        2,
        138,
        57,
        33,
        50,
        6,
        165,
        152,
        46,
        259,
        60,
        217,
        149,
        255,
        252,
        276,
        291,
        211,
        200,
        260,
        269,
        258,
        262,
        167,
        147,
        151,
        278,
        216,
        273,
        179,
        201,
        17,
        70,
        275,
        186,
        265,
        261
    ],
    "Global Optimum": 0,
    "Algorithm": "Genetic algorithm",
    "Parameters": {
        "population": 30,
        "offspring": 30,
        "mutation probability": 0.0033333333333333335,
        "crossover probability": 0.9
    },
    "Fitness": 348639,
    "Solution": [
        228,
        12,
        290,
        189,
        66,
        207,
        193,
        93,
        281,
        69,
        42,
        129,
        54,
        35,
        22,
        114,
        115,
        67,
        3,
        94,
        65,
        23,
        242,
        45,
        75,
        220,
        85,
        5,
        90,
        126,
        247,
        11,
        91,
        234,
        206,
        248,
        88,
        232,
        28,
        7,
        18,
        103,
        176,
        122,
        218,
        180,
        102,
        289,
        99,
        249,
        44,
        226,
        213,
        120,
        52,
        92,
        20,
        274,
        141,
        221,
        119,
        294,
        148,
        16,
        36,
        73,
        198,
        40,
        299,
        62,
        240,
        190,
        231,
        285,
        68,
        139,
        134,
        100,
        195,
        286,
        140,
        174,
        132,
        272,
        131,
        83,
        257,
        71,
        58,
        111,
        86,
        227,
        125,
        84,
        13,
        210,
        14,
        109,
        224,
        105,
        113,
        215,
        112,
        144,
        81,
        135,
        121,
        59,
        15,
        177,
        267,
        76,
        264,
        296,
        283,
        55,
        146,
        49,
        48,
        142,
        127,
        266,
        56,
        181,
        19,
        25,
        222,
        268,
        263,
        237,
        158,
        168,
        196,
        205,
        38,
        277,
        89,
        293,
        77,
        51,
        96,
        116,
        29,
        212,
        79,
        145,
        153,
        106,
        280,
        229,
        110,
        24,
        233,
        43,
        282,
        162,
        118,
        185,
        133,
        0,
        117,
        82,
        53,
        204,
        80,
        199,
        225,
        175,
        27,
        136,
        8,
        72,
        128,
        170,
        87,
        78,
        143,
        64,
        214,
        156,
        26,
        246,
        108,
        32,
        187,
        292,
        161,
        98,
        74,
        238,
        137,
        164,
        235,
        244,
        254,
        4,
        37,
        63,
        104,
        41,
        256,
        295,
        288,
        191,
        130,
        30,
        39,
        171,
        236,
        154,
        270,
        297,
        271,
        183,
        223,
        166,
        202,
        159,
        101,
        150,
        241,
        47,
        279,
        9,
        21,
        178,
        97,
        284,
        194,
        163,
        123,
        95,
        107,
        243,
        172,
        157,
        287,
        160,
        173,
        251,
        203,
        197,
        182,
        253,
        219,
        250,
        230,
        31,
        184,
        298,
        209,
        239,
        1,
        192,
        188,
        10,
        61,
        245,
        124,
        208,
        169,
        34,
        155,
        2,
        138,
        57,
        33,
        50,
        6,
        165,
        152,
        46,
        259,
        60,
        217,
        149,
        255,
        252,
        276,
        291,
        211,
        200,
        260,
        269,
        258,
        262,
        167,
        147,
        151,
        278,
        216,
        273,
        179,
        201,
        17,
        70,
        275,
        186,
        265,
        261
    ],
    "Nb of functions evaluations": 50010,
    "Computational time in seconds": 142.66977095603943,
    "Stopping criterion in evaluations": 50000
}