2° run output:
{
    "Function": "euclidB300.tsp",
    "Problem dimension": [
        115,
        50,
        88,
        112,
        12,
        57,
        43,
        145,
        166,
        283,
        220,
        84,
        259,
        240,
        210,
        120,
        284,
        31,
        39,
        30,
        75,
        189,
        263,
        247,
        239,
        137,
        295,
        279,
        276,
        29,
        139,
        185,
        66,
        299,
        49,
        236,
        133,
        192,
        197,
        107,
        151,
        268,
        225,
        238,
        158,
        4,
        174,
        53,
        211,
        223,
        9,
        101,
        272,
        274,
        123,
        73,
        208,
        71,
        287,
        70,
        177,
        60,
        226,
        127,
        222,
        179,
        83,
        206,
        72,
        18,
        5,
        111,
        103,
        17,
        258,
        44,
        219,
        200,
        159,
        171,
        91,
        125,
        102,
        209,
        271,
        257,
        8,
        22,
        195,
        156,
        298,
        27,
        138,
        132,
        248,
        117,
        161,
        229,
        199,
        234,
        235,
        32,
        76,
        170,
        249,
        28,
        13,
        282,
        191,
        129,
        58,
        33,
        245,
        52,
        108,
        148,
        275,
        7,
        193,
        2,
        69,
        167,
        109,
        63,
        94,
        256,
        119,
        176,
        212,
        105,
        260,
        281,
        154,
        150,
        244,
        241,
        288,
        162,
        82,
        59,
        46,
        169,
        205,
        51,
        15,
        297,
        21,
        95,
        186,
        85,
        98,
        253,
        114,
        214,
        230,
        242,
        86,
        6,
        184,
        37,
        255,
        131,
        45,
        19,
        146,
        289,
        68,
        160,
        110,
        164,
        141,
        87,
        78,
        42,
        173,
        65,
        54,
        40,
        128,
        56,
        187,
        204,
        130,
        277,
        280,
        77,
        202,
        104,
        14,
        152,
        232,
        143,
        92,
        134,
        291,
        36,
        196,
        163,
        35,
        126,
        47,
        155,
        96,
        270,
        113,
        62,
        97,
        221,
        41,
        122,
        250,
        26,
        217,
        55,
        135,
        172,
        182,
        90,
        89,
        264,
        201,
        188,
        147,
        261,
        254,
        180,
        1,
        74,
        142,
        11,
        20,
        292,
        10,
        34,
        178,
        294,
        285,
        24,
        233,
        286,
        262,
        227,
        218,
        266,
        165,
        183,
        290,
        198,
        153,
        228,
        144,
        207,
        93,
        224,
        168,
        136,
        38,
        181,
        246,
        296,
        215,
        23,
        79,
        157,
        99,
        48,
        213,
        252,
        64,
        81,
        175,
        140,
        269,
        216,
        273,
        121,
        118,
        61,
        16,
        80,
        265,
        194,
        100,
        149,
        267,
        67,
        25,
        3,
        190,
        203,
        243,
        231,
        116,
        293,
        251,
        124,
        0,
        106,
        278,
        237
    ],
    "Global Optimum": 0,
    "Algorithm": "Genetic algorithm",
    "Parameters": {
        "population": 30,
        "offspring": 30,
        "mutation probability": 0.0033333333333333335,
        "crossover probability": 0.9
    },
    "Fitness": 378366,
    "Solution": [
        115,
        50,
        88,
        112,
        12,
        57,
        43,
        145,
        166,
        283,
        220,
        84,
        259,
        240,
        210,
        120,
        284,
        31,
        39,
        30,
        75,
        189,
        263,
        247,
        239,
        137,
        295,
        279,
        276,
        29,
        139,
        185,
        66,
        299,
        49,
        236,
        133,
        192,
        197,
        107,
        151,
        268,
        225,
        238,
        158,
        4,
        174,
        53,
        211,
        223,
        9,
        101,
        272,
        274,
        123,
        73,
        208,
        71,
        287,
        70,
        177,
        60,
        226,
        127,
        222,
        179,
        83,
        206,
        72,
        18,
        5,
        111,
        103,
        17,
        258,
        44,
        219,
        200,
        159,
        171,
        91,
        125,
        102,
        209,
        271,
        257,
        8,
        22,
        195,
        156,
        298,
        27,
        138,
        132,
        248,
        117,
        161,
        229,
        199,
        234,
        235,
        32,
        76,
        170,
        249,
        28,
        13,
        282,
        191,
        129,
        58,
        33,
        245,
        52,
        108,
        148,
        275,
        7,
        193,
        2,
        69,
        167,
        109,
        63,
        94,
        256,
        119,
        176,
        212,
        105,
        260,
        281,
        154,
        150,
        244,
        241,
        288,
        162,
        82,
        59,
        46,
        169,
        205,
        51,
        15,
        297,
        21,
        95,
        186,
        85,
        98,
        253,
        114,
        214,
        230,
        242,
        86,
        6,
        184,
        37,
        255,
        131,
        45,
        19,
        146,
        289,
        68,
        160,
        110,
        164,
        141,
        87,
        78,
        42,
        173,
        65,
        54,
        40,
        128,
        56,
        187,
        204,
        130,
        277,
        280,
        77,
        202,
        104,
        14,
        152,
        232,
        143,
        92,
        134,
        291,
        36,
        196,
        163,
        35,
        126,
        47,
        155,
        96,
        270,
        113,
        62,
        97,
        221,
        41,
        122,
        250,
        26,
        217,
        55,
        135,
        172,
        182,
        90,
        89,
        264,
        201,
        188,
        147,
        261,
        254,
        180,
        1,
        74,
        142,
        11,
        20,
        292,
        10,
        34,
        178,
        294,
        285,
        24,
        233,
        286,
        262,
        227,
        218,
        266,
        165,
        183,
        290,
        198,
        153,
        228,
        144,
        207,
        93,
        224,
        168,
        136,
        38,
        181,
        246,
        296,
        215,
        23,
        79,
        157,
        99,
        48,
        213,
        252,
        64,
        81,
        175,
        140,
        269,
        216,
        273,
        121,
        118,
        61,
        16,
        80,
        265,
        194,
        100,
        149,
        267,
        67,
        25,
        3,
        190,
        203,
        243,
        231,
        116,
        293,
        251,
        124,
        0,
        106,
        278,
        237
    ],
    "Nb of functions evaluations": 50010,
    "Computational time in seconds": 142.22072863578796,
    "Stopping criterion in evaluations": 50000
}