18° run output:
{
    "Function": "kroB500.tsp",
    "Problem dimension": [
        260,
        341,
        102,
        362,
        312,
        133,
        37,
        74,
        488,
        184,
        12,
        403,
        13,
        306,
        59,
        148,
        145,
        151,
        27,
        87,
        377,
        322,
        279,
        283,
        250,
        348,
        78,
        33,
        238,
        202,
        288,
        489,
        296,
        186,
        467,
        207,
        185,
        415,
        410,
        468,
        444,
        188,
        271,
        335,
        240,
        329,
        412,
        3,
        389,
        4,
        326,
        77,
        119,
        460,
        408,
        100,
        409,
        173,
        305,
        193,
        53,
        213,
        458,
        392,
        167,
        447,
        129,
        199,
        487,
        138,
        437,
        123,
        302,
        411,
        352,
        287,
        383,
        176,
        187,
        140,
        379,
        5,
        164,
        366,
        170,
        220,
        63,
        249,
        182,
        442,
        342,
        24,
        486,
        474,
        149,
        0,
        310,
        466,
        104,
        171,
        58,
        72,
        200,
        416,
        236,
        17,
        452,
        224,
        67,
        180,
        414,
        160,
        478,
        340,
        126,
        204,
        272,
        428,
        397,
        314,
        175,
        372,
        413,
        395,
        226,
        141,
        376,
        448,
        303,
        456,
        453,
        64,
        324,
        308,
        31,
        94,
        99,
        79,
        351,
        57,
        484,
        9,
        70,
        198,
        344,
        328,
        445,
        88,
        46,
        435,
        479,
        239,
        92,
        60,
        363,
        209,
        374,
        32,
        222,
        96,
        483,
        262,
        235,
        481,
        49,
        61,
        106,
        495,
        15,
        422,
        211,
        491,
        223,
        101,
        16,
        191,
        118,
        370,
        124,
        391,
        400,
        76,
        463,
        251,
        493,
        355,
        402,
        45,
        420,
        81,
        334,
        10,
        336,
        492,
        267,
        441,
        227,
        333,
        309,
        476,
        457,
        229,
        48,
        327,
        28,
        367,
        158,
        91,
        364,
        110,
        121,
        144,
        361,
        192,
        26,
        68,
        22,
        146,
        233,
        1,
        244,
        39,
        455,
        246,
        162,
        65,
        153,
        418,
        353,
        62,
        295,
        98,
        293,
        297,
        47,
        282,
        446,
        127,
        50,
        465,
        321,
        255,
        85,
        122,
        390,
        401,
        234,
        195,
        475,
        115,
        183,
        131,
        210,
        214,
        179,
        111,
        142,
        130,
        349,
        147,
        257,
        275,
        332,
        113,
        19,
        482,
        398,
        7,
        318,
        259,
        30,
        21,
        51,
        177,
        311,
        178,
        290,
        137,
        388,
        473,
        168,
        40,
        248,
        55,
        254,
        266,
        136,
        382,
        225,
        189,
        346,
        292,
        394,
        323,
        231,
        90,
        358,
        440,
        157,
        357,
        385,
        194,
        134,
        343,
        350,
        405,
        421,
        373,
        499,
        103,
        365,
        406,
        237,
        430,
        384,
        315,
        172,
        316,
        125,
        128,
        52,
        84,
        347,
        166,
        253,
        300,
        163,
        252,
        425,
        431,
        221,
        89,
        18,
        165,
        261,
        212,
        462,
        263,
        278,
        436,
        393,
        386,
        71,
        277,
        114,
        66,
        434,
        117,
        203,
        471,
        82,
        331,
        245,
        120,
        356,
        35,
        86,
        205,
        285,
        232,
        426,
        270,
        274,
        490,
        241,
        381,
        112,
        242,
        284,
        439,
        330,
        105,
        217,
        69,
        197,
        477,
        6,
        161,
        265,
        152,
        286,
        269,
        155,
        443,
        150,
        404,
        42,
        338,
        469,
        95,
        256,
        2,
        496,
        407,
        109,
        461,
        339,
        190,
        43,
        360,
        29,
        472,
        313,
        174,
        304,
        243,
        320,
        159,
        36,
        80,
        201,
        276,
        181,
        38,
        480,
        494,
        424,
        438,
        107,
        354,
        268,
        291,
        464,
        230,
        289,
        450,
        75,
        281,
        219,
        375,
        56,
        345,
        449,
        459,
        451,
        485,
        378,
        299,
        337,
        433,
        215,
        423,
        208,
        273,
        470,
        132,
        216,
        108,
        307,
        399,
        417,
        280,
        427,
        264,
        206,
        317,
        258,
        429,
        498,
        23,
        497,
        432,
        41,
        396,
        294,
        20,
        83,
        93,
        371,
        11,
        301,
        156,
        454,
        25,
        34,
        116,
        135,
        228,
        380,
        44,
        73,
        154,
        368,
        196,
        169,
        369,
        387,
        247,
        14,
        143,
        359,
        139,
        419,
        325,
        298,
        218,
        8,
        54,
        319,
        97
    ],
    "Global Optimum": 0,
    "Algorithm": "Genetic algorithm",
    "Parameters": {
        "population": 30,
        "offspring": 30,
        "mutation probability": 0.002,
        "crossover probability": 0.9
    },
    "Fitness": 635332,
    "Solution": [
        260,
        341,
        102,
        362,
        312,
        133,
        37,
        74,
        488,
        184,
        12,
        403,
        13,
        306,
        59,
        148,
        145,
        151,
        27,
        87,
        377,
        322,
        279,
        283,
        250,
        348,
        78,
        33,
        238,
        202,
        288,
        489,
        296,
        186,
        467,
        207,
        185,
        415,
        410,
        468,
        444,
        188,
        271,
        335,
        240,
        329,
        412,
        3,
        389,
        4,
        326,
        77,
        119,
        460,
        408,
        100,
        409,
        173,
        305,
        193,
        53,
        213,
        458,
        392,
        167,
        447,
        129,
        199,
        487,
        138,
        437,
        123,
        302,
        411,
        352,
        287,
        383,
        176,
        187,
        140,
        379,
        5,
        164,
        366,
        170,
        220,
        63,
        249,
        182,
        442,
        342,
        24,
        486,
        474,
        149,
        0,
        310,
        466,
        104,
        171,
        58,
        72,
        200,
        416,
        236,
        17,
        452,
        224,
        67,
        180,
        414,
        160,
        478,
        340,
        126,
        204,
        272,
        428,
        397,
        314,
        175,
        372,
        413,
        395,
        226,
        141,
        376,
        448,
        303,
        456,
        453,
        64,
        324,
        308,
        31,
        94,
        99,
        79,
        351,
        57,
        484,
        9,
        70,
        198,
        344,
        328,
        445,
        88,
        46,
        435,
        479,
        239,
        92,
        60,
        363,
        209,
        374,
        32,
        222,
        96,
        483,
        262,
        235,
        481,
        49,
        61,
        106,
        495,
        15,
        422,
        211,
        491,
        223,
        101,
        16,
        191,
        118,
        370,
        124,
        391,
        400,
        76,
        463,
        251,
        493,
        355,
        402,
        45,
        420,
        81,
        334,
        10,
        336,
        492,
        267,
        441,
        227,
        333,
        309,
        476,
        457,
        229,
        48,
        327,
        28,
        367,
        158,
        91,
        364,
        110,
        121,
        144,
        361,
        192,
        26,
        68,
        22,
        146,
        233,
        1,
        244,
        39,
        455,
        246,
        162,
        65,
        153,
        418,
        353,
        62,
        295,
        98,
        293,
        297,
        47,
        282,
        446,
        127,
        50,
        465,
        321,
        255,
        85,
        122,
        390,
        401,
        234,
        195,
        475,
        115,
        183,
        131,
        210,
        214,
        179,
        111,
        142,
        130,
        349,
        147,
        257,
        275,
        332,
        113,
        19,
        482,
        398,
        7,
        318,
        259,
        30,
        21,
        51,
        177,
        311,
        178,
        290,
        137,
        388,
        473,
        168,
        40,
        248,
        55,
        254,
        266,
        136,
        382,
        225,
        189,
        346,
        292,
        394,
        323,
        231,
        90,
        358,
        440,
        157,
        357,
        385,
        194,
        134,
        343,
        350,
        405,
        421,
        373,
        499,
        103,
        365,
        406,
        237,
        430,
        384,
        315,
        172,
        316,
        125,
        128,
        52,
        84,
        347,
        166,
        253,
        300,
        163,
        252,
        425,
        431,
        221,
        89,
        18,
        165,
        261,
        212,
        462,
        263,
        278,
        436,
        393,
        386,
        71,
        277,
        114,
        66,
        434,
        117,
        203,
        471,
        82,
        331,
        245,
        120,
        356,
        35,
        86,
        205,
        285,
        232,
        426,
        270,
        274,
        490,
        241,
        381,
        112,
        242,
        284,
        439,
        330,
        105,
        217,
        69,
        197,
        477,
        6,
        161,
        265,
        152,
        286,
        269,
        155,
        443,
        150,
        404,
        42,
        338,
        469,
        95,
        256,
        2,
        496,
        407,
        109,
        461,
        339,
        190,
        43,
        360,
        29,
        472,
        313,
        174,
        304,
        243,
        320,
        159,
        36,
        80,
        201,
        276,
        181,
        38,
        480,
        494,
        424,
        438,
        107,
        354,
        268,
        291,
        464,
        230,
        289,
        450,
        75,
        281,
        219,
        375,
        56,
        345,
        449,
        459,
        451,
        485,
        378,
        299,
        337,
        433,
        215,
        423,
        208,
        273,
        470,
        132,
        216,
        108,
        307,
        399,
        417,
        280,
        427,
        264,
        206,
        317,
        258,
        429,
        498,
        23,
        497,
        432,
        41,
        396,
        294,
        20,
        83,
        93,
        371,
        11,
        301,
        156,
        454,
        25,
        34,
        116,
        135,
        228,
        380,
        44,
        73,
        154,
        368,
        196,
        169,
        369,
        387,
        247,
        14,
        143,
        359,
        139,
        419,
        325,
        298,
        218,
        8,
        54,
        319,
        97
    ],
    "Nb of functions evaluations": 50010,
    "Computational time in seconds": 370.74379086494446,
    "Stopping criterion in evaluations": 50000
}