29° run output:
{
    "Function": "kroB500.tsp",
    "Problem dimension": [
        70,
        334,
        148,
        54,
        159,
        184,
        147,
        46,
        263,
        187,
        78,
        21,
        493,
        492,
        143,
        464,
        443,
        336,
        167,
        262,
        124,
        426,
        281,
        476,
        453,
        179,
        165,
        350,
        485,
        183,
        257,
        122,
        442,
        330,
        331,
        395,
        417,
        35,
        408,
        83,
        211,
        264,
        102,
        483,
        374,
        27,
        89,
        465,
        191,
        469,
        380,
        412,
        306,
        313,
        484,
        486,
        207,
        92,
        378,
        445,
        151,
        34,
        363,
        479,
        232,
        206,
        213,
        307,
        344,
        185,
        296,
        321,
        375,
        230,
        74,
        253,
        294,
        84,
        459,
        73,
        446,
        181,
        461,
        388,
        413,
        299,
        329,
        226,
        360,
        15,
        415,
        298,
        241,
        328,
        434,
        121,
        223,
        339,
        156,
        407,
        352,
        116,
        439,
        79,
        68,
        369,
        366,
        478,
        387,
        365,
        304,
        49,
        126,
        158,
        201,
        50,
        150,
        222,
        47,
        396,
        361,
        33,
        113,
        441,
        333,
        58,
        188,
        452,
        278,
        229,
        398,
        320,
        29,
        69,
        381,
        123,
        67,
        219,
        40,
        245,
        106,
        8,
        323,
        414,
        354,
        169,
        427,
        255,
        112,
        480,
        356,
        203,
        240,
        462,
        325,
        110,
        19,
        38,
        364,
        271,
        160,
        64,
        178,
        274,
        250,
        345,
        390,
        31,
        93,
        362,
        448,
        144,
        319,
        55,
        20,
        128,
        152,
        212,
        401,
        373,
        351,
        346,
        239,
        342,
        376,
        132,
        51,
        192,
        473,
        197,
        357,
        284,
        470,
        171,
        259,
        481,
        420,
        91,
        497,
        494,
        65,
        341,
        291,
        451,
        289,
        349,
        22,
        303,
        499,
        225,
        228,
        216,
        279,
        293,
        309,
        379,
        301,
        272,
        17,
        242,
        273,
        193,
        454,
        399,
        261,
        489,
        56,
        75,
        460,
        410,
        96,
        322,
        168,
        57,
        276,
        155,
        111,
        149,
        256,
        177,
        80,
        205,
        202,
        114,
        487,
        290,
        63,
        24,
        215,
        338,
        285,
        176,
        82,
        488,
        142,
        432,
        103,
        161,
        118,
        180,
        394,
        411,
        190,
        10,
        300,
        449,
        146,
        6,
        370,
        234,
        44,
        95,
        286,
        315,
        117,
        60,
        297,
        7,
        53,
        495,
        0,
        172,
        266,
        141,
        107,
        11,
        90,
        305,
        292,
        170,
        265,
        397,
        138,
        359,
        196,
        421,
        385,
        393,
        127,
        392,
        100,
        316,
        311,
        41,
        62,
        5,
        43,
        120,
        455,
        326,
        463,
        468,
        71,
        270,
        125,
        425,
        251,
        4,
        231,
        423,
        458,
        447,
        435,
        45,
        140,
        16,
        248,
        1,
        477,
        282,
        32,
        371,
        81,
        220,
        233,
        194,
        154,
        428,
        139,
        134,
        227,
        94,
        472,
        258,
        456,
        254,
        182,
        246,
        340,
        209,
        247,
        48,
        189,
        383,
        135,
        28,
        302,
        130,
        403,
        355,
        496,
        199,
        99,
        308,
        200,
        66,
        436,
        119,
        437,
        348,
        210,
        153,
        327,
        367,
        317,
        288,
        235,
        409,
        482,
        457,
        221,
        3,
        400,
        137,
        186,
        280,
        18,
        37,
        164,
        382,
        98,
        163,
        283,
        59,
        85,
        431,
        343,
        238,
        52,
        402,
        314,
        277,
        312,
        474,
        391,
        430,
        267,
        332,
        166,
        386,
        42,
        429,
        268,
        104,
        108,
        131,
        372,
        76,
        358,
        2,
        36,
        419,
        214,
        12,
        405,
        475,
        440,
        101,
        404,
        252,
        208,
        77,
        109,
        450,
        25,
        14,
        418,
        30,
        23,
        438,
        217,
        198,
        88,
        236,
        97,
        26,
        157,
        275,
        13,
        467,
        105,
        444,
        243,
        39,
        318,
        287,
        244,
        337,
        335,
        368,
        416,
        377,
        249,
        424,
        466,
        433,
        87,
        237,
        353,
        195,
        269,
        406,
        145,
        173,
        491,
        115,
        310,
        218,
        498,
        295,
        9,
        61,
        347,
        324,
        175,
        174,
        224,
        72,
        422,
        133,
        384,
        471,
        162,
        260,
        136,
        129,
        389,
        204,
        86,
        490
    ],
    "Global Optimum": 0,
    "Algorithm": "Genetic algorithm",
    "Parameters": {
        "population": 30,
        "offspring": 30,
        "mutation probability": 0.002,
        "crossover probability": 0.9
    },
    "Fitness": 652680,
    "Solution": [
        70,
        334,
        148,
        54,
        159,
        184,
        147,
        46,
        263,
        187,
        78,
        21,
        493,
        492,
        143,
        464,
        443,
        336,
        167,
        262,
        124,
        426,
        281,
        476,
        453,
        179,
        165,
        350,
        485,
        183,
        257,
        122,
        442,
        330,
        331,
        395,
        417,
        35,
        408,
        83,
        211,
        264,
        102,
        483,
        374,
        27,
        89,
        465,
        191,
        469,
        380,
        412,
        306,
        313,
        484,
        486,
        207,
        92,
        378,
        445,
        151,
        34,
        363,
        479,
        232,
        206,
        213,
        307,
        344,
        185,
        296,
        321,
        375,
        230,
        74,
        253,
        294,
        84,
        459,
        73,
        446,
        181,
        461,
        388,
        413,
        299,
        329,
        226,
        360,
        15,
        415,
        298,
        241,
        328,
        434,
        121,
        223,
        339,
        156,
        407,
        352,
        116,
        439,
        79,
        68,
        369,
        366,
        478,
        387,
        365,
        304,
        49,
        126,
        158,
        201,
        50,
        150,
        222,
        47,
        396,
        361,
        33,
        113,
        441,
        333,
        58,
        188,
        452,
        278,
        229,
        398,
        320,
        29,
        69,
        381,
        123,
        67,
        219,
        40,
        245,
        106,
        8,
        323,
        414,
        354,
        169,
        427,
        255,
        112,
        480,
        356,
        203,
        240,
        462,
        325,
        110,
        19,
        38,
        364,
        271,
        160,
        64,
        178,
        274,
        250,
        345,
        390,
        31,
        93,
        362,
        448,
        144,
        319,
        55,
        20,
        128,
        152,
        212,
        401,
        373,
        351,
        346,
        239,
        342,
        376,
        132,
        51,
        192,
        473,
        197,
        357,
        284,
        470,
        171,
        259,
        481,
        420,
        91,
        497,
        494,
        65,
        341,
        291,
        451,
        289,
        349,
        22,
        303,
        499,
        225,
        228,
        216,
        279,
        293,
        309,
        379,
        301,
        272,
        17,
        242,
        273,
        193,
        454,
        399,
        261,
        489,
        56,
        75,
        460,
        410,
        96,
        322,
        168,
        57,
        276,
        155,
        111,
        149,
        256,
        177,
        80,
        205,
        202,
        114,
        487,
        290,
        63,
        24,
        215,
        338,
        285,
        176,
        82,
        488,
        142,
        432,
        103,
        161,
        118,
        180,
        394,
        411,
        190,
        10,
        300,
        449,
        146,
        6,
        370,
        234,
        44,
        95,
        286,
        315,
        117,
        60,
        297,
        7,
        53,
        495,
        0,
        172,
        266,
        141,
        107,
        11,
        90,
        305,
        292,
        170,
        265,
        397,
        138,
        359,
        196,
        421,
        385,
        393,
        127,
        392,
        100,
        316,
        311,
        41,
        62,
        5,
        43,
        120,
        455,
        326,
        463,
        468,
        71,
        270,
        125,
        425,
        251,
        4,
        231,
        423,
        458,
        447,
        435,
        45,
        140,
        16,
        248,
        1,
        477,
        282,
        32,
        371,
        81,
        220,
        233,
        194,
        154,
        428,
        139,
        134,
        227,
        94,
        472,
        258,
        456,
        254,
        182,
        246,
        340,
        209,
        247,
        48,
        189,
        383,
        135,
        28,
        302,
        130,
        403,
        355,
        496,
        199,
        99,
        308,
        200,
        66,
        436,
        119,
        437,
        348,
        210,
        153,
        327,
        367,
        317,
        288,
        235,
        409,
        482,
        457,
        221,
        3,
        400,
        137,
        186,
        280,
        18,
        37,
        164,
        382,
        98,
        163,
        283,
        59,
        85,
        431,
        343,
        238,
        52,
        402,
        314,
        277,
        312,
        474,
        391,
        430,
        267,
        332,
        166,
        386,
        42,
        429,
        268,
        104,
        108,
        131,
        372,
        76,
        358,
        2,
        36,
        419,
        214,
        12,
        405,
        475,
        440,
        101,
        404,
        252,
        208,
        77,
        109,
        450,
        25,
        14,
        418,
        30,
        23,
        438,
        217,
        198,
        88,
        236,
        97,
        26,
        157,
        275,
        13,
        467,
        105,
        444,
        243,
        39,
        318,
        287,
        244,
        337,
        335,
        368,
        416,
        377,
        249,
        424,
        466,
        433,
        87,
        237,
        353,
        195,
        269,
        406,
        145,
        173,
        491,
        115,
        310,
        218,
        498,
        295,
        9,
        61,
        347,
        324,
        175,
        174,
        224,
        72,
        422,
        133,
        384,
        471,
        162,
        260,
        136,
        129,
        389,
        204,
        86,
        490
    ],
    "Nb of functions evaluations": 50010,
    "Computational time in seconds": 368.9674642086029,
    "Stopping criterion in evaluations": 50000
}