28° run output:
{
    "Function": "kroB500.tsp",
    "Problem dimension": [
        140,
        453,
        94,
        129,
        180,
        329,
        182,
        86,
        343,
        222,
        371,
        213,
        406,
        464,
        375,
        270,
        326,
        474,
        363,
        364,
        472,
        391,
        350,
        31,
        242,
        483,
        339,
        245,
        275,
        163,
        495,
        254,
        80,
        178,
        197,
        367,
        40,
        443,
        62,
        147,
        241,
        466,
        309,
        373,
        184,
        361,
        301,
        181,
        436,
        207,
        144,
        84,
        250,
        64,
        70,
        389,
        456,
        447,
        330,
        315,
        279,
        0,
        383,
        477,
        420,
        390,
        410,
        484,
        209,
        237,
        132,
        212,
        108,
        450,
        136,
        149,
        287,
        26,
        346,
        56,
        171,
        488,
        6,
        236,
        175,
        449,
        376,
        471,
        154,
        28,
        160,
        168,
        244,
        340,
        368,
        158,
        440,
        493,
        101,
        161,
        192,
        437,
        79,
        3,
        17,
        14,
        259,
        97,
        18,
        118,
        35,
        125,
        199,
        46,
        19,
        403,
        219,
        162,
        281,
        179,
        5,
        252,
        22,
        134,
        234,
        377,
        467,
        120,
        425,
        44,
        150,
        366,
        463,
        421,
        290,
        458,
        206,
        37,
        428,
        128,
        27,
        338,
        267,
        142,
        288,
        156,
        268,
        255,
        232,
        190,
        304,
        47,
        388,
        92,
        337,
        214,
        153,
        263,
        320,
        25,
        445,
        83,
        321,
        272,
        205,
        395,
        105,
        226,
        72,
        246,
        401,
        87,
        239,
        269,
        55,
        308,
        303,
        283,
        174,
        400,
        122,
        2,
        11,
        133,
        374,
        427,
        478,
        296,
        30,
        487,
        398,
        386,
        71,
        276,
        489,
        23,
        264,
        416,
        274,
        262,
        412,
        382,
        230,
        273,
        345,
        402,
        20,
        8,
        347,
        195,
        193,
        177,
        305,
        165,
        426,
        139,
        60,
        494,
        58,
        166,
        490,
        265,
        76,
        369,
        354,
        496,
        102,
        491,
        34,
        13,
        257,
        480,
        106,
        152,
        49,
        215,
        186,
        167,
        155,
        306,
        77,
        111,
        292,
        411,
        444,
        247,
        438,
        208,
        486,
        85,
        130,
        51,
        468,
        218,
        217,
        221,
        50,
        314,
        266,
        285,
        396,
        482,
        243,
        143,
        36,
        465,
        297,
        54,
        104,
        74,
        123,
        470,
        73,
        12,
        15,
        278,
        312,
        335,
        452,
        103,
        295,
        65,
        422,
        387,
        352,
        191,
        200,
        204,
        298,
        435,
        492,
        98,
        286,
        183,
        459,
        355,
        164,
        261,
        61,
        52,
        99,
        91,
        95,
        21,
        48,
        324,
        148,
        434,
        409,
        42,
        235,
        462,
        110,
        431,
        82,
        43,
        446,
        109,
        228,
        67,
        423,
        405,
        231,
        307,
        248,
        392,
        451,
        88,
        399,
        358,
        172,
        107,
        473,
        68,
        137,
        407,
        332,
        333,
        225,
        417,
        116,
        370,
        277,
        448,
        424,
        223,
        429,
        381,
        325,
        455,
        294,
        498,
        327,
        284,
        38,
        53,
        331,
        289,
        117,
        323,
        310,
        499,
        432,
        379,
        224,
        9,
        393,
        216,
        69,
        112,
        131,
        460,
        145,
        89,
        188,
        362,
        441,
        260,
        439,
        32,
        7,
        293,
        433,
        141,
        10,
        348,
        45,
        378,
        114,
        185,
        454,
        187,
        24,
        318,
        121,
        414,
        251,
        229,
        90,
        271,
        138,
        359,
        59,
        344,
        115,
        196,
        457,
        418,
        341,
        291,
        249,
        198,
        372,
        81,
        380,
        16,
        302,
        127,
        113,
        78,
        397,
        126,
        419,
        203,
        353,
        349,
        41,
        404,
        210,
        408,
        316,
        33,
        173,
        394,
        357,
        342,
        365,
        159,
        469,
        4,
        313,
        351,
        461,
        311,
        1,
        176,
        356,
        238,
        135,
        300,
        485,
        39,
        220,
        497,
        256,
        442,
        189,
        29,
        57,
        328,
        240,
        100,
        415,
        413,
        280,
        479,
        258,
        481,
        475,
        157,
        211,
        66,
        282,
        384,
        385,
        202,
        124,
        317,
        360,
        63,
        146,
        253,
        336,
        151,
        227,
        96,
        93,
        119,
        75,
        170,
        319,
        194,
        201,
        322,
        476,
        299,
        430,
        233,
        334,
        169
    ],
    "Global Optimum": 0,
    "Algorithm": "Genetic algorithm",
    "Parameters": {
        "population": 30,
        "offspring": 30,
        "mutation probability": 0.002,
        "crossover probability": 0.9
    },
    "Fitness": 616368,
    "Solution": [
        140,
        453,
        94,
        129,
        180,
        329,
        182,
        86,
        343,
        222,
        371,
        213,
        406,
        464,
        375,
        270,
        326,
        474,
        363,
        364,
        472,
        391,
        350,
        31,
        242,
        483,
        339,
        245,
        275,
        163,
        495,
        254,
        80,
        178,
        197,
        367,
        40,
        443,
        62,
        147,
        241,
        466,
        309,
        373,
        184,
        361,
        301,
        181,
        436,
        207,
        144,
        84,
        250,
        64,
        70,
        389,
        456,
        447,
        330,
        315,
        279,
        0,
        383,
        477,
        420,
        390,
        410,
        484,
        209,
        237,
        132,
        212,
        108,
        450,
        136,
        149,
        287,
        26,
        346,
        56,
        171,
        488,
        6,
        236,
        175,
        449,
        376,
        471,
        154,
        28,
        160,
        168,
        244,
        340,
        368,
        158,
        440,
        493,
        101,
        161,
        192,
        437,
        79,
        3,
        17,
        14,
        259,
        97,
        18,
        118,
        35,
        125,
        199,
        46,
        19,
        403,
        219,
        162,
        281,
        179,
        5,
        252,
        22,
        134,
        234,
        377,
        467,
        120,
        425,
        44,
        150,
        366,
        463,
        421,
        290,
        458,
        206,
        37,
        428,
        128,
        27,
        338,
        267,
        142,
        288,
        156,
        268,
        255,
        232,
        190,
        304,
        47,
        388,
        92,
        337,
        214,
        153,
        263,
        320,
        25,
        445,
        83,
        321,
        272,
        205,
        395,
        105,
        226,
        72,
        246,
        401,
        87,
        239,
        269,
        55,
        308,
        303,
        283,
        174,
        400,
        122,
        2,
        11,
        133,
        374,
        427,
        478,
        296,
        30,
        487,
        398,
        386,
        71,
        276,
        489,
        23,
        264,
        416,
        274,
        262,
        412,
        382,
        230,
        273,
        345,
        402,
        20,
        8,
        347,
        195,
        193,
        177,
        305,
        165,
        426,
        139,
        60,
        494,
        58,
        166,
        490,
        265,
        76,
        369,
        354,
        496,
        102,
        491,
        34,
        13,
        257,
        480,
        106,
        152,
        49,
        215,
        186,
        167,
        155,
        306,
        77,
        111,
        292,
        411,
        444,
        247,
        438,
        208,
        486,
        85,
        130,
        51,
        468,
        218,
        217,
        221,
        50,
        314,
        266,
        285,
        396,
        482,
        243,
        143,
        36,
        465,
        297,
        54,
        104,
        74,
        123,
        470,
        73,
        12,
        15,
        278,
        312,
        335,
        452,
        103,
        295,
        65,
        422,
        387,
        352,
        191,
        200,
        204,
        298,
        435,
        492,
        98,
        286,
        183,
        459,
        355,
        164,
        261,
        61,
        52,
        99,
        91,
        95,
        21,
        48,
        324,
        148,
        434,
        409,
        42,
        235,
        462,
        110,
        431,
        82,
        43,
        446,
        109,
        228,
        67,
        423,
        405,
        231,
        307,
        248,
        392,
        451,
        88,
        399,
        358,
        172,
        107,
        473,
        68,
        137,
        407,
        332,
        333,
        225,
        417,
        116,
        370,
        277,
        448,
        424,
        223,
        429,
        381,
        325,
        455,
        294,
        498,
        327,
        284,
        38,
        53,
        331,
        289,
        117,
        323,
        310,
        499,
        432,
        379,
        224,
        9,
        393,
        216,
        69,
        112,
        131,
        460,
        145,
        89,
        188,
        362,
        441,
        260,
        439,
        32,
        7,
        293,
        433,
        141,
        10,
        348,
        45,
        378,
        114,
        185,
        454,
        187,
        24,
        318,
        121,
        414,
        251,
        229,
        90,
        271,
        138,
        359,
        59,
        344,
        115,
        196,
        457,
        418,
        341,
        291,
        249,
        198,
        372,
        81,
        380,
        16,
        302,
        127,
        113,
        78,
        397,
        126,
        419,
        203,
        353,
        349,
        41,
        404,
        210,
        408,
        316,
        33,
        173,
        394,
        357,
        342,
        365,
        159,
        469,
        4,
        313,
        351,
        461,
        311,
        1,
        176,
        356,
        238,
        135,
        300,
        485,
        39,
        220,
        497,
        256,
        442,
        189,
        29,
        57,
        328,
        240,
        100,
        415,
        413,
        280,
        479,
        258,
        481,
        475,
        157,
        211,
        66,
        282,
        384,
        385,
        202,
        124,
        317,
        360,
        63,
        146,
        253,
        336,
        151,
        227,
        96,
        93,
        119,
        75,
        170,
        319,
        194,
        201,
        322,
        476,
        299,
        430,
        233,
        334,
        169
    ],
    "Nb of functions evaluations": 50010,
    "Computational time in seconds": 370.141254901886,
    "Stopping criterion in evaluations": 50000
}