1° run output:
{
    "Function": "kroB500.tsp",
    "Problem dimension": [
        37,
        53,
        276,
        49,
        391,
        268,
        188,
        90,
        238,
        50,
        290,
        116,
        437,
        43,
        381,
        449,
        159,
        439,
        444,
        353,
        477,
        494,
        124,
        248,
        442,
        314,
        213,
        405,
        56,
        483,
        196,
        368,
        287,
        187,
        334,
        64,
        345,
        408,
        342,
        347,
        469,
        419,
        468,
        476,
        224,
        211,
        28,
        486,
        61,
        378,
        20,
        414,
        24,
        474,
        112,
        308,
        135,
        310,
        252,
        320,
        47,
        230,
        472,
        436,
        478,
        223,
        220,
        98,
        54,
        264,
        267,
        69,
        453,
        9,
        239,
        210,
        45,
        152,
        235,
        272,
        492,
        128,
        78,
        36,
        254,
        172,
        260,
        375,
        214,
        234,
        326,
        218,
        282,
        19,
        134,
        83,
        41,
        40,
        412,
        322,
        462,
        259,
        379,
        275,
        184,
        194,
        291,
        300,
        455,
        339,
        109,
        377,
        35,
        484,
        278,
        229,
        126,
        319,
        369,
        479,
        323,
        107,
        499,
        131,
        2,
        357,
        383,
        338,
        246,
        250,
        6,
        406,
        299,
        130,
        392,
        140,
        445,
        129,
        58,
        86,
        144,
        431,
        457,
        464,
        430,
        21,
        147,
        91,
        458,
        74,
        364,
        363,
        32,
        448,
        309,
        285,
        242,
        60,
        70,
        31,
        185,
        388,
        52,
        168,
        182,
        270,
        497,
        359,
        177,
        428,
        212,
        5,
        475,
        398,
        298,
        343,
        180,
        376,
        89,
        283,
        304,
        136,
        426,
        3,
        57,
        372,
        288,
        221,
        435,
        409,
        103,
        489,
        295,
        367,
        265,
        237,
        186,
        132,
        434,
        183,
        351,
        416,
        8,
        411,
        102,
        164,
        161,
        48,
        329,
        193,
        324,
        389,
        362,
        395,
        258,
        149,
        4,
        201,
        169,
        110,
        463,
        44,
        257,
        450,
        13,
        42,
        386,
        227,
        178,
        206,
        493,
        315,
        67,
        100,
        429,
        284,
        108,
        226,
        105,
        154,
        16,
        205,
        88,
        461,
        403,
        349,
        396,
        452,
        142,
        192,
        195,
        217,
        99,
        470,
        312,
        95,
        301,
        23,
        262,
        207,
        120,
        46,
        263,
        336,
        289,
        215,
        451,
        139,
        12,
        279,
        118,
        39,
        38,
        397,
        481,
        485,
        350,
        114,
        418,
        373,
        465,
        208,
        498,
        138,
        356,
        111,
        30,
        17,
        167,
        189,
        427,
        466,
        393,
        232,
        81,
        423,
        71,
        446,
        181,
        163,
        158,
        384,
        0,
        96,
        459,
        441,
        401,
        146,
        366,
        18,
        76,
        371,
        256,
        113,
        286,
        302,
        104,
        92,
        340,
        281,
        473,
        141,
        421,
        277,
        162,
        59,
        293,
        273,
        424,
        332,
        360,
        443,
        480,
        143,
        26,
        240,
        34,
        280,
        243,
        77,
        297,
        233,
        358,
        327,
        247,
        63,
        370,
        433,
        344,
        228,
        171,
        321,
        65,
        68,
        313,
        79,
        11,
        365,
        382,
        156,
        7,
        335,
        197,
        80,
        294,
        203,
        333,
        399,
        94,
        150,
        404,
        1,
        119,
        488,
        122,
        374,
        305,
        413,
        176,
        471,
        490,
        72,
        346,
        410,
        160,
        355,
        352,
        179,
        325,
        269,
        454,
        440,
        348,
        97,
        106,
        491,
        166,
        337,
        425,
        191,
        330,
        432,
        306,
        296,
        385,
        117,
        29,
        274,
        62,
        85,
        25,
        204,
        200,
        303,
        27,
        390,
        415,
        93,
        245,
        82,
        420,
        222,
        84,
        121,
        157,
        422,
        51,
        261,
        22,
        328,
        15,
        127,
        402,
        87,
        153,
        253,
        151,
        447,
        407,
        198,
        115,
        482,
        137,
        251,
        145,
        394,
        225,
        199,
        170,
        175,
        236,
        73,
        66,
        460,
        271,
        190,
        318,
        231,
        148,
        55,
        341,
        125,
        10,
        209,
        438,
        33,
        417,
        496,
        317,
        202,
        219,
        387,
        456,
        487,
        123,
        155,
        14,
        316,
        75,
        495,
        266,
        173,
        361,
        244,
        255,
        307,
        292,
        241,
        380,
        331,
        311,
        101,
        216,
        354,
        165,
        174,
        133,
        467,
        400,
        249
    ],
    "Global Optimum": 0,
    "Algorithm": "Genetic algorithm",
    "Parameters": {
        "population": 30,
        "offspring": 30,
        "mutation probability": 0.002,
        "crossover probability": 0.9
    },
    "Fitness": 627540,
    "Solution": [
        37,
        53,
        276,
        49,
        391,
        268,
        188,
        90,
        238,
        50,
        290,
        116,
        437,
        43,
        381,
        449,
        159,
        439,
        444,
        353,
        477,
        494,
        124,
        248,
        442,
        314,
        213,
        405,
        56,
        483,
        196,
        368,
        287,
        187,
        334,
        64,
        345,
        408,
        342,
        347,
        469,
        419,
        468,
        476,
        224,
        211,
        28,
        486,
        61,
        378,
        20,
        414,
        24,
        474,
        112,
        308,
        135,
        310,
        252,
        320,
        47,
        230,
        472,
        436,
        478,
        223,
        220,
        98,
        54,
        264,
        267,
        69,
        453,
        9,
        239,
        210,
        45,
        152,
        235,
        272,
        492,
        128,
        78,
        36,
        254,
        172,
        260,
        375,
        214,
        234,
        326,
        218,
        282,
        19,
        134,
        83,
        41,
        40,
        412,
        322,
        462,
        259,
        379,
        275,
        184,
        194,
        291,
        300,
        455,
        339,
        109,
        377,
        35,
        484,
        278,
        229,
        126,
        319,
        369,
        479,
        323,
        107,
        499,
        131,
        2,
        357,
        383,
        338,
        246,
        250,
        6,
        406,
        299,
        130,
        392,
        140,
        445,
        129,
        58,
        86,
        144,
        431,
        457,
        464,
        430,
        21,
        147,
        91,
        458,
        74,
        364,
        363,
        32,
        448,
        309,
        285,
        242,
        60,
        70,
        31,
        185,
        388,
        52,
        168,
        182,
        270,
        497,
        359,
        177,
        428,
        212,
        5,
        475,
        398,
        298,
        343,
        180,
        376,
        89,
        283,
        304,
        136,
        426,
        3,
        57,
        372,
        288,
        221,
        435,
        409,
        103,
        489,
        295,
        367,
        265,
        237,
        186,
        132,
        434,
        183,
        351,
        416,
        8,
        411,
        102,
        164,
        161,
        48,
        329,
        193,
        324,
        389,
        362,
        395,
        258,
        149,
        4,
        201,
        169,
        110,
        463,
        44,
        257,
        450,
        13,
        42,
        386,
        227,
        178,
        206,
        493,
        315,
        67,
        100,
        429,
        284,
        108,
        226,
        105,
        154,
        16,
        205,
        88,
        461,
        403,
        349,
        396,
        452,
        142,
        192,
        195,
        217,
        99,
        470,
        312,
        95,
        301,
        23,
        262,
        207,
        120,
        46,
        263,
        336,
        289,
        215,
        451,
        139,
        12,
        279,
        118,
        39,
        38,
        397,
        481,
        485,
        350,
        114,
        418,
        373,
        465,
        208,
        498,
        138,
        356,
        111,
        30,
        17,
        167,
        189,
        427,
        466,
        393,
        232,
        81,
        423,
        71,
        446,
        181,
        163,
        158,
        384,
        0,
        96,
        459,
        441,
        401,
        146,
        366,
        18,
        76,
        371,
        256,
        113,
        286,
        302,
        104,
        92,
        340,
        281,
        473,
        141,
        421,
        277,
        162,
        59,
        293,
        273,
        424,
        332,
        360,
        443,
        480,
        143,
        26,
        240,
        34,
        280,
        243,
        77,
        297,
        233,
        358,
        327,
        247,
        63,
        370,
        433,
        344,
        228,
        171,
        321,
        65,
        68,
        313,
        79,
        11,
        365,
        382,
        156,
        7,
        335,
        197,
        80,
        294,
        203,
        333,
        399,
        94,
        150,
        404,
        1,
        119,
        488,
        122,
        374,
        305,
        413,
        176,
        471,
        490,
        72,
        346,
        410,
        160,
        355,
        352,
        179,
        325,
        269,
        454,
        440,
        348,
        97,
        106,
        491,
        166,
        337,
        425,
        191,
        330,
        432,
        306,
        296,
        385,
        117,
        29,
        274,
        62,
        85,
        25,
        204,
        200,
        303,
        27,
        390,
        415,
        93,
        245,
        82,
        420,
        222,
        84,
        121,
        157,
        422,
        51,
        261,
        22,
        328,
        15,
        127,
        402,
        87,
        153,
        253,
        151,
        447,
        407,
        198,
        115,
        482,
        137,
        251,
        145,
        394,
        225,
        199,
        170,
        175,
        236,
        73,
        66,
        460,
        271,
        190,
        318,
        231,
        148,
        55,
        341,
        125,
        10,
        209,
        438,
        33,
        417,
        496,
        317,
        202,
        219,
        387,
        456,
        487,
        123,
        155,
        14,
        316,
        75,
        495,
        266,
        173,
        361,
        244,
        255,
        307,
        292,
        241,
        380,
        331,
        311,
        101,
        216,
        354,
        165,
        174,
        133,
        467,
        400,
        249
    ],
    "Nb of functions evaluations": 50010,
    "Computational time in seconds": 370.7967176437378,
    "Stopping criterion in evaluations": 50000
}