9° run output:
{
    "Function": "kroB500.tsp",
    "Problem dimension": [
        402,
        9,
        401,
        139,
        141,
        69,
        312,
        173,
        403,
        246,
        155,
        317,
        361,
        120,
        393,
        310,
        224,
        429,
        359,
        47,
        88,
        335,
        37,
        305,
        10,
        409,
        271,
        250,
        48,
        193,
        313,
        80,
        481,
        211,
        283,
        60,
        245,
        277,
        101,
        237,
        388,
        475,
        32,
        330,
        434,
        218,
        76,
        451,
        288,
        95,
        124,
        419,
        282,
        319,
        421,
        322,
        43,
        362,
        33,
        382,
        28,
        347,
        435,
        363,
        281,
        284,
        61,
        293,
        44,
        255,
        201,
        163,
        445,
        256,
        89,
        84,
        130,
        115,
        440,
        106,
        466,
        72,
        432,
        427,
        165,
        236,
        285,
        344,
        149,
        22,
        437,
        333,
        152,
        264,
        213,
        444,
        307,
        353,
        248,
        87,
        472,
        428,
        137,
        55,
        303,
        275,
        160,
        370,
        144,
        75,
        27,
        424,
        183,
        453,
        100,
        373,
        337,
        200,
        299,
        463,
        4,
        413,
        261,
        70,
        416,
        251,
        279,
        417,
        207,
        31,
        323,
        52,
        336,
        345,
        426,
        365,
        374,
        327,
        56,
        6,
        291,
        375,
        385,
        351,
        394,
        274,
        352,
        247,
        234,
        3,
        287,
        259,
        383,
        67,
        469,
        36,
        378,
        162,
        126,
        295,
        225,
        476,
        398,
        97,
        254,
        386,
        177,
        376,
        93,
        119,
        34,
        397,
        148,
        59,
        346,
        172,
        348,
        20,
        422,
        132,
        477,
        309,
        187,
        50,
        86,
        18,
        15,
        208,
        243,
        487,
        77,
        161,
        462,
        127,
        360,
        222,
        430,
        297,
        150,
        448,
        221,
        189,
        368,
        202,
        153,
        420,
        318,
        260,
        108,
        269,
        192,
        289,
        229,
        357,
        371,
        136,
        212,
        338,
        58,
        26,
        14,
        483,
        194,
        191,
        471,
        302,
        390,
        7,
        151,
        74,
        54,
        83,
        167,
        433,
        276,
        331,
        219,
        272,
        406,
        169,
        412,
        205,
        217,
        446,
        175,
        486,
        112,
        384,
        11,
        458,
        85,
        25,
        405,
        134,
        182,
        146,
        1,
        380,
        439,
        311,
        452,
        395,
        396,
        415,
        96,
        273,
        367,
        142,
        128,
        57,
        268,
        231,
        314,
        17,
        488,
        159,
        478,
        226,
        349,
        147,
        267,
        16,
        423,
        372,
        199,
        228,
        356,
        242,
        40,
        105,
        214,
        340,
        114,
        491,
        342,
        457,
        223,
        203,
        456,
        292,
        107,
        71,
        270,
        109,
        35,
        301,
        343,
        73,
        449,
        492,
        418,
        158,
        157,
        263,
        190,
        188,
        494,
        450,
        135,
        121,
        387,
        341,
        443,
        21,
        53,
        431,
        496,
        215,
        179,
        493,
        42,
        321,
        176,
        79,
        498,
        369,
        355,
        113,
        358,
        2,
        184,
        265,
        82,
        249,
        489,
        377,
        111,
        49,
        470,
        257,
        328,
        460,
        436,
        110,
        45,
        12,
        499,
        474,
        46,
        411,
        210,
        78,
        484,
        102,
        5,
        241,
        407,
        258,
        103,
        68,
        240,
        441,
        465,
        379,
        122,
        30,
        414,
        66,
        174,
        99,
        447,
        442,
        425,
        262,
        131,
        198,
        485,
        280,
        133,
        171,
        220,
        290,
        308,
        454,
        400,
        438,
        350,
        39,
        334,
        253,
        64,
        138,
        143,
        154,
        91,
        29,
        304,
        296,
        266,
        13,
        117,
        495,
        392,
        168,
        479,
        459,
        0,
        8,
        65,
        399,
        294,
        366,
        227,
        482,
        244,
        320,
        41,
        332,
        125,
        186,
        23,
        232,
        410,
        178,
        209,
        216,
        316,
        233,
        404,
        238,
        300,
        468,
        230,
        123,
        329,
        92,
        118,
        185,
        326,
        497,
        408,
        24,
        354,
        81,
        206,
        490,
        197,
        196,
        116,
        298,
        315,
        239,
        166,
        455,
        19,
        381,
        278,
        195,
        252,
        156,
        145,
        164,
        140,
        129,
        306,
        94,
        204,
        473,
        461,
        180,
        170,
        63,
        339,
        235,
        104,
        62,
        467,
        98,
        391,
        90,
        325,
        324,
        51,
        364,
        389,
        480,
        38,
        464,
        286,
        181
    ],
    "Global Optimum": 0,
    "Algorithm": "Genetic algorithm",
    "Parameters": {
        "population": 30,
        "offspring": 30,
        "mutation probability": 0.002,
        "crossover probability": 0.9
    },
    "Fitness": 672328,
    "Solution": [
        402,
        9,
        401,
        139,
        141,
        69,
        312,
        173,
        403,
        246,
        155,
        317,
        361,
        120,
        393,
        310,
        224,
        429,
        359,
        47,
        88,
        335,
        37,
        305,
        10,
        409,
        271,
        250,
        48,
        193,
        313,
        80,
        481,
        211,
        283,
        60,
        245,
        277,
        101,
        237,
        388,
        475,
        32,
        330,
        434,
        218,
        76,
        451,
        288,
        95,
        124,
        419,
        282,
        319,
        421,
        322,
        43,
        362,
        33,
        382,
        28,
        347,
        435,
        363,
        281,
        284,
        61,
        293,
        44,
        255,
        201,
        163,
        445,
        256,
        89,
        84,
        130,
        115,
        440,
        106,
        466,
        72,
        432,
        427,
        165,
        236,
        285,
        344,
        149,
        22,
        437,
        333,
        152,
        264,
        213,
        444,
        307,
        353,
        248,
        87,
        472,
        428,
        137,
        55,
        303,
        275,
        160,
        370,
        144,
        75,
        27,
        424,
        183,
        453,
        100,
        373,
        337,
        200,
        299,
        463,
        4,
        413,
        261,
        70,
        416,
        251,
        279,
        417,
        207,
        31,
        323,
        52,
        336,
        345,
        426,
        365,
        374,
        327,
        56,
        6,
        291,
        375,
        385,
        351,
        394,
        274,
        352,
        247,
        234,
        3,
        287,
        259,
        383,
        67,
        469,
        36,
        378,
        162,
        126,
        295,
        225,
        476,
        398,
        97,
        254,
        386,
        177,
        376,
        93,
        119,
        34,
        397,
        148,
        59,
        346,
        172,
        348,
        20,
        422,
        132,
        477,
        309,
        187,
        50,
        86,
        18,
        15,
        208,
        243,
        487,
        77,
        161,
        462,
        127,
        360,
        222,
        430,
        297,
        150,
        448,
        221,
        189,
        368,
        202,
        153,
        420,
        318,
        260,
        108,
        269,
        192,
        289,
        229,
        357,
        371,
        136,
        212,
        338,
        58,
        26,
        14,
        483,
        194,
        191,
        471,
        302,
        390,
        7,
        151,
        74,
        54,
        83,
        167,
        433,
        276,
        331,
        219,
        272,
        406,
        169,
        412,
        205,
        217,
        446,
        175,
        486,
        112,
        384,
        11,
        458,
        85,
        25,
        405,
        134,
        182,
        146,
        1,
        380,
        439,
        311,
        452,
        395,
        396,
        415,
        96,
        273,
        367,
        142,
        128,
        57,
        268,
        231,
        314,
        17,
        488,
        159,
        478,
        226,
        349,
        147,
        267,
        16,
        423,
        372,
        199,
        228,
        356,
        242,
        40,
        105,
        214,
        340,
        114,
        491,
        342,
        457,
        223,
        203,
        456,
        292,
        107,
        71,
        270,
        109,
        35,
        301,
        343,
        73,
        449,
        492,
        418,
        158,
        157,
        263,
        190,
        188,
        494,
        450,
        135,
        121,
        387,
        341,
        443,
        21,
        53,
        431,
        496,
        215,
        179,
        493,
        42,
        321,
        176,
        79,
        498,
        369,
        355,
        113,
        358,
        2,
        184,
        265,
        82,
        249,
        489,
        377,
        111,
        49,
        470,
        257,
        328,
        460,
        436,
        110,
        45,
        12,
        499,
        474,
        46,
        411,
        210,
        78,
        484,
        102,
        5,
        241,
        407,
        258,
        103,
        68,
        240,
        441,
        465,
        379,
        122,
        30,
        414,
        66,
        174,
        99,
        447,
        442,
        425,
        262,
        131,
        198,
        485,
        280,
        133,
        171,
        220,
        290,
        308,
        454,
        400,
        438,
        350,
        39,
        334,
        253,
        64,
        138,
        143,
        154,
        91,
        29,
        304,
        296,
        266,
        13,
        117,
        495,
        392,
        168,
        479,
        459,
        0,
        8,
        65,
        399,
        294,
        366,
        227,
        482,
        244,
        320,
        41,
        332,
        125,
        186,
        23,
        232,
        410,
        178,
        209,
        216,
        316,
        233,
        404,
        238,
        300,
        468,
        230,
        123,
        329,
        92,
        118,
        185,
        326,
        497,
        408,
        24,
        354,
        81,
        206,
        490,
        197,
        196,
        116,
        298,
        315,
        239,
        166,
        455,
        19,
        381,
        278,
        195,
        252,
        156,
        145,
        164,
        140,
        129,
        306,
        94,
        204,
        473,
        461,
        180,
        170,
        63,
        339,
        235,
        104,
        62,
        467,
        98,
        391,
        90,
        325,
        324,
        51,
        364,
        389,
        480,
        38,
        464,
        286,
        181
    ],
    "Nb of functions evaluations": 50010,
    "Computational time in seconds": 373.406254529953,
    "Stopping criterion in evaluations": 50000
}