20° run output:
{
    "Function": "kroB500.tsp",
    "Problem dimension": [
        3,
        399,
        187,
        462,
        358,
        174,
        8,
        306,
        49,
        198,
        83,
        435,
        105,
        438,
        73,
        21,
        456,
        152,
        481,
        344,
        365,
        218,
        483,
        67,
        224,
        141,
        234,
        385,
        222,
        16,
        393,
        458,
        213,
        34,
        247,
        89,
        293,
        421,
        33,
        225,
        184,
        215,
        101,
        389,
        196,
        453,
        223,
        418,
        355,
        334,
        369,
        403,
        397,
        125,
        359,
        352,
        135,
        129,
        18,
        420,
        154,
        41,
        343,
        40,
        170,
        384,
        248,
        266,
        289,
        233,
        205,
        382,
        176,
        478,
        461,
        437,
        136,
        442,
        415,
        166,
        25,
        317,
        450,
        94,
        492,
        158,
        189,
        313,
        364,
        204,
        263,
        249,
        498,
        183,
        143,
        186,
        401,
        226,
        279,
        212,
        30,
        470,
        305,
        211,
        164,
        122,
        499,
        206,
        301,
        304,
        202,
        42,
        113,
        319,
        337,
        28,
        239,
        85,
        340,
        87,
        123,
        327,
        128,
        72,
        20,
        329,
        310,
        378,
        116,
        265,
        96,
        197,
        381,
        76,
        139,
        134,
        108,
        104,
        491,
        160,
        74,
        449,
        132,
        272,
        22,
        82,
        81,
        285,
        185,
        111,
        159,
        240,
        376,
        19,
        299,
        283,
        252,
        404,
        269,
        121,
        434,
        200,
        147,
        264,
        323,
        109,
        353,
        479,
        366,
        497,
        57,
        172,
        15,
        77,
        314,
        146,
        155,
        388,
        349,
        10,
        37,
        11,
        346,
        58,
        66,
        410,
        459,
        447,
        227,
        475,
        193,
        175,
        70,
        476,
        282,
        474,
        52,
        162,
        2,
        217,
        394,
        207,
        54,
        110,
        120,
        439,
        182,
        102,
        419,
        173,
        69,
        167,
        416,
        9,
        100,
        390,
        444,
        440,
        261,
        43,
        232,
        460,
        445,
        130,
        433,
        131,
        151,
        168,
        99,
        97,
        345,
        430,
        477,
        274,
        367,
        330,
        350,
        262,
        406,
        284,
        374,
        244,
        12,
        463,
        150,
        195,
        140,
        457,
        243,
        50,
        118,
        480,
        231,
        0,
        75,
        454,
        354,
        177,
        38,
        273,
        297,
        44,
        307,
        156,
        333,
        62,
        194,
        13,
        432,
        377,
        32,
        468,
        7,
        368,
        311,
        280,
        51,
        413,
        494,
        392,
        216,
        5,
        332,
        291,
        482,
        405,
        149,
        90,
        298,
        163,
        46,
        448,
        86,
        242,
        169,
        275,
        27,
        426,
        308,
        452,
        335,
        250,
        278,
        236,
        181,
        395,
        436,
        411,
        347,
        443,
        338,
        91,
        214,
        192,
        375,
        360,
        326,
        107,
        35,
        199,
        396,
        237,
        370,
        56,
        80,
        287,
        78,
        209,
        342,
        473,
        133,
        144,
        361,
        270,
        119,
        26,
        138,
        428,
        331,
        191,
        127,
        402,
        408,
        253,
        286,
        203,
        47,
        210,
        277,
        79,
        446,
        229,
        208,
        267,
        414,
        294,
        230,
        256,
        48,
        4,
        114,
        380,
        23,
        441,
        115,
        485,
        188,
        496,
        65,
        179,
        60,
        31,
        178,
        68,
        328,
        429,
        220,
        351,
        180,
        423,
        165,
        29,
        455,
        39,
        465,
        324,
        61,
        431,
        153,
        53,
        245,
        88,
        409,
        466,
        424,
        484,
        36,
        251,
        398,
        281,
        268,
        372,
        142,
        1,
        254,
        302,
        117,
        336,
        124,
        276,
        318,
        92,
        290,
        371,
        95,
        320,
        469,
        488,
        228,
        137,
        145,
        391,
        255,
        303,
        379,
        161,
        260,
        271,
        98,
        126,
        93,
        296,
        464,
        14,
        259,
        219,
        257,
        357,
        238,
        356,
        407,
        471,
        451,
        24,
        309,
        84,
        148,
        300,
        486,
        201,
        288,
        315,
        490,
        386,
        427,
        312,
        363,
        325,
        190,
        373,
        400,
        17,
        246,
        221,
        316,
        472,
        422,
        55,
        341,
        103,
        487,
        489,
        412,
        467,
        235,
        383,
        295,
        493,
        171,
        321,
        64,
        71,
        339,
        322,
        106,
        157,
        112,
        417,
        59,
        292,
        63,
        348,
        425,
        258,
        6,
        45,
        495,
        362,
        387,
        241
    ],
    "Global Optimum": 0,
    "Algorithm": "Genetic algorithm",
    "Parameters": {
        "population": 30,
        "offspring": 30,
        "mutation probability": 0.002,
        "crossover probability": 0.9
    },
    "Fitness": 605163,
    "Solution": [
        3,
        399,
        187,
        462,
        358,
        174,
        8,
        306,
        49,
        198,
        83,
        435,
        105,
        438,
        73,
        21,
        456,
        152,
        481,
        344,
        365,
        218,
        483,
        67,
        224,
        141,
        234,
        385,
        222,
        16,
        393,
        458,
        213,
        34,
        247,
        89,
        293,
        421,
        33,
        225,
        184,
        215,
        101,
        389,
        196,
        453,
        223,
        418,
        355,
        334,
        369,
        403,
        397,
        125,
        359,
        352,
        135,
        129,
        18,
        420,
        154,
        41,
        343,
        40,
        170,
        384,
        248,
        266,
        289,
        233,
        205,
        382,
        176,
        478,
        461,
        437,
        136,
        442,
        415,
        166,
        25,
        317,
        450,
        94,
        492,
        158,
        189,
        313,
        364,
        204,
        263,
        249,
        498,
        183,
        143,
        186,
        401,
        226,
        279,
        212,
        30,
        470,
        305,
        211,
        164,
        122,
        499,
        206,
        301,
        304,
        202,
        42,
        113,
        319,
        337,
        28,
        239,
        85,
        340,
        87,
        123,
        327,
        128,
        72,
        20,
        329,
        310,
        378,
        116,
        265,
        96,
        197,
        381,
        76,
        139,
        134,
        108,
        104,
        491,
        160,
        74,
        449,
        132,
        272,
        22,
        82,
        81,
        285,
        185,
        111,
        159,
        240,
        376,
        19,
        299,
        283,
        252,
        404,
        269,
        121,
        434,
        200,
        147,
        264,
        323,
        109,
        353,
        479,
        366,
        497,
        57,
        172,
        15,
        77,
        314,
        146,
        155,
        388,
        349,
        10,
        37,
        11,
        346,
        58,
        66,
        410,
        459,
        447,
        227,
        475,
        193,
        175,
        70,
        476,
        282,
        474,
        52,
        162,
        2,
        217,
        394,
        207,
        54,
        110,
        120,
        439,
        182,
        102,
        419,
        173,
        69,
        167,
        416,
        9,
        100,
        390,
        444,
        440,
        261,
        43,
        232,
        460,
        445,
        130,
        433,
        131,
        151,
        168,
        99,
        97,
        345,
        430,
        477,
        274,
        367,
        330,
        350,
        262,
        406,
        284,
        374,
        244,
        12,
        463,
        150,
        195,
        140,
        457,
        243,
        50,
        118,
        480,
        231,
        0,
        75,
        454,
        354,
        177,
        38,
        273,
        297,
        44,
        307,
        156,
        333,
        62,
        194,
        13,
        432,
        377,
        32,
        468,
        7,
        368,
        311,
        280,
        51,
        413,
        494,
        392,
        216,
        5,
        332,
        291,
        482,
        405,
        149,
        90,
        298,
        163,
        46,
        448,
        86,
        242,
        169,
        275,
        27,
        426,
        308,
        452,
        335,
        250,
        278,
        236,
        181,
        395,
        436,
        411,
        347,
        443,
        338,
        91,
        214,
        192,
        375,
        360,
        326,
        107,
        35,
        199,
        396,
        237,
        370,
        56,
        80,
        287,
        78,
        209,
        342,
        473,
        133,
        144,
        361,
        270,
        119,
        26,
        138,
        428,
        331,
        191,
        127,
        402,
        408,
        253,
        286,
        203,
        47,
        210,
        277,
        79,
        446,
        229,
        208,
        267,
        414,
        294,
        230,
        256,
        48,
        4,
        114,
        380,
        23,
        441,
        115,
        485,
        188,
        496,
        65,
        179,
        60,
        31,
        178,
        68,
        328,
        429,
        220,
        351,
        180,
        423,
        165,
        29,
        455,
        39,
        465,
        324,
        61,
        431,
        153,
        53,
        245,
        88,
        409,
        466,
        424,
        484,
        36,
        251,
        398,
        281,
        268,
        372,
        142,
        1,
        254,
        302,
        117,
        336,
        124,
        276,
        318,
        92,
        290,
        371,
        95,
        320,
        469,
        488,
        228,
        137,
        145,
        391,
        255,
        303,
        379,
        161,
        260,
        271,
        98,
        126,
        93,
        296,
        464,
        14,
        259,
        219,
        257,
        357,
        238,
        356,
        407,
        471,
        451,
        24,
        309,
        84,
        148,
        300,
        486,
        201,
        288,
        315,
        490,
        386,
        427,
        312,
        363,
        325,
        190,
        373,
        400,
        17,
        246,
        221,
        316,
        472,
        422,
        55,
        341,
        103,
        487,
        489,
        412,
        467,
        235,
        383,
        295,
        493,
        171,
        321,
        64,
        71,
        339,
        322,
        106,
        157,
        112,
        417,
        59,
        292,
        63,
        348,
        425,
        258,
        6,
        45,
        495,
        362,
        387,
        241
    ],
    "Nb of functions evaluations": 50010,
    "Computational time in seconds": 374.3584005832672,
    "Stopping criterion in evaluations": 50000
}