14° run output:
{
    "Function": "euclidB100.tsp",
    "Problem dimension": [
        46,
        25,
        64,
        90,
        43,
        2,
        89,
        51,
        23,
        76,
        66,
        91,
        68,
        32,
        27,
        73,
        79,
        86,
        50,
        13,
        69,
        67,
        36,
        10,
        77,
        29,
        75,
        33,
        83,
        18,
        24,
        7,
        72,
        15,
        80,
        61,
        62,
        88,
        56,
        0,
        37,
        93,
        22,
        14,
        30,
        96,
        97,
        60,
        31,
        95,
        16,
        54,
        63,
        5,
        99,
        92,
        57,
        45,
        42,
        55,
        98,
        53,
        34,
        39,
        58,
        19,
        38,
        81,
        44,
        85,
        17,
        20,
        47,
        3,
        4,
        59,
        49,
        82,
        9,
        87,
        48,
        28,
        11,
        41,
        94,
        6,
        40,
        8,
        52,
        70,
        65,
        78,
        71,
        74,
        84,
        21,
        12,
        35,
        26,
        1
    ],
    "Global Optimum": 0,
    "Algorithm": "Genetic algorithm",
    "Parameters": {
        "population": 30,
        "offspring": 30,
        "mutation probability": 0.01,
        "crossover probability": 0.9
    },
    "Fitness": 97421,
    "Solution": [
        46,
        25,
        64,
        90,
        43,
        2,
        89,
        51,
        23,
        76,
        66,
        91,
        68,
        32,
        27,
        73,
        79,
        86,
        50,
        13,
        69,
        67,
        36,
        10,
        77,
        29,
        75,
        33,
        83,
        18,
        24,
        7,
        72,
        15,
        80,
        61,
        62,
        88,
        56,
        0,
        37,
        93,
        22,
        14,
        30,
        96,
        97,
        60,
        31,
        95,
        16,
        54,
        63,
        5,
        99,
        92,
        57,
        45,
        42,
        55,
        98,
        53,
        34,
        39,
        58,
        19,
        38,
        81,
        44,
        85,
        17,
        20,
        47,
        3,
        4,
        59,
        49,
        82,
        9,
        87,
        48,
        28,
        11,
        41,
        94,
        6,
        40,
        8,
        52,
        70,
        65,
        78,
        71,
        74,
        84,
        21,
        12,
        35,
        26,
        1
    ],
    "Nb of functions evaluations": 50010,
    "Computational time in seconds": 22.800573348999023,
    "Stopping criterion in evaluations": 50000
}