13° run output:
{
    "Function": "euclidB100.tsp",
    "Problem dimension": [
        76,
        97,
        79,
        14,
        86,
        20,
        58,
        61,
        41,
        35,
        56,
        73,
        44,
        23,
        18,
        60,
        1,
        91,
        55,
        59,
        13,
        21,
        28,
        32,
        50,
        80,
        27,
        4,
        10,
        78,
        83,
        6,
        37,
        90,
        16,
        49,
        47,
        52,
        33,
        22,
        39,
        93,
        11,
        15,
        42,
        34,
        53,
        63,
        38,
        5,
        74,
        82,
        71,
        68,
        7,
        0,
        24,
        95,
        9,
        88,
        62,
        31,
        65,
        19,
        77,
        75,
        64,
        98,
        66,
        81,
        84,
        46,
        70,
        29,
        96,
        54,
        3,
        30,
        57,
        67,
        87,
        26,
        92,
        51,
        69,
        36,
        48,
        25,
        99,
        12,
        89,
        94,
        72,
        43,
        2,
        45,
        8,
        17,
        40,
        85
    ],
    "Global Optimum": 0,
    "Algorithm": "Genetic algorithm",
    "Parameters": {
        "population": 30,
        "offspring": 30,
        "mutation probability": 0.01,
        "crossover probability": 0.9
    },
    "Fitness": 79884,
    "Solution": [
        76,
        97,
        79,
        14,
        86,
        20,
        58,
        61,
        41,
        35,
        56,
        73,
        44,
        23,
        18,
        60,
        1,
        91,
        55,
        59,
        13,
        21,
        28,
        32,
        50,
        80,
        27,
        4,
        10,
        78,
        83,
        6,
        37,
        90,
        16,
        49,
        47,
        52,
        33,
        22,
        39,
        93,
        11,
        15,
        42,
        34,
        53,
        63,
        38,
        5,
        74,
        82,
        71,
        68,
        7,
        0,
        24,
        95,
        9,
        88,
        62,
        31,
        65,
        19,
        77,
        75,
        64,
        98,
        66,
        81,
        84,
        46,
        70,
        29,
        96,
        54,
        3,
        30,
        57,
        67,
        87,
        26,
        92,
        51,
        69,
        36,
        48,
        25,
        99,
        12,
        89,
        94,
        72,
        43,
        2,
        45,
        8,
        17,
        40,
        85
    ],
    "Nb of functions evaluations": 50010,
    "Computational time in seconds": 22.900795698165894,
    "Stopping criterion in evaluations": 50000
}