10° run output:
{
    "Function": "kroB150.tsp",
    "Problem dimension": [
        5,
        45,
        91,
        61,
        89,
        112,
        113,
        7,
        85,
        9,
        83,
        86,
        43,
        80,
        143,
        13,
        3,
        68,
        88,
        130,
        101,
        57,
        38,
        21,
        105,
        115,
        56,
        93,
        46,
        20,
        69,
        22,
        67,
        144,
        33,
        60,
        17,
        74,
        14,
        92,
        15,
        102,
        139,
        1,
        123,
        138,
        51,
        31,
        23,
        81,
        6,
        52,
        129,
        118,
        94,
        116,
        136,
        145,
        77,
        141,
        100,
        137,
        54,
        30,
        76,
        53,
        50,
        36,
        65,
        96,
        149,
        62,
        126,
        135,
        10,
        98,
        146,
        121,
        120,
        37,
        27,
        82,
        90,
        122,
        34,
        75,
        55,
        132,
        110,
        24,
        107,
        103,
        44,
        40,
        125,
        70,
        42,
        71,
        16,
        48,
        95,
        18,
        58,
        114,
        109,
        41,
        63,
        0,
        25,
        127,
        108,
        97,
        147,
        29,
        73,
        35,
        104,
        117,
        128,
        133,
        19,
        12,
        66,
        78,
        47,
        32,
        119,
        49,
        4,
        106,
        142,
        134,
        124,
        39,
        99,
        140,
        84,
        11,
        59,
        64,
        87,
        111,
        26,
        131,
        8,
        28,
        2,
        72,
        79,
        148
    ],
    "Global Optimum": 0,
    "Algorithm": "Genetic algorithm",
    "Parameters": {
        "population": 30,
        "offspring": 30,
        "mutation probability": 0.006666666666666667,
        "crossover probability": 0.9
    },
    "Fitness": 147961,
    "Solution": [
        5,
        45,
        91,
        61,
        89,
        112,
        113,
        7,
        85,
        9,
        83,
        86,
        43,
        80,
        143,
        13,
        3,
        68,
        88,
        130,
        101,
        57,
        38,
        21,
        105,
        115,
        56,
        93,
        46,
        20,
        69,
        22,
        67,
        144,
        33,
        60,
        17,
        74,
        14,
        92,
        15,
        102,
        139,
        1,
        123,
        138,
        51,
        31,
        23,
        81,
        6,
        52,
        129,
        118,
        94,
        116,
        136,
        145,
        77,
        141,
        100,
        137,
        54,
        30,
        76,
        53,
        50,
        36,
        65,
        96,
        149,
        62,
        126,
        135,
        10,
        98,
        146,
        121,
        120,
        37,
        27,
        82,
        90,
        122,
        34,
        75,
        55,
        132,
        110,
        24,
        107,
        103,
        44,
        40,
        125,
        70,
        42,
        71,
        16,
        48,
        95,
        18,
        58,
        114,
        109,
        41,
        63,
        0,
        25,
        127,
        108,
        97,
        147,
        29,
        73,
        35,
        104,
        117,
        128,
        133,
        19,
        12,
        66,
        78,
        47,
        32,
        119,
        49,
        4,
        106,
        142,
        134,
        124,
        39,
        99,
        140,
        84,
        11,
        59,
        64,
        87,
        111,
        26,
        131,
        8,
        28,
        2,
        72,
        79,
        148
    ],
    "Nb of functions evaluations": 50010,
    "Computational time in seconds": 48.352142333984375,
    "Stopping criterion in evaluations": 50000
}