21° run output:
{
    "Function": "kroB150.tsp",
    "Problem dimension": [
        32,
        112,
        138,
        67,
        20,
        40,
        58,
        105,
        7,
        24,
        89,
        122,
        108,
        97,
        125,
        111,
        107,
        37,
        70,
        91,
        17,
        56,
        103,
        6,
        81,
        114,
        3,
        106,
        31,
        104,
        127,
        10,
        15,
        35,
        100,
        55,
        53,
        57,
        113,
        82,
        34,
        69,
        21,
        66,
        54,
        146,
        46,
        5,
        133,
        16,
        63,
        0,
        52,
        14,
        74,
        2,
        132,
        118,
        26,
        148,
        71,
        93,
        4,
        27,
        38,
        144,
        99,
        60,
        28,
        80,
        126,
        77,
        8,
        64,
        29,
        92,
        131,
        11,
        41,
        42,
        85,
        147,
        123,
        33,
        128,
        68,
        36,
        142,
        98,
        59,
        129,
        44,
        88,
        76,
        84,
        39,
        45,
        43,
        145,
        134,
        83,
        101,
        25,
        50,
        116,
        137,
        94,
        12,
        19,
        9,
        143,
        149,
        48,
        62,
        102,
        47,
        119,
        141,
        87,
        90,
        130,
        115,
        124,
        23,
        95,
        86,
        51,
        65,
        79,
        136,
        78,
        140,
        96,
        135,
        117,
        121,
        13,
        18,
        139,
        75,
        22,
        110,
        120,
        109,
        30,
        1,
        49,
        61,
        72,
        73
    ],
    "Global Optimum": 0,
    "Algorithm": "Genetic algorithm",
    "Parameters": {
        "population": 30,
        "offspring": 30,
        "mutation probability": 0.006666666666666667,
        "crossover probability": 0.9
    },
    "Fitness": 141952,
    "Solution": [
        32,
        112,
        138,
        67,
        20,
        40,
        58,
        105,
        7,
        24,
        89,
        122,
        108,
        97,
        125,
        111,
        107,
        37,
        70,
        91,
        17,
        56,
        103,
        6,
        81,
        114,
        3,
        106,
        31,
        104,
        127,
        10,
        15,
        35,
        100,
        55,
        53,
        57,
        113,
        82,
        34,
        69,
        21,
        66,
        54,
        146,
        46,
        5,
        133,
        16,
        63,
        0,
        52,
        14,
        74,
        2,
        132,
        118,
        26,
        148,
        71,
        93,
        4,
        27,
        38,
        144,
        99,
        60,
        28,
        80,
        126,
        77,
        8,
        64,
        29,
        92,
        131,
        11,
        41,
        42,
        85,
        147,
        123,
        33,
        128,
        68,
        36,
        142,
        98,
        59,
        129,
        44,
        88,
        76,
        84,
        39,
        45,
        43,
        145,
        134,
        83,
        101,
        25,
        50,
        116,
        137,
        94,
        12,
        19,
        9,
        143,
        149,
        48,
        62,
        102,
        47,
        119,
        141,
        87,
        90,
        130,
        115,
        124,
        23,
        95,
        86,
        51,
        65,
        79,
        136,
        78,
        140,
        96,
        135,
        117,
        121,
        13,
        18,
        139,
        75,
        22,
        110,
        120,
        109,
        30,
        1,
        49,
        61,
        72,
        73
    ],
    "Nb of functions evaluations": 50010,
    "Computational time in seconds": 47.468724966049194,
    "Stopping criterion in evaluations": 50000
}