20° run output:
{
    "Function": "kroB150.tsp",
    "Problem dimension": [
        105,
        94,
        27,
        118,
        82,
        135,
        80,
        62,
        149,
        10,
        31,
        63,
        78,
        119,
        8,
        113,
        33,
        70,
        143,
        60,
        25,
        73,
        103,
        53,
        128,
        101,
        30,
        12,
        45,
        81,
        36,
        140,
        116,
        121,
        65,
        104,
        77,
        126,
        44,
        138,
        120,
        85,
        100,
        59,
        122,
        68,
        43,
        9,
        142,
        145,
        134,
        23,
        14,
        28,
        131,
        66,
        84,
        11,
        71,
        89,
        26,
        48,
        52,
        107,
        61,
        109,
        114,
        22,
        69,
        3,
        39,
        136,
        117,
        15,
        127,
        56,
        72,
        40,
        99,
        32,
        102,
        83,
        6,
        148,
        54,
        2,
        96,
        95,
        86,
        17,
        98,
        35,
        18,
        0,
        24,
        123,
        108,
        1,
        76,
        64,
        74,
        111,
        88,
        132,
        49,
        55,
        4,
        37,
        125,
        79,
        41,
        106,
        19,
        147,
        16,
        144,
        34,
        93,
        130,
        110,
        75,
        42,
        20,
        58,
        87,
        97,
        5,
        129,
        46,
        133,
        50,
        141,
        92,
        13,
        90,
        29,
        115,
        139,
        47,
        51,
        124,
        38,
        67,
        91,
        146,
        137,
        57,
        21,
        7,
        112
    ],
    "Global Optimum": 0,
    "Algorithm": "Genetic algorithm",
    "Parameters": {
        "population": 30,
        "offspring": 30,
        "mutation probability": 0.006666666666666667,
        "crossover probability": 0.9
    },
    "Fitness": 149587,
    "Solution": [
        105,
        94,
        27,
        118,
        82,
        135,
        80,
        62,
        149,
        10,
        31,
        63,
        78,
        119,
        8,
        113,
        33,
        70,
        143,
        60,
        25,
        73,
        103,
        53,
        128,
        101,
        30,
        12,
        45,
        81,
        36,
        140,
        116,
        121,
        65,
        104,
        77,
        126,
        44,
        138,
        120,
        85,
        100,
        59,
        122,
        68,
        43,
        9,
        142,
        145,
        134,
        23,
        14,
        28,
        131,
        66,
        84,
        11,
        71,
        89,
        26,
        48,
        52,
        107,
        61,
        109,
        114,
        22,
        69,
        3,
        39,
        136,
        117,
        15,
        127,
        56,
        72,
        40,
        99,
        32,
        102,
        83,
        6,
        148,
        54,
        2,
        96,
        95,
        86,
        17,
        98,
        35,
        18,
        0,
        24,
        123,
        108,
        1,
        76,
        64,
        74,
        111,
        88,
        132,
        49,
        55,
        4,
        37,
        125,
        79,
        41,
        106,
        19,
        147,
        16,
        144,
        34,
        93,
        130,
        110,
        75,
        42,
        20,
        58,
        87,
        97,
        5,
        129,
        46,
        133,
        50,
        141,
        92,
        13,
        90,
        29,
        115,
        139,
        47,
        51,
        124,
        38,
        67,
        91,
        146,
        137,
        57,
        21,
        7,
        112
    ],
    "Nb of functions evaluations": 50010,
    "Computational time in seconds": 46.189342975616455,
    "Stopping criterion in evaluations": 50000
}