25° run output:
{
    "Function": "kroB150.tsp",
    "Problem dimension": [
        77,
        127,
        58,
        143,
        50,
        149,
        25,
        134,
        51,
        62,
        68,
        64,
        80,
        35,
        20,
        117,
        102,
        119,
        65,
        141,
        36,
        98,
        52,
        6,
        42,
        107,
        75,
        70,
        126,
        17,
        16,
        89,
        0,
        136,
        92,
        32,
        40,
        106,
        7,
        14,
        131,
        96,
        10,
        69,
        74,
        66,
        103,
        67,
        81,
        8,
        132,
        85,
        121,
        93,
        97,
        49,
        120,
        34,
        139,
        72,
        118,
        138,
        55,
        33,
        109,
        129,
        82,
        101,
        73,
        18,
        28,
        44,
        39,
        61,
        128,
        112,
        24,
        46,
        84,
        78,
        30,
        148,
        146,
        104,
        43,
        116,
        31,
        59,
        114,
        76,
        90,
        137,
        63,
        54,
        79,
        87,
        147,
        144,
        41,
        11,
        124,
        19,
        113,
        122,
        27,
        123,
        4,
        53,
        57,
        71,
        100,
        111,
        22,
        105,
        5,
        12,
        95,
        47,
        45,
        83,
        86,
        91,
        145,
        15,
        56,
        13,
        133,
        29,
        23,
        60,
        99,
        1,
        21,
        125,
        3,
        88,
        130,
        94,
        38,
        37,
        142,
        140,
        9,
        110,
        2,
        135,
        48,
        26,
        115,
        108
    ],
    "Global Optimum": 0,
    "Algorithm": "Genetic algorithm",
    "Parameters": {
        "population": 30,
        "offspring": 30,
        "mutation probability": 0.006666666666666667,
        "crossover probability": 0.9
    },
    "Fitness": 160573,
    "Solution": [
        77,
        127,
        58,
        143,
        50,
        149,
        25,
        134,
        51,
        62,
        68,
        64,
        80,
        35,
        20,
        117,
        102,
        119,
        65,
        141,
        36,
        98,
        52,
        6,
        42,
        107,
        75,
        70,
        126,
        17,
        16,
        89,
        0,
        136,
        92,
        32,
        40,
        106,
        7,
        14,
        131,
        96,
        10,
        69,
        74,
        66,
        103,
        67,
        81,
        8,
        132,
        85,
        121,
        93,
        97,
        49,
        120,
        34,
        139,
        72,
        118,
        138,
        55,
        33,
        109,
        129,
        82,
        101,
        73,
        18,
        28,
        44,
        39,
        61,
        128,
        112,
        24,
        46,
        84,
        78,
        30,
        148,
        146,
        104,
        43,
        116,
        31,
        59,
        114,
        76,
        90,
        137,
        63,
        54,
        79,
        87,
        147,
        144,
        41,
        11,
        124,
        19,
        113,
        122,
        27,
        123,
        4,
        53,
        57,
        71,
        100,
        111,
        22,
        105,
        5,
        12,
        95,
        47,
        45,
        83,
        86,
        91,
        145,
        15,
        56,
        13,
        133,
        29,
        23,
        60,
        99,
        1,
        21,
        125,
        3,
        88,
        130,
        94,
        38,
        37,
        142,
        140,
        9,
        110,
        2,
        135,
        48,
        26,
        115,
        108
    ],
    "Nb of functions evaluations": 50010,
    "Computational time in seconds": 43.988346576690674,
    "Stopping criterion in evaluations": 50000
}