5° run output:
{
    "Function": "kroB150.tsp",
    "Problem dimension": [
        60,
        142,
        40,
        61,
        49,
        4,
        125,
        16,
        111,
        57,
        26,
        143,
        98,
        51,
        10,
        141,
        140,
        80,
        32,
        59,
        41,
        66,
        113,
        108,
        110,
        53,
        87,
        144,
        89,
        118,
        112,
        47,
        18,
        124,
        0,
        84,
        7,
        69,
        37,
        100,
        38,
        70,
        97,
        117,
        34,
        48,
        78,
        52,
        73,
        44,
        23,
        31,
        11,
        2,
        131,
        62,
        17,
        105,
        79,
        67,
        1,
        42,
        20,
        27,
        129,
        133,
        25,
        102,
        106,
        109,
        46,
        74,
        9,
        13,
        119,
        115,
        30,
        146,
        149,
        126,
        99,
        71,
        128,
        75,
        127,
        96,
        83,
        68,
        58,
        82,
        147,
        54,
        76,
        43,
        15,
        50,
        81,
        91,
        86,
        138,
        90,
        88,
        95,
        139,
        35,
        56,
        65,
        45,
        135,
        94,
        122,
        121,
        77,
        8,
        6,
        24,
        19,
        5,
        3,
        39,
        120,
        72,
        85,
        132,
        130,
        93,
        104,
        36,
        114,
        12,
        63,
        64,
        103,
        14,
        123,
        33,
        107,
        148,
        21,
        29,
        55,
        92,
        136,
        137,
        22,
        101,
        28,
        134,
        145,
        116
    ],
    "Global Optimum": 0,
    "Algorithm": "Genetic algorithm",
    "Parameters": {
        "population": 30,
        "offspring": 30,
        "mutation probability": 0.006666666666666667,
        "crossover probability": 0.9
    },
    "Fitness": 157354,
    "Solution": [
        60,
        142,
        40,
        61,
        49,
        4,
        125,
        16,
        111,
        57,
        26,
        143,
        98,
        51,
        10,
        141,
        140,
        80,
        32,
        59,
        41,
        66,
        113,
        108,
        110,
        53,
        87,
        144,
        89,
        118,
        112,
        47,
        18,
        124,
        0,
        84,
        7,
        69,
        37,
        100,
        38,
        70,
        97,
        117,
        34,
        48,
        78,
        52,
        73,
        44,
        23,
        31,
        11,
        2,
        131,
        62,
        17,
        105,
        79,
        67,
        1,
        42,
        20,
        27,
        129,
        133,
        25,
        102,
        106,
        109,
        46,
        74,
        9,
        13,
        119,
        115,
        30,
        146,
        149,
        126,
        99,
        71,
        128,
        75,
        127,
        96,
        83,
        68,
        58,
        82,
        147,
        54,
        76,
        43,
        15,
        50,
        81,
        91,
        86,
        138,
        90,
        88,
        95,
        139,
        35,
        56,
        65,
        45,
        135,
        94,
        122,
        121,
        77,
        8,
        6,
        24,
        19,
        5,
        3,
        39,
        120,
        72,
        85,
        132,
        130,
        93,
        104,
        36,
        114,
        12,
        63,
        64,
        103,
        14,
        123,
        33,
        107,
        148,
        21,
        29,
        55,
        92,
        136,
        137,
        22,
        101,
        28,
        134,
        145,
        116
    ],
    "Nb of functions evaluations": 50010,
    "Computational time in seconds": 49.593061685562134,
    "Stopping criterion in evaluations": 50000
}