9° run output:
{
    "Function": "kroB150.tsp",
    "Problem dimension": [
        88,
        90,
        93,
        11,
        124,
        12,
        63,
        14,
        45,
        48,
        114,
        106,
        64,
        89,
        100,
        71,
        29,
        28,
        25,
        70,
        37,
        84,
        134,
        50,
        62,
        83,
        36,
        115,
        140,
        59,
        58,
        22,
        138,
        133,
        139,
        142,
        149,
        143,
        17,
        92,
        79,
        137,
        74,
        53,
        103,
        76,
        56,
        13,
        80,
        40,
        68,
        3,
        102,
        112,
        69,
        122,
        78,
        23,
        35,
        44,
        110,
        120,
        128,
        94,
        75,
        118,
        66,
        21,
        38,
        123,
        55,
        132,
        46,
        31,
        47,
        24,
        144,
        82,
        125,
        19,
        39,
        32,
        98,
        18,
        0,
        1,
        20,
        86,
        65,
        81,
        131,
        60,
        119,
        43,
        99,
        96,
        141,
        136,
        54,
        5,
        52,
        26,
        111,
        97,
        85,
        130,
        101,
        49,
        72,
        121,
        2,
        10,
        116,
        41,
        7,
        148,
        16,
        27,
        9,
        77,
        6,
        109,
        147,
        108,
        51,
        95,
        73,
        135,
        105,
        57,
        87,
        42,
        15,
        8,
        127,
        145,
        146,
        30,
        107,
        61,
        34,
        67,
        4,
        33,
        113,
        129,
        126,
        91,
        117,
        104
    ],
    "Global Optimum": 0,
    "Algorithm": "Genetic algorithm",
    "Parameters": {
        "population": 30,
        "offspring": 30,
        "mutation probability": 0.006666666666666667,
        "crossover probability": 0.9
    },
    "Fitness": 147881,
    "Solution": [
        88,
        90,
        93,
        11,
        124,
        12,
        63,
        14,
        45,
        48,
        114,
        106,
        64,
        89,
        100,
        71,
        29,
        28,
        25,
        70,
        37,
        84,
        134,
        50,
        62,
        83,
        36,
        115,
        140,
        59,
        58,
        22,
        138,
        133,
        139,
        142,
        149,
        143,
        17,
        92,
        79,
        137,
        74,
        53,
        103,
        76,
        56,
        13,
        80,
        40,
        68,
        3,
        102,
        112,
        69,
        122,
        78,
        23,
        35,
        44,
        110,
        120,
        128,
        94,
        75,
        118,
        66,
        21,
        38,
        123,
        55,
        132,
        46,
        31,
        47,
        24,
        144,
        82,
        125,
        19,
        39,
        32,
        98,
        18,
        0,
        1,
        20,
        86,
        65,
        81,
        131,
        60,
        119,
        43,
        99,
        96,
        141,
        136,
        54,
        5,
        52,
        26,
        111,
        97,
        85,
        130,
        101,
        49,
        72,
        121,
        2,
        10,
        116,
        41,
        7,
        148,
        16,
        27,
        9,
        77,
        6,
        109,
        147,
        108,
        51,
        95,
        73,
        135,
        105,
        57,
        87,
        42,
        15,
        8,
        127,
        145,
        146,
        30,
        107,
        61,
        34,
        67,
        4,
        33,
        113,
        129,
        126,
        91,
        117,
        104
    ],
    "Nb of functions evaluations": 50010,
    "Computational time in seconds": 49.12688946723938,
    "Stopping criterion in evaluations": 50000
}