29° run output:
{
    "Function": "kroB200.tsp",
    "Problem dimension": [
        166,
        26,
        113,
        65,
        81,
        78,
        178,
        140,
        36,
        119,
        111,
        194,
        155,
        56,
        83,
        76,
        12,
        62,
        77,
        161,
        87,
        22,
        159,
        184,
        124,
        109,
        41,
        32,
        108,
        182,
        117,
        13,
        63,
        198,
        130,
        59,
        141,
        174,
        135,
        21,
        55,
        68,
        100,
        123,
        114,
        150,
        18,
        190,
        187,
        112,
        153,
        163,
        133,
        48,
        143,
        170,
        19,
        137,
        34,
        42,
        139,
        1,
        35,
        43,
        16,
        118,
        105,
        82,
        24,
        8,
        93,
        183,
        71,
        97,
        173,
        37,
        64,
        156,
        175,
        171,
        106,
        7,
        31,
        0,
        60,
        73,
        144,
        115,
        53,
        152,
        147,
        101,
        145,
        165,
        61,
        188,
        148,
        66,
        196,
        38,
        2,
        110,
        149,
        4,
        98,
        20,
        99,
        44,
        17,
        104,
        74,
        107,
        88,
        168,
        6,
        172,
        50,
        127,
        9,
        72,
        121,
        189,
        25,
        54,
        91,
        192,
        158,
        51,
        167,
        162,
        195,
        30,
        125,
        47,
        154,
        15,
        102,
        134,
        164,
        132,
        185,
        177,
        27,
        28,
        160,
        33,
        86,
        120,
        40,
        57,
        128,
        157,
        96,
        58,
        70,
        146,
        5,
        80,
        103,
        142,
        46,
        193,
        39,
        11,
        69,
        79,
        176,
        49,
        23,
        186,
        14,
        3,
        179,
        180,
        89,
        122,
        45,
        131,
        126,
        29,
        52,
        10,
        92,
        75,
        90,
        84,
        94,
        138,
        95,
        136,
        191,
        199,
        129,
        151,
        85,
        116,
        197,
        169,
        67,
        181
    ],
    "Global Optimum": 0,
    "Algorithm": "Genetic algorithm",
    "Parameters": {
        "population": 30,
        "offspring": 30,
        "mutation probability": 0.005,
        "crossover probability": 0.9
    },
    "Fitness": 162657,
    "Solution": [
        166,
        26,
        113,
        65,
        81,
        78,
        178,
        140,
        36,
        119,
        111,
        194,
        155,
        56,
        83,
        76,
        12,
        62,
        77,
        161,
        87,
        22,
        159,
        184,
        124,
        109,
        41,
        32,
        108,
        182,
        117,
        13,
        63,
        198,
        130,
        59,
        141,
        174,
        135,
        21,
        55,
        68,
        100,
        123,
        114,
        150,
        18,
        190,
        187,
        112,
        153,
        163,
        133,
        48,
        143,
        170,
        19,
        137,
        34,
        42,
        139,
        1,
        35,
        43,
        16,
        118,
        105,
        82,
        24,
        8,
        93,
        183,
        71,
        97,
        173,
        37,
        64,
        156,
        175,
        171,
        106,
        7,
        31,
        0,
        60,
        73,
        144,
        115,
        53,
        152,
        147,
        101,
        145,
        165,
        61,
        188,
        148,
        66,
        196,
        38,
        2,
        110,
        149,
        4,
        98,
        20,
        99,
        44,
        17,
        104,
        74,
        107,
        88,
        168,
        6,
        172,
        50,
        127,
        9,
        72,
        121,
        189,
        25,
        54,
        91,
        192,
        158,
        51,
        167,
        162,
        195,
        30,
        125,
        47,
        154,
        15,
        102,
        134,
        164,
        132,
        185,
        177,
        27,
        28,
        160,
        33,
        86,
        120,
        40,
        57,
        128,
        157,
        96,
        58,
        70,
        146,
        5,
        80,
        103,
        142,
        46,
        193,
        39,
        11,
        69,
        79,
        176,
        49,
        23,
        186,
        14,
        3,
        179,
        180,
        89,
        122,
        45,
        131,
        126,
        29,
        52,
        10,
        92,
        75,
        90,
        84,
        94,
        138,
        95,
        136,
        191,
        199,
        129,
        151,
        85,
        116,
        197,
        169,
        67,
        181
    ],
    "Nb of functions evaluations": 200010,
    "Computational time in seconds": 187.32300639152527,
    "Stopping criterion in evaluations": 200000
}