20° run output:
{
    "Function": "kroB200.tsp",
    "Problem dimension": [
        99,
        80,
        25,
        92,
        72,
        84,
        151,
        36,
        126,
        167,
        45,
        24,
        30,
        154,
        108,
        40,
        136,
        35,
        161,
        57,
        4,
        197,
        189,
        110,
        37,
        133,
        116,
        55,
        29,
        79,
        128,
        2,
        135,
        70,
        173,
        26,
        146,
        139,
        52,
        188,
        85,
        180,
        74,
        123,
        184,
        13,
        101,
        86,
        8,
        114,
        187,
        112,
        149,
        98,
        11,
        1,
        71,
        168,
        192,
        76,
        118,
        129,
        186,
        124,
        15,
        194,
        119,
        190,
        170,
        107,
        39,
        121,
        67,
        166,
        75,
        157,
        66,
        90,
        58,
        10,
        33,
        22,
        143,
        44,
        50,
        32,
        34,
        60,
        137,
        169,
        196,
        46,
        68,
        100,
        193,
        94,
        28,
        27,
        19,
        127,
        117,
        49,
        176,
        172,
        103,
        63,
        6,
        51,
        138,
        152,
        23,
        104,
        158,
        88,
        185,
        3,
        181,
        102,
        87,
        162,
        53,
        140,
        38,
        69,
        48,
        131,
        20,
        96,
        174,
        175,
        93,
        9,
        141,
        183,
        199,
        111,
        144,
        171,
        156,
        182,
        105,
        125,
        62,
        47,
        109,
        41,
        147,
        191,
        54,
        113,
        195,
        115,
        73,
        145,
        64,
        178,
        5,
        155,
        120,
        132,
        81,
        65,
        164,
        130,
        59,
        83,
        153,
        160,
        0,
        12,
        77,
        21,
        163,
        142,
        106,
        18,
        91,
        16,
        177,
        42,
        150,
        95,
        134,
        43,
        17,
        159,
        78,
        89,
        97,
        31,
        7,
        122,
        165,
        56,
        148,
        61,
        179,
        198,
        82,
        14
    ],
    "Global Optimum": 0,
    "Algorithm": "Genetic algorithm",
    "Parameters": {
        "population": 30,
        "offspring": 30,
        "mutation probability": 0.005,
        "crossover probability": 0.9
    },
    "Fitness": 165789,
    "Solution": [
        99,
        80,
        25,
        92,
        72,
        84,
        151,
        36,
        126,
        167,
        45,
        24,
        30,
        154,
        108,
        40,
        136,
        35,
        161,
        57,
        4,
        197,
        189,
        110,
        37,
        133,
        116,
        55,
        29,
        79,
        128,
        2,
        135,
        70,
        173,
        26,
        146,
        139,
        52,
        188,
        85,
        180,
        74,
        123,
        184,
        13,
        101,
        86,
        8,
        114,
        187,
        112,
        149,
        98,
        11,
        1,
        71,
        168,
        192,
        76,
        118,
        129,
        186,
        124,
        15,
        194,
        119,
        190,
        170,
        107,
        39,
        121,
        67,
        166,
        75,
        157,
        66,
        90,
        58,
        10,
        33,
        22,
        143,
        44,
        50,
        32,
        34,
        60,
        137,
        169,
        196,
        46,
        68,
        100,
        193,
        94,
        28,
        27,
        19,
        127,
        117,
        49,
        176,
        172,
        103,
        63,
        6,
        51,
        138,
        152,
        23,
        104,
        158,
        88,
        185,
        3,
        181,
        102,
        87,
        162,
        53,
        140,
        38,
        69,
        48,
        131,
        20,
        96,
        174,
        175,
        93,
        9,
        141,
        183,
        199,
        111,
        144,
        171,
        156,
        182,
        105,
        125,
        62,
        47,
        109,
        41,
        147,
        191,
        54,
        113,
        195,
        115,
        73,
        145,
        64,
        178,
        5,
        155,
        120,
        132,
        81,
        65,
        164,
        130,
        59,
        83,
        153,
        160,
        0,
        12,
        77,
        21,
        163,
        142,
        106,
        18,
        91,
        16,
        177,
        42,
        150,
        95,
        134,
        43,
        17,
        159,
        78,
        89,
        97,
        31,
        7,
        122,
        165,
        56,
        148,
        61,
        179,
        198,
        82,
        14
    ],
    "Nb of functions evaluations": 200010,
    "Computational time in seconds": 159.10258507728577,
    "Stopping criterion in evaluations": 200000
}