4° run output:
{
    "Function": "kroB200.tsp",
    "Problem dimension": [
        145,
        45,
        138,
        103,
        53,
        116,
        84,
        70,
        6,
        33,
        118,
        16,
        47,
        119,
        143,
        46,
        126,
        67,
        48,
        189,
        123,
        168,
        27,
        92,
        175,
        10,
        69,
        66,
        178,
        149,
        21,
        192,
        91,
        152,
        185,
        132,
        162,
        173,
        94,
        106,
        60,
        93,
        57,
        130,
        44,
        104,
        182,
        105,
        15,
        35,
        78,
        100,
        99,
        55,
        101,
        146,
        32,
        88,
        144,
        65,
        198,
        160,
        85,
        195,
        114,
        22,
        87,
        76,
        199,
        150,
        188,
        180,
        89,
        196,
        61,
        4,
        11,
        26,
        164,
        86,
        158,
        49,
        102,
        82,
        95,
        17,
        63,
        166,
        31,
        8,
        141,
        151,
        19,
        107,
        29,
        79,
        90,
        128,
        72,
        39,
        197,
        75,
        183,
        170,
        40,
        36,
        122,
        9,
        169,
        121,
        97,
        157,
        52,
        131,
        133,
        37,
        74,
        187,
        129,
        161,
        184,
        83,
        115,
        41,
        191,
        194,
        117,
        134,
        124,
        13,
        190,
        137,
        140,
        71,
        159,
        139,
        12,
        154,
        77,
        165,
        110,
        174,
        28,
        80,
        112,
        64,
        1,
        186,
        23,
        42,
        172,
        176,
        113,
        142,
        153,
        59,
        167,
        125,
        136,
        147,
        43,
        18,
        155,
        120,
        135,
        24,
        127,
        14,
        111,
        50,
        109,
        30,
        81,
        98,
        2,
        58,
        163,
        54,
        51,
        177,
        156,
        34,
        171,
        38,
        193,
        148,
        96,
        73,
        3,
        5,
        108,
        62,
        181,
        179,
        25,
        68,
        20,
        7,
        0,
        56
    ],
    "Global Optimum": 0,
    "Algorithm": "Genetic algorithm",
    "Parameters": {
        "population": 30,
        "offspring": 30,
        "mutation probability": 0.005,
        "crossover probability": 0.9
    },
    "Fitness": 166396,
    "Solution": [
        145,
        45,
        138,
        103,
        53,
        116,
        84,
        70,
        6,
        33,
        118,
        16,
        47,
        119,
        143,
        46,
        126,
        67,
        48,
        189,
        123,
        168,
        27,
        92,
        175,
        10,
        69,
        66,
        178,
        149,
        21,
        192,
        91,
        152,
        185,
        132,
        162,
        173,
        94,
        106,
        60,
        93,
        57,
        130,
        44,
        104,
        182,
        105,
        15,
        35,
        78,
        100,
        99,
        55,
        101,
        146,
        32,
        88,
        144,
        65,
        198,
        160,
        85,
        195,
        114,
        22,
        87,
        76,
        199,
        150,
        188,
        180,
        89,
        196,
        61,
        4,
        11,
        26,
        164,
        86,
        158,
        49,
        102,
        82,
        95,
        17,
        63,
        166,
        31,
        8,
        141,
        151,
        19,
        107,
        29,
        79,
        90,
        128,
        72,
        39,
        197,
        75,
        183,
        170,
        40,
        36,
        122,
        9,
        169,
        121,
        97,
        157,
        52,
        131,
        133,
        37,
        74,
        187,
        129,
        161,
        184,
        83,
        115,
        41,
        191,
        194,
        117,
        134,
        124,
        13,
        190,
        137,
        140,
        71,
        159,
        139,
        12,
        154,
        77,
        165,
        110,
        174,
        28,
        80,
        112,
        64,
        1,
        186,
        23,
        42,
        172,
        176,
        113,
        142,
        153,
        59,
        167,
        125,
        136,
        147,
        43,
        18,
        155,
        120,
        135,
        24,
        127,
        14,
        111,
        50,
        109,
        30,
        81,
        98,
        2,
        58,
        163,
        54,
        51,
        177,
        156,
        34,
        171,
        38,
        193,
        148,
        96,
        73,
        3,
        5,
        108,
        62,
        181,
        179,
        25,
        68,
        20,
        7,
        0,
        56
    ],
    "Nb of functions evaluations": 200010,
    "Computational time in seconds": 160.77581024169922,
    "Stopping criterion in evaluations": 200000
}