11° run output:
{
    "Function": "kroB200.tsp",
    "Problem dimension": [
        130,
        60,
        20,
        89,
        164,
        64,
        11,
        106,
        173,
        137,
        74,
        196,
        189,
        35,
        44,
        140,
        148,
        126,
        152,
        41,
        32,
        13,
        12,
        161,
        103,
        92,
        94,
        7,
        157,
        69,
        91,
        150,
        18,
        53,
        142,
        80,
        31,
        166,
        141,
        85,
        180,
        86,
        177,
        24,
        8,
        83,
        26,
        107,
        37,
        133,
        79,
        108,
        125,
        118,
        51,
        34,
        158,
        50,
        155,
        46,
        183,
        153,
        122,
        169,
        67,
        48,
        33,
        115,
        151,
        88,
        49,
        104,
        77,
        124,
        198,
        144,
        156,
        70,
        10,
        128,
        96,
        90,
        45,
        162,
        6,
        117,
        184,
        143,
        56,
        175,
        179,
        185,
        78,
        100,
        4,
        145,
        186,
        81,
        171,
        65,
        5,
        3,
        47,
        191,
        101,
        170,
        114,
        87,
        187,
        29,
        2,
        121,
        84,
        52,
        61,
        55,
        22,
        178,
        99,
        149,
        116,
        97,
        14,
        111,
        147,
        199,
        139,
        105,
        102,
        176,
        21,
        172,
        165,
        113,
        82,
        120,
        127,
        188,
        197,
        38,
        66,
        9,
        39,
        131,
        134,
        62,
        109,
        30,
        194,
        146,
        181,
        167,
        75,
        195,
        190,
        63,
        154,
        1,
        42,
        36,
        15,
        95,
        136,
        119,
        182,
        17,
        16,
        40,
        129,
        160,
        98,
        58,
        73,
        71,
        112,
        193,
        72,
        27,
        28,
        174,
        135,
        59,
        163,
        54,
        76,
        123,
        25,
        0,
        132,
        168,
        57,
        192,
        23,
        43,
        159,
        138,
        19,
        68,
        110,
        93
    ],
    "Global Optimum": 0,
    "Algorithm": "Genetic algorithm",
    "Parameters": {
        "population": 30,
        "offspring": 30,
        "mutation probability": 0.005,
        "crossover probability": 0.9
    },
    "Fitness": 168272,
    "Solution": [
        130,
        60,
        20,
        89,
        164,
        64,
        11,
        106,
        173,
        137,
        74,
        196,
        189,
        35,
        44,
        140,
        148,
        126,
        152,
        41,
        32,
        13,
        12,
        161,
        103,
        92,
        94,
        7,
        157,
        69,
        91,
        150,
        18,
        53,
        142,
        80,
        31,
        166,
        141,
        85,
        180,
        86,
        177,
        24,
        8,
        83,
        26,
        107,
        37,
        133,
        79,
        108,
        125,
        118,
        51,
        34,
        158,
        50,
        155,
        46,
        183,
        153,
        122,
        169,
        67,
        48,
        33,
        115,
        151,
        88,
        49,
        104,
        77,
        124,
        198,
        144,
        156,
        70,
        10,
        128,
        96,
        90,
        45,
        162,
        6,
        117,
        184,
        143,
        56,
        175,
        179,
        185,
        78,
        100,
        4,
        145,
        186,
        81,
        171,
        65,
        5,
        3,
        47,
        191,
        101,
        170,
        114,
        87,
        187,
        29,
        2,
        121,
        84,
        52,
        61,
        55,
        22,
        178,
        99,
        149,
        116,
        97,
        14,
        111,
        147,
        199,
        139,
        105,
        102,
        176,
        21,
        172,
        165,
        113,
        82,
        120,
        127,
        188,
        197,
        38,
        66,
        9,
        39,
        131,
        134,
        62,
        109,
        30,
        194,
        146,
        181,
        167,
        75,
        195,
        190,
        63,
        154,
        1,
        42,
        36,
        15,
        95,
        136,
        119,
        182,
        17,
        16,
        40,
        129,
        160,
        98,
        58,
        73,
        71,
        112,
        193,
        72,
        27,
        28,
        174,
        135,
        59,
        163,
        54,
        76,
        123,
        25,
        0,
        132,
        168,
        57,
        192,
        23,
        43,
        159,
        138,
        19,
        68,
        110,
        93
    ],
    "Nb of functions evaluations": 200010,
    "Computational time in seconds": 159.64142322540283,
    "Stopping criterion in evaluations": 200000
}