23° run output:
{
    "Function": "ClusterA300.tsp",
    "Problem dimension": [
        77,
        137,
        298,
        88,
        202,
        247,
        145,
        37,
        201,
        227,
        142,
        31,
        198,
        128,
        244,
        139,
        178,
        152,
        17,
        120,
        214,
        180,
        150,
        62,
        215,
        176,
        196,
        161,
        98,
        59,
        172,
        107,
        207,
        70,
        115,
        6,
        293,
        46,
        19,
        103,
        254,
        209,
        91,
        223,
        147,
        39,
        10,
        197,
        208,
        28,
        129,
        258,
        36,
        206,
        291,
        273,
        117,
        252,
        15,
        90,
        57,
        116,
        181,
        73,
        257,
        183,
        110,
        55,
        213,
        66,
        185,
        47,
        174,
        14,
        203,
        184,
        222,
        250,
        288,
        100,
        166,
        268,
        230,
        194,
        43,
        24,
        277,
        121,
        251,
        0,
        299,
        219,
        169,
        29,
        7,
        167,
        44,
        52,
        269,
        109,
        173,
        190,
        239,
        212,
        246,
        61,
        171,
        131,
        279,
        111,
        248,
        162,
        226,
        78,
        104,
        154,
        99,
        151,
        263,
        53,
        27,
        132,
        65,
        160,
        4,
        289,
        48,
        287,
        119,
        35,
        135,
        63,
        83,
        182,
        51,
        153,
        267,
        146,
        20,
        284,
        228,
        50,
        60,
        126,
        144,
        13,
        130,
        177,
        133,
        96,
        266,
        192,
        186,
        3,
        97,
        204,
        141,
        238,
        80,
        286,
        241,
        265,
        1,
        260,
        199,
        94,
        92,
        32,
        40,
        262,
        170,
        221,
        282,
        54,
        158,
        106,
        191,
        155,
        16,
        87,
        26,
        136,
        58,
        45,
        189,
        295,
        71,
        235,
        25,
        165,
        34,
        168,
        283,
        218,
        211,
        205,
        271,
        216,
        81,
        264,
        285,
        76,
        134,
        237,
        280,
        179,
        93,
        113,
        64,
        12,
        274,
        21,
        86,
        85,
        229,
        105,
        195,
        164,
        193,
        108,
        281,
        67,
        101,
        140,
        210,
        2,
        72,
        95,
        79,
        220,
        69,
        297,
        38,
        33,
        49,
        5,
        272,
        278,
        217,
        42,
        232,
        82,
        112,
        259,
        159,
        118,
        149,
        253,
        56,
        270,
        231,
        163,
        41,
        148,
        261,
        175,
        127,
        290,
        23,
        75,
        294,
        255,
        188,
        143,
        102,
        240,
        11,
        124,
        245,
        125,
        249,
        187,
        8,
        234,
        296,
        138,
        200,
        22,
        157,
        292,
        275,
        122,
        236,
        256,
        225,
        276,
        68,
        224,
        18,
        30,
        114,
        123,
        84,
        9,
        243,
        156,
        242,
        89,
        74,
        233
    ],
    "Global Optimum": 0,
    "Algorithm": "Genetic algorithm",
    "Parameters": {
        "population": 30,
        "offspring": 30,
        "mutation probability": 0.0033333333333333335,
        "crossover probability": 0.9
    },
    "Fitness": 312270,
    "Solution": [
        77,
        137,
        298,
        88,
        202,
        247,
        145,
        37,
        201,
        227,
        142,
        31,
        198,
        128,
        244,
        139,
        178,
        152,
        17,
        120,
        214,
        180,
        150,
        62,
        215,
        176,
        196,
        161,
        98,
        59,
        172,
        107,
        207,
        70,
        115,
        6,
        293,
        46,
        19,
        103,
        254,
        209,
        91,
        223,
        147,
        39,
        10,
        197,
        208,
        28,
        129,
        258,
        36,
        206,
        291,
        273,
        117,
        252,
        15,
        90,
        57,
        116,
        181,
        73,
        257,
        183,
        110,
        55,
        213,
        66,
        185,
        47,
        174,
        14,
        203,
        184,
        222,
        250,
        288,
        100,
        166,
        268,
        230,
        194,
        43,
        24,
        277,
        121,
        251,
        0,
        299,
        219,
        169,
        29,
        7,
        167,
        44,
        52,
        269,
        109,
        173,
        190,
        239,
        212,
        246,
        61,
        171,
        131,
        279,
        111,
        248,
        162,
        226,
        78,
        104,
        154,
        99,
        151,
        263,
        53,
        27,
        132,
        65,
        160,
        4,
        289,
        48,
        287,
        119,
        35,
        135,
        63,
        83,
        182,
        51,
        153,
        267,
        146,
        20,
        284,
        228,
        50,
        60,
        126,
        144,
        13,
        130,
        177,
        133,
        96,
        266,
        192,
        186,
        3,
        97,
        204,
        141,
        238,
        80,
        286,
        241,
        265,
        1,
        260,
        199,
        94,
        92,
        32,
        40,
        262,
        170,
        221,
        282,
        54,
        158,
        106,
        191,
        155,
        16,
        87,
        26,
        136,
        58,
        45,
        189,
        295,
        71,
        235,
        25,
        165,
        34,
        168,
        283,
        218,
        211,
        205,
        271,
        216,
        81,
        264,
        285,
        76,
        134,
        237,
        280,
        179,
        93,
        113,
        64,
        12,
        274,
        21,
        86,
        85,
        229,
        105,
        195,
        164,
        193,
        108,
        281,
        67,
        101,
        140,
        210,
        2,
        72,
        95,
        79,
        220,
        69,
        297,
        38,
        33,
        49,
        5,
        272,
        278,
        217,
        42,
        232,
        82,
        112,
        259,
        159,
        118,
        149,
        253,
        56,
        270,
        231,
        163,
        41,
        148,
        261,
        175,
        127,
        290,
        23,
        75,
        294,
        255,
        188,
        143,
        102,
        240,
        11,
        124,
        245,
        125,
        249,
        187,
        8,
        234,
        296,
        138,
        200,
        22,
        157,
        292,
        275,
        122,
        236,
        256,
        225,
        276,
        68,
        224,
        18,
        30,
        114,
        123,
        84,
        9,
        243,
        156,
        242,
        89,
        74,
        233
    ],
    "Nb of functions evaluations": 200010,
    "Computational time in seconds": 334.45411348342896,
    "Stopping criterion in evaluations": 200000
}