20° run output:
{
    "Function": "ClusterA300.tsp",
    "Problem dimension": [
        181,
        117,
        43,
        25,
        189,
        81,
        226,
        184,
        241,
        3,
        13,
        197,
        283,
        30,
        142,
        39,
        228,
        246,
        82,
        22,
        235,
        291,
        5,
        110,
        176,
        244,
        242,
        24,
        32,
        169,
        102,
        90,
        208,
        100,
        53,
        296,
        263,
        44,
        166,
        231,
        247,
        260,
        292,
        272,
        123,
        54,
        279,
        80,
        239,
        290,
        214,
        288,
        209,
        95,
        145,
        158,
        233,
        69,
        157,
        52,
        256,
        144,
        21,
        188,
        41,
        28,
        37,
        121,
        68,
        267,
        280,
        61,
        0,
        137,
        64,
        26,
        204,
        27,
        275,
        16,
        136,
        65,
        119,
        92,
        251,
        284,
        58,
        172,
        105,
        255,
        248,
        2,
        252,
        34,
        218,
        162,
        55,
        258,
        195,
        219,
        4,
        113,
        153,
        282,
        77,
        168,
        101,
        253,
        232,
        179,
        274,
        103,
        127,
        270,
        230,
        234,
        236,
        225,
        281,
        10,
        297,
        194,
        178,
        128,
        186,
        278,
        111,
        31,
        134,
        201,
        12,
        151,
        108,
        154,
        88,
        138,
        185,
        237,
        73,
        187,
        163,
        211,
        289,
        93,
        222,
        175,
        173,
        106,
        66,
        14,
        191,
        67,
        11,
        40,
        29,
        273,
        71,
        126,
        139,
        298,
        15,
        91,
        1,
        76,
        74,
        220,
        114,
        57,
        259,
        75,
        265,
        146,
        89,
        18,
        84,
        49,
        109,
        210,
        277,
        294,
        132,
        159,
        9,
        293,
        164,
        207,
        107,
        171,
        264,
        130,
        48,
        70,
        94,
        56,
        7,
        295,
        120,
        245,
        131,
        268,
        217,
        83,
        150,
        38,
        212,
        200,
        85,
        182,
        99,
        51,
        206,
        42,
        261,
        129,
        98,
        223,
        62,
        205,
        215,
        238,
        269,
        240,
        170,
        118,
        183,
        257,
        17,
        19,
        180,
        78,
        45,
        229,
        23,
        254,
        167,
        79,
        35,
        147,
        192,
        216,
        285,
        199,
        203,
        122,
        224,
        152,
        196,
        124,
        33,
        221,
        174,
        160,
        47,
        104,
        125,
        141,
        155,
        287,
        140,
        63,
        276,
        177,
        112,
        190,
        59,
        286,
        116,
        97,
        250,
        72,
        213,
        266,
        299,
        262,
        46,
        193,
        135,
        87,
        227,
        165,
        20,
        161,
        149,
        271,
        115,
        50,
        143,
        36,
        60,
        6,
        8,
        148,
        243,
        156,
        249,
        86,
        202,
        96,
        133,
        198
    ],
    "Global Optimum": 0,
    "Algorithm": "Genetic algorithm",
    "Parameters": {
        "population": 30,
        "offspring": 30,
        "mutation probability": 0.0033333333333333335,
        "crossover probability": 0.9
    },
    "Fitness": 297399,
    "Solution": [
        181,
        117,
        43,
        25,
        189,
        81,
        226,
        184,
        241,
        3,
        13,
        197,
        283,
        30,
        142,
        39,
        228,
        246,
        82,
        22,
        235,
        291,
        5,
        110,
        176,
        244,
        242,
        24,
        32,
        169,
        102,
        90,
        208,
        100,
        53,
        296,
        263,
        44,
        166,
        231,
        247,
        260,
        292,
        272,
        123,
        54,
        279,
        80,
        239,
        290,
        214,
        288,
        209,
        95,
        145,
        158,
        233,
        69,
        157,
        52,
        256,
        144,
        21,
        188,
        41,
        28,
        37,
        121,
        68,
        267,
        280,
        61,
        0,
        137,
        64,
        26,
        204,
        27,
        275,
        16,
        136,
        65,
        119,
        92,
        251,
        284,
        58,
        172,
        105,
        255,
        248,
        2,
        252,
        34,
        218,
        162,
        55,
        258,
        195,
        219,
        4,
        113,
        153,
        282,
        77,
        168,
        101,
        253,
        232,
        179,
        274,
        103,
        127,
        270,
        230,
        234,
        236,
        225,
        281,
        10,
        297,
        194,
        178,
        128,
        186,
        278,
        111,
        31,
        134,
        201,
        12,
        151,
        108,
        154,
        88,
        138,
        185,
        237,
        73,
        187,
        163,
        211,
        289,
        93,
        222,
        175,
        173,
        106,
        66,
        14,
        191,
        67,
        11,
        40,
        29,
        273,
        71,
        126,
        139,
        298,
        15,
        91,
        1,
        76,
        74,
        220,
        114,
        57,
        259,
        75,
        265,
        146,
        89,
        18,
        84,
        49,
        109,
        210,
        277,
        294,
        132,
        159,
        9,
        293,
        164,
        207,
        107,
        171,
        264,
        130,
        48,
        70,
        94,
        56,
        7,
        295,
        120,
        245,
        131,
        268,
        217,
        83,
        150,
        38,
        212,
        200,
        85,
        182,
        99,
        51,
        206,
        42,
        261,
        129,
        98,
        223,
        62,
        205,
        215,
        238,
        269,
        240,
        170,
        118,
        183,
        257,
        17,
        19,
        180,
        78,
        45,
        229,
        23,
        254,
        167,
        79,
        35,
        147,
        192,
        216,
        285,
        199,
        203,
        122,
        224,
        152,
        196,
        124,
        33,
        221,
        174,
        160,
        47,
        104,
        125,
        141,
        155,
        287,
        140,
        63,
        276,
        177,
        112,
        190,
        59,
        286,
        116,
        97,
        250,
        72,
        213,
        266,
        299,
        262,
        46,
        193,
        135,
        87,
        227,
        165,
        20,
        161,
        149,
        271,
        115,
        50,
        143,
        36,
        60,
        6,
        8,
        148,
        243,
        156,
        249,
        86,
        202,
        96,
        133,
        198
    ],
    "Nb of functions evaluations": 200010,
    "Computational time in seconds": 347.2515547275543,
    "Stopping criterion in evaluations": 200000
}