15° run output:
{
    "Function": "ClusterA300.tsp",
    "Problem dimension": [
        107,
        261,
        291,
        100,
        214,
        231,
        103,
        236,
        229,
        127,
        157,
        87,
        37,
        185,
        159,
        4,
        126,
        67,
        267,
        196,
        56,
        187,
        226,
        216,
        109,
        219,
        110,
        104,
        8,
        44,
        136,
        217,
        270,
        278,
        285,
        154,
        294,
        208,
        65,
        246,
        241,
        68,
        61,
        176,
        30,
        108,
        289,
        288,
        62,
        20,
        215,
        284,
        161,
        42,
        116,
        257,
        17,
        263,
        24,
        145,
        111,
        15,
        98,
        52,
        85,
        175,
        197,
        13,
        45,
        47,
        269,
        189,
        125,
        225,
        10,
        120,
        199,
        292,
        48,
        23,
        6,
        248,
        93,
        168,
        25,
        209,
        1,
        156,
        188,
        224,
        243,
        63,
        213,
        234,
        133,
        182,
        205,
        240,
        253,
        55,
        195,
        286,
        137,
        12,
        28,
        165,
        134,
        54,
        102,
        283,
        121,
        223,
        298,
        174,
        265,
        86,
        2,
        207,
        198,
        73,
        183,
        148,
        3,
        81,
        19,
        60,
        151,
        190,
        211,
        59,
        162,
        122,
        40,
        146,
        275,
        36,
        276,
        287,
        259,
        173,
        153,
        43,
        32,
        58,
        105,
        124,
        193,
        130,
        132,
        147,
        186,
        177,
        29,
        31,
        35,
        128,
        39,
        184,
        91,
        16,
        239,
        274,
        51,
        249,
        204,
        112,
        33,
        113,
        106,
        49,
        69,
        296,
        0,
        201,
        78,
        99,
        232,
        260,
        247,
        41,
        255,
        75,
        95,
        297,
        7,
        170,
        114,
        227,
        92,
        252,
        50,
        180,
        272,
        266,
        72,
        279,
        220,
        117,
        9,
        169,
        271,
        191,
        155,
        277,
        181,
        178,
        83,
        163,
        233,
        57,
        90,
        206,
        212,
        256,
        268,
        21,
        200,
        150,
        76,
        202,
        82,
        26,
        79,
        235,
        295,
        264,
        38,
        74,
        27,
        22,
        238,
        299,
        101,
        280,
        46,
        222,
        164,
        281,
        167,
        290,
        254,
        53,
        144,
        166,
        96,
        228,
        71,
        80,
        70,
        119,
        152,
        14,
        142,
        251,
        160,
        115,
        244,
        84,
        242,
        203,
        141,
        245,
        138,
        89,
        18,
        171,
        262,
        210,
        221,
        282,
        149,
        118,
        179,
        273,
        143,
        237,
        34,
        11,
        97,
        250,
        258,
        172,
        230,
        293,
        5,
        140,
        194,
        77,
        139,
        192,
        64,
        218,
        129,
        158,
        135,
        88,
        94,
        123,
        131,
        66
    ],
    "Global Optimum": 0,
    "Algorithm": "Genetic algorithm",
    "Parameters": {
        "population": 30,
        "offspring": 30,
        "mutation probability": 0.0033333333333333335,
        "crossover probability": 0.9
    },
    "Fitness": 302190,
    "Solution": [
        107,
        261,
        291,
        100,
        214,
        231,
        103,
        236,
        229,
        127,
        157,
        87,
        37,
        185,
        159,
        4,
        126,
        67,
        267,
        196,
        56,
        187,
        226,
        216,
        109,
        219,
        110,
        104,
        8,
        44,
        136,
        217,
        270,
        278,
        285,
        154,
        294,
        208,
        65,
        246,
        241,
        68,
        61,
        176,
        30,
        108,
        289,
        288,
        62,
        20,
        215,
        284,
        161,
        42,
        116,
        257,
        17,
        263,
        24,
        145,
        111,
        15,
        98,
        52,
        85,
        175,
        197,
        13,
        45,
        47,
        269,
        189,
        125,
        225,
        10,
        120,
        199,
        292,
        48,
        23,
        6,
        248,
        93,
        168,
        25,
        209,
        1,
        156,
        188,
        224,
        243,
        63,
        213,
        234,
        133,
        182,
        205,
        240,
        253,
        55,
        195,
        286,
        137,
        12,
        28,
        165,
        134,
        54,
        102,
        283,
        121,
        223,
        298,
        174,
        265,
        86,
        2,
        207,
        198,
        73,
        183,
        148,
        3,
        81,
        19,
        60,
        151,
        190,
        211,
        59,
        162,
        122,
        40,
        146,
        275,
        36,
        276,
        287,
        259,
        173,
        153,
        43,
        32,
        58,
        105,
        124,
        193,
        130,
        132,
        147,
        186,
        177,
        29,
        31,
        35,
        128,
        39,
        184,
        91,
        16,
        239,
        274,
        51,
        249,
        204,
        112,
        33,
        113,
        106,
        49,
        69,
        296,
        0,
        201,
        78,
        99,
        232,
        260,
        247,
        41,
        255,
        75,
        95,
        297,
        7,
        170,
        114,
        227,
        92,
        252,
        50,
        180,
        272,
        266,
        72,
        279,
        220,
        117,
        9,
        169,
        271,
        191,
        155,
        277,
        181,
        178,
        83,
        163,
        233,
        57,
        90,
        206,
        212,
        256,
        268,
        21,
        200,
        150,
        76,
        202,
        82,
        26,
        79,
        235,
        295,
        264,
        38,
        74,
        27,
        22,
        238,
        299,
        101,
        280,
        46,
        222,
        164,
        281,
        167,
        290,
        254,
        53,
        144,
        166,
        96,
        228,
        71,
        80,
        70,
        119,
        152,
        14,
        142,
        251,
        160,
        115,
        244,
        84,
        242,
        203,
        141,
        245,
        138,
        89,
        18,
        171,
        262,
        210,
        221,
        282,
        149,
        118,
        179,
        273,
        143,
        237,
        34,
        11,
        97,
        250,
        258,
        172,
        230,
        293,
        5,
        140,
        194,
        77,
        139,
        192,
        64,
        218,
        129,
        158,
        135,
        88,
        94,
        123,
        131,
        66
    ],
    "Nb of functions evaluations": 200010,
    "Computational time in seconds": 340.4008548259735,
    "Stopping criterion in evaluations": 200000
}