9° run output:
{
    "Function": "euclidA500.tsp",
    "Problem dimension": [
        437,
        77,
        319,
        25,
        420,
        417,
        105,
        123,
        346,
        147,
        88,
        152,
        174,
        270,
        452,
        392,
        109,
        91,
        448,
        360,
        376,
        101,
        260,
        277,
        473,
        381,
        66,
        35,
        255,
        407,
        299,
        258,
        210,
        232,
        388,
        4,
        327,
        71,
        142,
        151,
        435,
        228,
        498,
        330,
        286,
        461,
        307,
        157,
        192,
        397,
        313,
        130,
        296,
        60,
        372,
        14,
        271,
        28,
        92,
        259,
        53,
        396,
        423,
        245,
        129,
        62,
        44,
        89,
        468,
        341,
        47,
        23,
        415,
        226,
        173,
        8,
        404,
        256,
        219,
        370,
        108,
        273,
        45,
        414,
        343,
        488,
        16,
        443,
        155,
        402,
        374,
        240,
        486,
        128,
        180,
        143,
        371,
        236,
        322,
        125,
        301,
        481,
        422,
        280,
        466,
        227,
        477,
        342,
        34,
        293,
        204,
        382,
        492,
        274,
        1,
        171,
        112,
        489,
        201,
        348,
        134,
        166,
        465,
        294,
        153,
        367,
        428,
        262,
        24,
        7,
        363,
        331,
        38,
        433,
        213,
        233,
        52,
        482,
        251,
        264,
        76,
        329,
        99,
        110,
        18,
        362,
        304,
        214,
        312,
        150,
        411,
        436,
        206,
        328,
        27,
        355,
        306,
        187,
        445,
        454,
        40,
        68,
        100,
        136,
        186,
        416,
        118,
        235,
        162,
        446,
        288,
        487,
        13,
        82,
        447,
        380,
        254,
        218,
        195,
        31,
        15,
        389,
        337,
        326,
        197,
        132,
        19,
        283,
        102,
        354,
        412,
        410,
        479,
        182,
        5,
        310,
        3,
        252,
        86,
        78,
        373,
        81,
        183,
        133,
        196,
        145,
        94,
        113,
        98,
        116,
        289,
        267,
        357,
        135,
        462,
        164,
        399,
        282,
        314,
        154,
        384,
        205,
        67,
        391,
        61,
        359,
        279,
        70,
        9,
        39,
        469,
        499,
        278,
        124,
        390,
        394,
        107,
        474,
        194,
        69,
        459,
        51,
        323,
        315,
        361,
        117,
        59,
        427,
        398,
        340,
        170,
        494,
        320,
        21,
        163,
        97,
        104,
        353,
        55,
        308,
        284,
        303,
        224,
        2,
        400,
        139,
        285,
        30,
        405,
        83,
        483,
        316,
        434,
        287,
        148,
        96,
        351,
        191,
        178,
        426,
        50,
        480,
        442,
        64,
        87,
        185,
        291,
        72,
        198,
        439,
        122,
        225,
        48,
        221,
        368,
        321,
        295,
        352,
        440,
        184,
        176,
        159,
        146,
        181,
        0,
        156,
        458,
        217,
        243,
        476,
        438,
        65,
        281,
        493,
        93,
        80,
        215,
        406,
        202,
        188,
        175,
        131,
        453,
        393,
        338,
        472,
        378,
        37,
        46,
        490,
        11,
        6,
        333,
        177,
        208,
        43,
        276,
        325,
        268,
        33,
        179,
        216,
        247,
        140,
        32,
        111,
        114,
        165,
        300,
        471,
        75,
        158,
        456,
        73,
        460,
        335,
        263,
        379,
        450,
        54,
        141,
        317,
        161,
        90,
        144,
        497,
        220,
        266,
        292,
        366,
        84,
        358,
        413,
        74,
        347,
        241,
        230,
        58,
        42,
        449,
        253,
        12,
        211,
        369,
        126,
        431,
        377,
        495,
        121,
        168,
        401,
        200,
        356,
        364,
        63,
        137,
        432,
        127,
        429,
        387,
        457,
        383,
        430,
        297,
        491,
        85,
        10,
        119,
        138,
        172,
        193,
        339,
        190,
        419,
        484,
        234,
        115,
        485,
        475,
        403,
        103,
        290,
        265,
        242,
        324,
        212,
        246,
        349,
        169,
        269,
        464,
        189,
        49,
        239,
        496,
        336,
        207,
        160,
        298,
        272,
        20,
        199,
        418,
        248,
        237,
        203,
        261,
        222,
        95,
        17,
        249,
        29,
        334,
        318,
        424,
        421,
        441,
        350,
        106,
        451,
        275,
        385,
        470,
        375,
        467,
        386,
        22,
        425,
        463,
        36,
        231,
        56,
        238,
        26,
        223,
        302,
        305,
        57,
        409,
        309,
        345,
        167,
        344,
        311,
        209,
        79,
        478,
        250,
        444,
        332,
        229,
        455,
        365,
        244,
        41,
        120,
        408,
        395,
        257,
        149
    ],
    "Global Optimum": 0,
    "Algorithm": "Genetic algorithm",
    "Parameters": {
        "population": 30,
        "offspring": 30,
        "mutation probability": 0.002,
        "crossover probability": 0.9
    },
    "Fitness": 593685,
    "Solution": [
        437,
        77,
        319,
        25,
        420,
        417,
        105,
        123,
        346,
        147,
        88,
        152,
        174,
        270,
        452,
        392,
        109,
        91,
        448,
        360,
        376,
        101,
        260,
        277,
        473,
        381,
        66,
        35,
        255,
        407,
        299,
        258,
        210,
        232,
        388,
        4,
        327,
        71,
        142,
        151,
        435,
        228,
        498,
        330,
        286,
        461,
        307,
        157,
        192,
        397,
        313,
        130,
        296,
        60,
        372,
        14,
        271,
        28,
        92,
        259,
        53,
        396,
        423,
        245,
        129,
        62,
        44,
        89,
        468,
        341,
        47,
        23,
        415,
        226,
        173,
        8,
        404,
        256,
        219,
        370,
        108,
        273,
        45,
        414,
        343,
        488,
        16,
        443,
        155,
        402,
        374,
        240,
        486,
        128,
        180,
        143,
        371,
        236,
        322,
        125,
        301,
        481,
        422,
        280,
        466,
        227,
        477,
        342,
        34,
        293,
        204,
        382,
        492,
        274,
        1,
        171,
        112,
        489,
        201,
        348,
        134,
        166,
        465,
        294,
        153,
        367,
        428,
        262,
        24,
        7,
        363,
        331,
        38,
        433,
        213,
        233,
        52,
        482,
        251,
        264,
        76,
        329,
        99,
        110,
        18,
        362,
        304,
        214,
        312,
        150,
        411,
        436,
        206,
        328,
        27,
        355,
        306,
        187,
        445,
        454,
        40,
        68,
        100,
        136,
        186,
        416,
        118,
        235,
        162,
        446,
        288,
        487,
        13,
        82,
        447,
        380,
        254,
        218,
        195,
        31,
        15,
        389,
        337,
        326,
        197,
        132,
        19,
        283,
        102,
        354,
        412,
        410,
        479,
        182,
        5,
        310,
        3,
        252,
        86,
        78,
        373,
        81,
        183,
        133,
        196,
        145,
        94,
        113,
        98,
        116,
        289,
        267,
        357,
        135,
        462,
        164,
        399,
        282,
        314,
        154,
        384,
        205,
        67,
        391,
        61,
        359,
        279,
        70,
        9,
        39,
        469,
        499,
        278,
        124,
        390,
        394,
        107,
        474,
        194,
        69,
        459,
        51,
        323,
        315,
        361,
        117,
        59,
        427,
        398,
        340,
        170,
        494,
        320,
        21,
        163,
        97,
        104,
        353,
        55,
        308,
        284,
        303,
        224,
        2,
        400,
        139,
        285,
        30,
        405,
        83,
        483,
        316,
        434,
        287,
        148,
        96,
        351,
        191,
        178,
        426,
        50,
        480,
        442,
        64,
        87,
        185,
        291,
        72,
        198,
        439,
        122,
        225,
        48,
        221,
        368,
        321,
        295,
        352,
        440,
        184,
        176,
        159,
        146,
        181,
        0,
        156,
        458,
        217,
        243,
        476,
        438,
        65,
        281,
        493,
        93,
        80,
        215,
        406,
        202,
        188,
        175,
        131,
        453,
        393,
        338,
        472,
        378,
        37,
        46,
        490,
        11,
        6,
        333,
        177,
        208,
        43,
        276,
        325,
        268,
        33,
        179,
        216,
        247,
        140,
        32,
        111,
        114,
        165,
        300,
        471,
        75,
        158,
        456,
        73,
        460,
        335,
        263,
        379,
        450,
        54,
        141,
        317,
        161,
        90,
        144,
        497,
        220,
        266,
        292,
        366,
        84,
        358,
        413,
        74,
        347,
        241,
        230,
        58,
        42,
        449,
        253,
        12,
        211,
        369,
        126,
        431,
        377,
        495,
        121,
        168,
        401,
        200,
        356,
        364,
        63,
        137,
        432,
        127,
        429,
        387,
        457,
        383,
        430,
        297,
        491,
        85,
        10,
        119,
        138,
        172,
        193,
        339,
        190,
        419,
        484,
        234,
        115,
        485,
        475,
        403,
        103,
        290,
        265,
        242,
        324,
        212,
        246,
        349,
        169,
        269,
        464,
        189,
        49,
        239,
        496,
        336,
        207,
        160,
        298,
        272,
        20,
        199,
        418,
        248,
        237,
        203,
        261,
        222,
        95,
        17,
        249,
        29,
        334,
        318,
        424,
        421,
        441,
        350,
        106,
        451,
        275,
        385,
        470,
        375,
        467,
        386,
        22,
        425,
        463,
        36,
        231,
        56,
        238,
        26,
        223,
        302,
        305,
        57,
        409,
        309,
        345,
        167,
        344,
        311,
        209,
        79,
        478,
        250,
        444,
        332,
        229,
        455,
        365,
        244,
        41,
        120,
        408,
        395,
        257,
        149
    ],
    "Nb of functions evaluations": 400020,
    "Computational time in seconds": 1814.5000081062317,
    "Stopping criterion in evaluations": 400000
}