24° run output:
{
    "Function": "euclidA500.tsp",
    "Problem dimension": [
        338,
        329,
        223,
        16,
        493,
        72,
        451,
        279,
        461,
        209,
        262,
        308,
        282,
        256,
        410,
        178,
        312,
        438,
        319,
        206,
        347,
        48,
        191,
        202,
        399,
        377,
        95,
        268,
        143,
        103,
        21,
        382,
        211,
        333,
        208,
        248,
        193,
        392,
        164,
        306,
        217,
        421,
        168,
        212,
        465,
        188,
        365,
        19,
        317,
        133,
        349,
        401,
        477,
        443,
        246,
        163,
        25,
        456,
        270,
        311,
        152,
        165,
        444,
        146,
        98,
        141,
        216,
        53,
        255,
        252,
        415,
        462,
        28,
        363,
        315,
        151,
        114,
        156,
        412,
        431,
        419,
        485,
        56,
        253,
        30,
        228,
        418,
        429,
        473,
        397,
        8,
        340,
        92,
        96,
        406,
        495,
        389,
        313,
        5,
        398,
        274,
        104,
        100,
        436,
        354,
        302,
        108,
        263,
        244,
        404,
        80,
        169,
        426,
        239,
        41,
        69,
        184,
        135,
        394,
        81,
        325,
        6,
        337,
        288,
        110,
        118,
        159,
        417,
        414,
        52,
        24,
        294,
        155,
        322,
        364,
        238,
        496,
        385,
        342,
        486,
        99,
        448,
        150,
        17,
        204,
        449,
        463,
        121,
        9,
        381,
        452,
        309,
        83,
        454,
        77,
        57,
        27,
        427,
        316,
        58,
        119,
        158,
        367,
        134,
        194,
        26,
        310,
        54,
        149,
        40,
        327,
        249,
        46,
        357,
        11,
        230,
        140,
        296,
        402,
        136,
        439,
        64,
        299,
        442,
        469,
        344,
        29,
        499,
        101,
        297,
        123,
        295,
        22,
        106,
        49,
        113,
        484,
        341,
        39,
        437,
        339,
        386,
        375,
        131,
        300,
        303,
        144,
        107,
        368,
        33,
        491,
        153,
        283,
        351,
        179,
        331,
        66,
        224,
        36,
        234,
        380,
        126,
        488,
        227,
        84,
        498,
        336,
        174,
        318,
        409,
        403,
        374,
        132,
        328,
        187,
        1,
        466,
        395,
        2,
        229,
        32,
        173,
        214,
        370,
        85,
        82,
        298,
        464,
        192,
        221,
        91,
        34,
        20,
        148,
        207,
        378,
        37,
        407,
        196,
        289,
        63,
        494,
        455,
        241,
        55,
        265,
        183,
        240,
        445,
        59,
        70,
        376,
        416,
        453,
        242,
        226,
        154,
        186,
        425,
        343,
        250,
        360,
        86,
        79,
        190,
        471,
        87,
        459,
        14,
        185,
        222,
        470,
        284,
        369,
        251,
        468,
        117,
        390,
        334,
        440,
        483,
        460,
        476,
        320,
        292,
        175,
        446,
        400,
        474,
        31,
        346,
        38,
        220,
        287,
        44,
        90,
        13,
        432,
        489,
        326,
        176,
        271,
        384,
        102,
        358,
        62,
        277,
        435,
        264,
        393,
        43,
        355,
        195,
        467,
        232,
        321,
        345,
        235,
        93,
        276,
        109,
        487,
        361,
        481,
        423,
        166,
        42,
        323,
        35,
        145,
        267,
        479,
        23,
        215,
        480,
        348,
        332,
        65,
        260,
        142,
        71,
        379,
        60,
        199,
        269,
        105,
        243,
        290,
        170,
        457,
        275,
        210,
        413,
        254,
        120,
        219,
        115,
        335,
        422,
        236,
        366,
        430,
        231,
        162,
        112,
        3,
        353,
        482,
        490,
        94,
        181,
        301,
        182,
        447,
        497,
        475,
        167,
        286,
        189,
        89,
        428,
        157,
        127,
        237,
        7,
        280,
        88,
        111,
        138,
        408,
        458,
        172,
        128,
        200,
        197,
        12,
        51,
        147,
        258,
        352,
        350,
        257,
        405,
        472,
        177,
        129,
        492,
        304,
        4,
        116,
        372,
        201,
        233,
        15,
        434,
        373,
        281,
        203,
        47,
        68,
        198,
        50,
        161,
        314,
        18,
        450,
        307,
        362,
        73,
        218,
        122,
        371,
        259,
        124,
        139,
        324,
        273,
        266,
        441,
        387,
        67,
        424,
        171,
        160,
        272,
        411,
        0,
        225,
        74,
        433,
        478,
        388,
        383,
        245,
        75,
        10,
        76,
        291,
        285,
        305,
        97,
        247,
        261,
        205,
        396,
        180,
        130,
        125,
        61,
        330,
        78,
        359,
        278,
        45,
        356,
        213,
        420,
        293,
        391,
        137
    ],
    "Global Optimum": 0,
    "Algorithm": "Genetic algorithm",
    "Parameters": {
        "population": 30,
        "offspring": 30,
        "mutation probability": 0.002,
        "crossover probability": 0.9
    },
    "Fitness": 568234,
    "Solution": [
        338,
        329,
        223,
        16,
        493,
        72,
        451,
        279,
        461,
        209,
        262,
        308,
        282,
        256,
        410,
        178,
        312,
        438,
        319,
        206,
        347,
        48,
        191,
        202,
        399,
        377,
        95,
        268,
        143,
        103,
        21,
        382,
        211,
        333,
        208,
        248,
        193,
        392,
        164,
        306,
        217,
        421,
        168,
        212,
        465,
        188,
        365,
        19,
        317,
        133,
        349,
        401,
        477,
        443,
        246,
        163,
        25,
        456,
        270,
        311,
        152,
        165,
        444,
        146,
        98,
        141,
        216,
        53,
        255,
        252,
        415,
        462,
        28,
        363,
        315,
        151,
        114,
        156,
        412,
        431,
        419,
        485,
        56,
        253,
        30,
        228,
        418,
        429,
        473,
        397,
        8,
        340,
        92,
        96,
        406,
        495,
        389,
        313,
        5,
        398,
        274,
        104,
        100,
        436,
        354,
        302,
        108,
        263,
        244,
        404,
        80,
        169,
        426,
        239,
        41,
        69,
        184,
        135,
        394,
        81,
        325,
        6,
        337,
        288,
        110,
        118,
        159,
        417,
        414,
        52,
        24,
        294,
        155,
        322,
        364,
        238,
        496,
        385,
        342,
        486,
        99,
        448,
        150,
        17,
        204,
        449,
        463,
        121,
        9,
        381,
        452,
        309,
        83,
        454,
        77,
        57,
        27,
        427,
        316,
        58,
        119,
        158,
        367,
        134,
        194,
        26,
        310,
        54,
        149,
        40,
        327,
        249,
        46,
        357,
        11,
        230,
        140,
        296,
        402,
        136,
        439,
        64,
        299,
        442,
        469,
        344,
        29,
        499,
        101,
        297,
        123,
        295,
        22,
        106,
        49,
        113,
        484,
        341,
        39,
        437,
        339,
        386,
        375,
        131,
        300,
        303,
        144,
        107,
        368,
        33,
        491,
        153,
        283,
        351,
        179,
        331,
        66,
        224,
        36,
        234,
        380,
        126,
        488,
        227,
        84,
        498,
        336,
        174,
        318,
        409,
        403,
        374,
        132,
        328,
        187,
        1,
        466,
        395,
        2,
        229,
        32,
        173,
        214,
        370,
        85,
        82,
        298,
        464,
        192,
        221,
        91,
        34,
        20,
        148,
        207,
        378,
        37,
        407,
        196,
        289,
        63,
        494,
        455,
        241,
        55,
        265,
        183,
        240,
        445,
        59,
        70,
        376,
        416,
        453,
        242,
        226,
        154,
        186,
        425,
        343,
        250,
        360,
        86,
        79,
        190,
        471,
        87,
        459,
        14,
        185,
        222,
        470,
        284,
        369,
        251,
        468,
        117,
        390,
        334,
        440,
        483,
        460,
        476,
        320,
        292,
        175,
        446,
        400,
        474,
        31,
        346,
        38,
        220,
        287,
        44,
        90,
        13,
        432,
        489,
        326,
        176,
        271,
        384,
        102,
        358,
        62,
        277,
        435,
        264,
        393,
        43,
        355,
        195,
        467,
        232,
        321,
        345,
        235,
        93,
        276,
        109,
        487,
        361,
        481,
        423,
        166,
        42,
        323,
        35,
        145,
        267,
        479,
        23,
        215,
        480,
        348,
        332,
        65,
        260,
        142,
        71,
        379,
        60,
        199,
        269,
        105,
        243,
        290,
        170,
        457,
        275,
        210,
        413,
        254,
        120,
        219,
        115,
        335,
        422,
        236,
        366,
        430,
        231,
        162,
        112,
        3,
        353,
        482,
        490,
        94,
        181,
        301,
        182,
        447,
        497,
        475,
        167,
        286,
        189,
        89,
        428,
        157,
        127,
        237,
        7,
        280,
        88,
        111,
        138,
        408,
        458,
        172,
        128,
        200,
        197,
        12,
        51,
        147,
        258,
        352,
        350,
        257,
        405,
        472,
        177,
        129,
        492,
        304,
        4,
        116,
        372,
        201,
        233,
        15,
        434,
        373,
        281,
        203,
        47,
        68,
        198,
        50,
        161,
        314,
        18,
        450,
        307,
        362,
        73,
        218,
        122,
        371,
        259,
        124,
        139,
        324,
        273,
        266,
        441,
        387,
        67,
        424,
        171,
        160,
        272,
        411,
        0,
        225,
        74,
        433,
        478,
        388,
        383,
        245,
        75,
        10,
        76,
        291,
        285,
        305,
        97,
        247,
        261,
        205,
        396,
        180,
        130,
        125,
        61,
        330,
        78,
        359,
        278,
        45,
        356,
        213,
        420,
        293,
        391,
        137
    ],
    "Nb of functions evaluations": 400020,
    "Computational time in seconds": 1822.4638538360596,
    "Stopping criterion in evaluations": 400000
}