8° run output:
{
    "Function": "euclidA500.tsp",
    "Problem dimension": [
        181,
        331,
        108,
        0,
        125,
        111,
        471,
        32,
        395,
        267,
        298,
        162,
        450,
        66,
        451,
        373,
        325,
        82,
        17,
        97,
        246,
        463,
        122,
        448,
        55,
        369,
        41,
        275,
        291,
        435,
        422,
        302,
        4,
        301,
        364,
        281,
        287,
        428,
        430,
        25,
        226,
        499,
        237,
        485,
        187,
        231,
        207,
        336,
        233,
        154,
        370,
        446,
        196,
        242,
        329,
        244,
        152,
        279,
        238,
        119,
        11,
        115,
        230,
        50,
        164,
        236,
        294,
        44,
        399,
        174,
        321,
        131,
        210,
        480,
        240,
        280,
        76,
        476,
        453,
        253,
        222,
        288,
        432,
        413,
        484,
        235,
        437,
        201,
        308,
        33,
        266,
        136,
        440,
        248,
        67,
        62,
        415,
        227,
        21,
        366,
        273,
        58,
        146,
        80,
        398,
        129,
        326,
        390,
        474,
        92,
        362,
        215,
        439,
        376,
        496,
        34,
        348,
        332,
        42,
        221,
        483,
        337,
        192,
        270,
        420,
        410,
        387,
        380,
        83,
        86,
        1,
        171,
        312,
        379,
        147,
        353,
        100,
        299,
        391,
        65,
        27,
        225,
        137,
        161,
        289,
        211,
        407,
        194,
        306,
        167,
        434,
        284,
        310,
        409,
        272,
        195,
        141,
        313,
        368,
        9,
        185,
        20,
        359,
        316,
        77,
        423,
        120,
        23,
        234,
        127,
        75,
        256,
        106,
        2,
        121,
        333,
        155,
        340,
        460,
        134,
        188,
        114,
        47,
        209,
        455,
        150,
        351,
        462,
        30,
        169,
        343,
        419,
        335,
        172,
        10,
        314,
        51,
        157,
        411,
        94,
        418,
        495,
        339,
        338,
        372,
        178,
        477,
        186,
        109,
        165,
        79,
        243,
        54,
        394,
        350,
        487,
        290,
        239,
        454,
        249,
        473,
        427,
        286,
        252,
        139,
        278,
        203,
        412,
        124,
        405,
        456,
        90,
        401,
        341,
        40,
        384,
        16,
        416,
        494,
        292,
        493,
        72,
        382,
        158,
        472,
        160,
        46,
        135,
        459,
        70,
        19,
        470,
        99,
        488,
        148,
        355,
        93,
        175,
        183,
        396,
        71,
        142,
        492,
        406,
        24,
        402,
        393,
        433,
        466,
        357,
        489,
        285,
        344,
        250,
        110,
        206,
        452,
        107,
        303,
        330,
        29,
        358,
        204,
        112,
        365,
        300,
        389,
        52,
        349,
        268,
        424,
        469,
        159,
        213,
        126,
        73,
        223,
        3,
        255,
        59,
        481,
        414,
        7,
        486,
        346,
        247,
        180,
        117,
        205,
        475,
        447,
        228,
        216,
        199,
        322,
        320,
        37,
        26,
        220,
        378,
        269,
        274,
        445,
        88,
        13,
        438,
        324,
        101,
        342,
        385,
        282,
        208,
        458,
        449,
        163,
        421,
        229,
        87,
        443,
        465,
        323,
        212,
        144,
        334,
        307,
        408,
        132,
        35,
        5,
        425,
        43,
        262,
        283,
        482,
        295,
        61,
        45,
        360,
        498,
        191,
        265,
        258,
        6,
        375,
        128,
        277,
        490,
        105,
        441,
        467,
        31,
        57,
        304,
        345,
        48,
        96,
        315,
        145,
        197,
        276,
        491,
        170,
        39,
        263,
        200,
        103,
        193,
        14,
        56,
        260,
        374,
        397,
        245,
        232,
        468,
        479,
        257,
        317,
        404,
        189,
        130,
        478,
        156,
        12,
        442,
        89,
        214,
        28,
        367,
        457,
        36,
        176,
        60,
        319,
        219,
        15,
        217,
        202,
        69,
        400,
        318,
        354,
        377,
        166,
        91,
        497,
        371,
        198,
        309,
        84,
        140,
        123,
        261,
        352,
        104,
        363,
        173,
        18,
        381,
        53,
        296,
        138,
        22,
        383,
        149,
        218,
        95,
        153,
        133,
        461,
        184,
        241,
        403,
        328,
        264,
        464,
        81,
        78,
        63,
        417,
        177,
        426,
        361,
        151,
        293,
        444,
        271,
        38,
        386,
        251,
        116,
        190,
        297,
        118,
        259,
        68,
        431,
        182,
        98,
        224,
        347,
        85,
        254,
        168,
        356,
        436,
        388,
        8,
        102,
        143,
        113,
        305,
        64,
        74,
        392,
        327,
        179,
        49,
        311,
        429
    ],
    "Global Optimum": 0,
    "Algorithm": "Genetic algorithm",
    "Parameters": {
        "population": 30,
        "offspring": 30,
        "mutation probability": 0.002,
        "crossover probability": 0.9
    },
    "Fitness": 555030,
    "Solution": [
        181,
        331,
        108,
        0,
        125,
        111,
        471,
        32,
        395,
        267,
        298,
        162,
        450,
        66,
        451,
        373,
        325,
        82,
        17,
        97,
        246,
        463,
        122,
        448,
        55,
        369,
        41,
        275,
        291,
        435,
        422,
        302,
        4,
        301,
        364,
        281,
        287,
        428,
        430,
        25,
        226,
        499,
        237,
        485,
        187,
        231,
        207,
        336,
        233,
        154,
        370,
        446,
        196,
        242,
        329,
        244,
        152,
        279,
        238,
        119,
        11,
        115,
        230,
        50,
        164,
        236,
        294,
        44,
        399,
        174,
        321,
        131,
        210,
        480,
        240,
        280,
        76,
        476,
        453,
        253,
        222,
        288,
        432,
        413,
        484,
        235,
        437,
        201,
        308,
        33,
        266,
        136,
        440,
        248,
        67,
        62,
        415,
        227,
        21,
        366,
        273,
        58,
        146,
        80,
        398,
        129,
        326,
        390,
        474,
        92,
        362,
        215,
        439,
        376,
        496,
        34,
        348,
        332,
        42,
        221,
        483,
        337,
        192,
        270,
        420,
        410,
        387,
        380,
        83,
        86,
        1,
        171,
        312,
        379,
        147,
        353,
        100,
        299,
        391,
        65,
        27,
        225,
        137,
        161,
        289,
        211,
        407,
        194,
        306,
        167,
        434,
        284,
        310,
        409,
        272,
        195,
        141,
        313,
        368,
        9,
        185,
        20,
        359,
        316,
        77,
        423,
        120,
        23,
        234,
        127,
        75,
        256,
        106,
        2,
        121,
        333,
        155,
        340,
        460,
        134,
        188,
        114,
        47,
        209,
        455,
        150,
        351,
        462,
        30,
        169,
        343,
        419,
        335,
        172,
        10,
        314,
        51,
        157,
        411,
        94,
        418,
        495,
        339,
        338,
        372,
        178,
        477,
        186,
        109,
        165,
        79,
        243,
        54,
        394,
        350,
        487,
        290,
        239,
        454,
        249,
        473,
        427,
        286,
        252,
        139,
        278,
        203,
        412,
        124,
        405,
        456,
        90,
        401,
        341,
        40,
        384,
        16,
        416,
        494,
        292,
        493,
        72,
        382,
        158,
        472,
        160,
        46,
        135,
        459,
        70,
        19,
        470,
        99,
        488,
        148,
        355,
        93,
        175,
        183,
        396,
        71,
        142,
        492,
        406,
        24,
        402,
        393,
        433,
        466,
        357,
        489,
        285,
        344,
        250,
        110,
        206,
        452,
        107,
        303,
        330,
        29,
        358,
        204,
        112,
        365,
        300,
        389,
        52,
        349,
        268,
        424,
        469,
        159,
        213,
        126,
        73,
        223,
        3,
        255,
        59,
        481,
        414,
        7,
        486,
        346,
        247,
        180,
        117,
        205,
        475,
        447,
        228,
        216,
        199,
        322,
        320,
        37,
        26,
        220,
        378,
        269,
        274,
        445,
        88,
        13,
        438,
        324,
        101,
        342,
        385,
        282,
        208,
        458,
        449,
        163,
        421,
        229,
        87,
        443,
        465,
        323,
        212,
        144,
        334,
        307,
        408,
        132,
        35,
        5,
        425,
        43,
        262,
        283,
        482,
        295,
        61,
        45,
        360,
        498,
        191,
        265,
        258,
        6,
        375,
        128,
        277,
        490,
        105,
        441,
        467,
        31,
        57,
        304,
        345,
        48,
        96,
        315,
        145,
        197,
        276,
        491,
        170,
        39,
        263,
        200,
        103,
        193,
        14,
        56,
        260,
        374,
        397,
        245,
        232,
        468,
        479,
        257,
        317,
        404,
        189,
        130,
        478,
        156,
        12,
        442,
        89,
        214,
        28,
        367,
        457,
        36,
        176,
        60,
        319,
        219,
        15,
        217,
        202,
        69,
        400,
        318,
        354,
        377,
        166,
        91,
        497,
        371,
        198,
        309,
        84,
        140,
        123,
        261,
        352,
        104,
        363,
        173,
        18,
        381,
        53,
        296,
        138,
        22,
        383,
        149,
        218,
        95,
        153,
        133,
        461,
        184,
        241,
        403,
        328,
        264,
        464,
        81,
        78,
        63,
        417,
        177,
        426,
        361,
        151,
        293,
        444,
        271,
        38,
        386,
        251,
        116,
        190,
        297,
        118,
        259,
        68,
        431,
        182,
        98,
        224,
        347,
        85,
        254,
        168,
        356,
        436,
        388,
        8,
        102,
        143,
        113,
        305,
        64,
        74,
        392,
        327,
        179,
        49,
        311,
        429
    ],
    "Nb of functions evaluations": 400020,
    "Computational time in seconds": 1800.6844265460968,
    "Stopping criterion in evaluations": 400000
}