20° run output:
{
    "Function": "ClusterA500.tsp",
    "Problem dimension": [
        494,
        402,
        222,
        354,
        98,
        481,
        132,
        309,
        475,
        163,
        208,
        172,
        25,
        294,
        441,
        78,
        287,
        440,
        142,
        164,
        189,
        451,
        365,
        79,
        376,
        380,
        45,
        284,
        345,
        157,
        399,
        316,
        323,
        288,
        301,
        81,
        482,
        158,
        165,
        118,
        242,
        137,
        453,
        57,
        77,
        439,
        29,
        123,
        32,
        38,
        356,
        203,
        299,
        87,
        324,
        335,
        58,
        457,
        35,
        423,
        314,
        350,
        333,
        302,
        326,
        410,
        320,
        383,
        254,
        386,
        106,
        154,
        111,
        318,
        100,
        86,
        444,
        291,
        206,
        358,
        297,
        233,
        497,
        54,
        272,
        105,
        404,
        185,
        387,
        122,
        22,
        160,
        355,
        50,
        488,
        351,
        255,
        286,
        393,
        412,
        289,
        146,
        85,
        40,
        261,
        151,
        37,
        210,
        97,
        246,
        67,
        489,
        414,
        117,
        263,
        366,
        493,
        180,
        462,
        49,
        244,
        485,
        306,
        136,
        384,
        431,
        72,
        138,
        443,
        237,
        162,
        119,
        243,
        332,
        438,
        82,
        20,
        403,
        147,
        115,
        346,
        31,
        312,
        311,
        343,
        224,
        168,
        59,
        238,
        499,
        395,
        459,
        232,
        331,
        16,
        452,
        6,
        296,
        231,
        397,
        388,
        278,
        169,
        456,
        325,
        276,
        95,
        84,
        359,
        28,
        337,
        361,
        270,
        259,
        230,
        274,
        484,
        460,
        275,
        428,
        48,
        99,
        70,
        184,
        4,
        338,
        285,
        69,
        487,
        283,
        245,
        24,
        401,
        235,
        349,
        247,
        382,
        433,
        30,
        177,
        171,
        471,
        200,
        352,
        353,
        43,
        236,
        124,
        418,
        112,
        51,
        60,
        416,
        394,
        36,
        389,
        473,
        267,
        170,
        73,
        364,
        256,
        65,
        182,
        293,
        179,
        0,
        221,
        141,
        321,
        413,
        127,
        467,
        225,
        329,
        227,
        3,
        211,
        33,
        90,
        5,
        68,
        381,
        212,
        268,
        10,
        374,
        292,
        130,
        295,
        41,
        241,
        469,
        94,
        472,
        342,
        248,
        476,
        240,
        34,
        458,
        11,
        455,
        478,
        313,
        432,
        215,
        340,
        198,
        250,
        46,
        173,
        181,
        415,
        280,
        152,
        13,
        425,
        199,
        406,
        310,
        392,
        426,
        373,
        197,
        474,
        15,
        279,
        447,
        390,
        492,
        88,
        448,
        207,
        368,
        149,
        304,
        47,
        371,
        216,
        290,
        52,
        44,
        21,
        214,
        76,
        26,
        450,
        18,
        348,
        408,
        319,
        12,
        74,
        317,
        269,
        463,
        55,
        465,
        194,
        8,
        219,
        328,
        424,
        159,
        446,
        378,
        110,
        336,
        188,
        201,
        223,
        91,
        400,
        103,
        93,
        107,
        143,
        62,
        391,
        498,
        156,
        2,
        398,
        339,
        155,
        298,
        42,
        75,
        430,
        308,
        109,
        193,
        80,
        120,
        334,
        17,
        407,
        39,
        422,
        167,
        370,
        186,
        191,
        205,
        175,
        64,
        125,
        273,
        405,
        161,
        19,
        249,
        108,
        63,
        281,
        258,
        234,
        134,
        322,
        466,
        420,
        265,
        307,
        327,
        9,
        218,
        213,
        131,
        315,
        14,
        144,
        264,
        480,
        445,
        277,
        470,
        113,
        228,
        377,
        262,
        96,
        92,
        372,
        1,
        7,
        486,
        409,
        360,
        483,
        429,
        153,
        417,
        101,
        220,
        442,
        129,
        375,
        435,
        477,
        148,
        495,
        300,
        454,
        251,
        347,
        252,
        496,
        282,
        126,
        187,
        330,
        357,
        367,
        102,
        303,
        133,
        178,
        209,
        89,
        253,
        341,
        104,
        140,
        202,
        61,
        135,
        66,
        491,
        190,
        396,
        139,
        23,
        468,
        419,
        411,
        229,
        71,
        362,
        176,
        479,
        145,
        183,
        257,
        436,
        305,
        427,
        449,
        195,
        266,
        150,
        461,
        344,
        490,
        114,
        27,
        53,
        174,
        271,
        379,
        192,
        421,
        217,
        369,
        363,
        226,
        116,
        239,
        434,
        464,
        437,
        121,
        260,
        128,
        385,
        204,
        166,
        196,
        56,
        83
    ],
    "Global Optimum": 0,
    "Algorithm": "Genetic algorithm",
    "Parameters": {
        "population": 30,
        "offspring": 30,
        "mutation probability": 0.002,
        "crossover probability": 0.9
    },
    "Fitness": 714845,
    "Solution": [
        494,
        402,
        222,
        354,
        98,
        481,
        132,
        309,
        475,
        163,
        208,
        172,
        25,
        294,
        441,
        78,
        287,
        440,
        142,
        164,
        189,
        451,
        365,
        79,
        376,
        380,
        45,
        284,
        345,
        157,
        399,
        316,
        323,
        288,
        301,
        81,
        482,
        158,
        165,
        118,
        242,
        137,
        453,
        57,
        77,
        439,
        29,
        123,
        32,
        38,
        356,
        203,
        299,
        87,
        324,
        335,
        58,
        457,
        35,
        423,
        314,
        350,
        333,
        302,
        326,
        410,
        320,
        383,
        254,
        386,
        106,
        154,
        111,
        318,
        100,
        86,
        444,
        291,
        206,
        358,
        297,
        233,
        497,
        54,
        272,
        105,
        404,
        185,
        387,
        122,
        22,
        160,
        355,
        50,
        488,
        351,
        255,
        286,
        393,
        412,
        289,
        146,
        85,
        40,
        261,
        151,
        37,
        210,
        97,
        246,
        67,
        489,
        414,
        117,
        263,
        366,
        493,
        180,
        462,
        49,
        244,
        485,
        306,
        136,
        384,
        431,
        72,
        138,
        443,
        237,
        162,
        119,
        243,
        332,
        438,
        82,
        20,
        403,
        147,
        115,
        346,
        31,
        312,
        311,
        343,
        224,
        168,
        59,
        238,
        499,
        395,
        459,
        232,
        331,
        16,
        452,
        6,
        296,
        231,
        397,
        388,
        278,
        169,
        456,
        325,
        276,
        95,
        84,
        359,
        28,
        337,
        361,
        270,
        259,
        230,
        274,
        484,
        460,
        275,
        428,
        48,
        99,
        70,
        184,
        4,
        338,
        285,
        69,
        487,
        283,
        245,
        24,
        401,
        235,
        349,
        247,
        382,
        433,
        30,
        177,
        171,
        471,
        200,
        352,
        353,
        43,
        236,
        124,
        418,
        112,
        51,
        60,
        416,
        394,
        36,
        389,
        473,
        267,
        170,
        73,
        364,
        256,
        65,
        182,
        293,
        179,
        0,
        221,
        141,
        321,
        413,
        127,
        467,
        225,
        329,
        227,
        3,
        211,
        33,
        90,
        5,
        68,
        381,
        212,
        268,
        10,
        374,
        292,
        130,
        295,
        41,
        241,
        469,
        94,
        472,
        342,
        248,
        476,
        240,
        34,
        458,
        11,
        455,
        478,
        313,
        432,
        215,
        340,
        198,
        250,
        46,
        173,
        181,
        415,
        280,
        152,
        13,
        425,
        199,
        406,
        310,
        392,
        426,
        373,
        197,
        474,
        15,
        279,
        447,
        390,
        492,
        88,
        448,
        207,
        368,
        149,
        304,
        47,
        371,
        216,
        290,
        52,
        44,
        21,
        214,
        76,
        26,
        450,
        18,
        348,
        408,
        319,
        12,
        74,
        317,
        269,
        463,
        55,
        465,
        194,
        8,
        219,
        328,
        424,
        159,
        446,
        378,
        110,
        336,
        188,
        201,
        223,
        91,
        400,
        103,
        93,
        107,
        143,
        62,
        391,
        498,
        156,
        2,
        398,
        339,
        155,
        298,
        42,
        75,
        430,
        308,
        109,
        193,
        80,
        120,
        334,
        17,
        407,
        39,
        422,
        167,
        370,
        186,
        191,
        205,
        175,
        64,
        125,
        273,
        405,
        161,
        19,
        249,
        108,
        63,
        281,
        258,
        234,
        134,
        322,
        466,
        420,
        265,
        307,
        327,
        9,
        218,
        213,
        131,
        315,
        14,
        144,
        264,
        480,
        445,
        277,
        470,
        113,
        228,
        377,
        262,
        96,
        92,
        372,
        1,
        7,
        486,
        409,
        360,
        483,
        429,
        153,
        417,
        101,
        220,
        442,
        129,
        375,
        435,
        477,
        148,
        495,
        300,
        454,
        251,
        347,
        252,
        496,
        282,
        126,
        187,
        330,
        357,
        367,
        102,
        303,
        133,
        178,
        209,
        89,
        253,
        341,
        104,
        140,
        202,
        61,
        135,
        66,
        491,
        190,
        396,
        139,
        23,
        468,
        419,
        411,
        229,
        71,
        362,
        176,
        479,
        145,
        183,
        257,
        436,
        305,
        427,
        449,
        195,
        266,
        150,
        461,
        344,
        490,
        114,
        27,
        53,
        174,
        271,
        379,
        192,
        421,
        217,
        369,
        363,
        226,
        116,
        239,
        434,
        464,
        437,
        121,
        260,
        128,
        385,
        204,
        166,
        196,
        56,
        83
    ],
    "Nb of functions evaluations": 50010,
    "Computational time in seconds": 375.0085608959198,
    "Stopping criterion in evaluations": 50000
}