3° run output:
{
    "Function": "ClusterA500.tsp",
    "Problem dimension": [
        64,
        158,
        287,
        379,
        162,
        24,
        393,
        68,
        457,
        413,
        219,
        319,
        108,
        153,
        370,
        426,
        310,
        199,
        286,
        484,
        217,
        231,
        436,
        266,
        280,
        377,
        400,
        83,
        454,
        191,
        391,
        489,
        143,
        272,
        13,
        46,
        228,
        354,
        347,
        466,
        238,
        54,
        341,
        181,
        222,
        499,
        124,
        350,
        180,
        448,
        445,
        229,
        396,
        485,
        355,
        70,
        223,
        470,
        283,
        185,
        495,
        48,
        173,
        271,
        474,
        146,
        122,
        57,
        132,
        460,
        491,
        15,
        348,
        425,
        463,
        289,
        387,
        327,
        72,
        29,
        263,
        77,
        216,
        307,
        252,
        157,
        172,
        362,
        427,
        60,
        227,
        3,
        249,
        301,
        284,
        126,
        395,
        316,
        288,
        74,
        285,
        113,
        109,
        447,
        291,
        210,
        220,
        260,
        100,
        141,
        85,
        246,
        318,
        394,
        179,
        161,
        366,
        63,
        363,
        131,
        340,
        202,
        331,
        213,
        32,
        211,
        372,
        329,
        154,
        6,
        2,
        492,
        265,
        398,
        368,
        183,
        215,
        190,
        192,
        256,
        435,
        361,
        41,
        128,
        374,
        328,
        326,
        308,
        67,
        410,
        116,
        235,
        174,
        214,
        438,
        86,
        442,
        82,
        175,
        177,
        433,
        481,
        80,
        93,
        385,
        303,
        187,
        136,
        437,
        105,
        150,
        384,
        380,
        118,
        424,
        320,
        250,
        404,
        165,
        137,
        78,
        302,
        382,
        258,
        81,
        73,
        422,
        139,
        79,
        51,
        483,
        494,
        439,
        76,
        205,
        167,
        53,
        17,
        443,
        294,
        405,
        421,
        383,
        242,
        336,
        399,
        37,
        26,
        290,
        315,
        322,
        243,
        212,
        388,
        195,
        451,
        401,
        312,
        151,
        452,
        259,
        473,
        28,
        186,
        453,
        22,
        490,
        431,
        145,
        254,
        332,
        432,
        218,
        176,
        411,
        389,
        164,
        94,
        449,
        333,
        247,
        40,
        351,
        62,
        324,
        44,
        125,
        392,
        418,
        234,
        152,
        135,
        338,
        117,
        170,
        358,
        268,
        182,
        273,
        49,
        102,
        276,
        75,
        376,
        159,
        251,
        140,
        378,
        475,
        298,
        111,
        373,
        121,
        406,
        419,
        91,
        25,
        201,
        245,
        21,
        253,
        468,
        112,
        390,
        459,
        478,
        188,
        232,
        407,
        403,
        163,
        349,
        147,
        476,
        360,
        155,
        467,
        335,
        1,
        119,
        104,
        197,
        96,
        47,
        16,
        115,
        12,
        356,
        27,
        106,
        103,
        230,
        300,
        408,
        204,
        101,
        282,
        127,
        409,
        43,
        371,
        120,
        59,
        465,
        55,
        279,
        7,
        169,
        19,
        255,
        87,
        156,
        493,
        171,
        142,
        95,
        189,
        9,
        244,
        14,
        236,
        397,
        480,
        88,
        461,
        10,
        209,
        144,
        30,
        278,
        441,
        168,
        193,
        98,
        4,
        31,
        339,
        430,
        45,
        36,
        337,
        42,
        149,
        434,
        321,
        123,
        357,
        343,
        429,
        472,
        482,
        423,
        496,
        498,
        97,
        69,
        456,
        462,
        110,
        444,
        277,
        486,
        469,
        35,
        295,
        134,
        84,
        224,
        99,
        352,
        471,
        61,
        71,
        208,
        198,
        264,
        240,
        241,
        237,
        130,
        160,
        90,
        345,
        311,
        178,
        386,
        306,
        65,
        8,
        412,
        330,
        353,
        477,
        248,
        196,
        226,
        20,
        38,
        497,
        257,
        416,
        233,
        148,
        221,
        455,
        292,
        314,
        89,
        420,
        203,
        299,
        369,
        184,
        0,
        34,
        50,
        52,
        39,
        344,
        428,
        323,
        293,
        206,
        107,
        487,
        317,
        262,
        261,
        488,
        479,
        346,
        23,
        275,
        92,
        305,
        417,
        200,
        325,
        359,
        56,
        309,
        415,
        375,
        367,
        18,
        281,
        138,
        381,
        402,
        334,
        440,
        414,
        133,
        11,
        458,
        207,
        5,
        267,
        274,
        365,
        269,
        58,
        129,
        239,
        166,
        114,
        450,
        270,
        33,
        342,
        194,
        313,
        446,
        297,
        304,
        225,
        66,
        296,
        464,
        364
    ],
    "Global Optimum": 0,
    "Algorithm": "Genetic algorithm",
    "Parameters": {
        "population": 30,
        "offspring": 30,
        "mutation probability": 0.002,
        "crossover probability": 0.9
    },
    "Fitness": 709713,
    "Solution": [
        64,
        158,
        287,
        379,
        162,
        24,
        393,
        68,
        457,
        413,
        219,
        319,
        108,
        153,
        370,
        426,
        310,
        199,
        286,
        484,
        217,
        231,
        436,
        266,
        280,
        377,
        400,
        83,
        454,
        191,
        391,
        489,
        143,
        272,
        13,
        46,
        228,
        354,
        347,
        466,
        238,
        54,
        341,
        181,
        222,
        499,
        124,
        350,
        180,
        448,
        445,
        229,
        396,
        485,
        355,
        70,
        223,
        470,
        283,
        185,
        495,
        48,
        173,
        271,
        474,
        146,
        122,
        57,
        132,
        460,
        491,
        15,
        348,
        425,
        463,
        289,
        387,
        327,
        72,
        29,
        263,
        77,
        216,
        307,
        252,
        157,
        172,
        362,
        427,
        60,
        227,
        3,
        249,
        301,
        284,
        126,
        395,
        316,
        288,
        74,
        285,
        113,
        109,
        447,
        291,
        210,
        220,
        260,
        100,
        141,
        85,
        246,
        318,
        394,
        179,
        161,
        366,
        63,
        363,
        131,
        340,
        202,
        331,
        213,
        32,
        211,
        372,
        329,
        154,
        6,
        2,
        492,
        265,
        398,
        368,
        183,
        215,
        190,
        192,
        256,
        435,
        361,
        41,
        128,
        374,
        328,
        326,
        308,
        67,
        410,
        116,
        235,
        174,
        214,
        438,
        86,
        442,
        82,
        175,
        177,
        433,
        481,
        80,
        93,
        385,
        303,
        187,
        136,
        437,
        105,
        150,
        384,
        380,
        118,
        424,
        320,
        250,
        404,
        165,
        137,
        78,
        302,
        382,
        258,
        81,
        73,
        422,
        139,
        79,
        51,
        483,
        494,
        439,
        76,
        205,
        167,
        53,
        17,
        443,
        294,
        405,
        421,
        383,
        242,
        336,
        399,
        37,
        26,
        290,
        315,
        322,
        243,
        212,
        388,
        195,
        451,
        401,
        312,
        151,
        452,
        259,
        473,
        28,
        186,
        453,
        22,
        490,
        431,
        145,
        254,
        332,
        432,
        218,
        176,
        411,
        389,
        164,
        94,
        449,
        333,
        247,
        40,
        351,
        62,
        324,
        44,
        125,
        392,
        418,
        234,
        152,
        135,
        338,
        117,
        170,
        358,
        268,
        182,
        273,
        49,
        102,
        276,
        75,
        376,
        159,
        251,
        140,
        378,
        475,
        298,
        111,
        373,
        121,
        406,
        419,
        91,
        25,
        201,
        245,
        21,
        253,
        468,
        112,
        390,
        459,
        478,
        188,
        232,
        407,
        403,
        163,
        349,
        147,
        476,
        360,
        155,
        467,
        335,
        1,
        119,
        104,
        197,
        96,
        47,
        16,
        115,
        12,
        356,
        27,
        106,
        103,
        230,
        300,
        408,
        204,
        101,
        282,
        127,
        409,
        43,
        371,
        120,
        59,
        465,
        55,
        279,
        7,
        169,
        19,
        255,
        87,
        156,
        493,
        171,
        142,
        95,
        189,
        9,
        244,
        14,
        236,
        397,
        480,
        88,
        461,
        10,
        209,
        144,
        30,
        278,
        441,
        168,
        193,
        98,
        4,
        31,
        339,
        430,
        45,
        36,
        337,
        42,
        149,
        434,
        321,
        123,
        357,
        343,
        429,
        472,
        482,
        423,
        496,
        498,
        97,
        69,
        456,
        462,
        110,
        444,
        277,
        486,
        469,
        35,
        295,
        134,
        84,
        224,
        99,
        352,
        471,
        61,
        71,
        208,
        198,
        264,
        240,
        241,
        237,
        130,
        160,
        90,
        345,
        311,
        178,
        386,
        306,
        65,
        8,
        412,
        330,
        353,
        477,
        248,
        196,
        226,
        20,
        38,
        497,
        257,
        416,
        233,
        148,
        221,
        455,
        292,
        314,
        89,
        420,
        203,
        299,
        369,
        184,
        0,
        34,
        50,
        52,
        39,
        344,
        428,
        323,
        293,
        206,
        107,
        487,
        317,
        262,
        261,
        488,
        479,
        346,
        23,
        275,
        92,
        305,
        417,
        200,
        325,
        359,
        56,
        309,
        415,
        375,
        367,
        18,
        281,
        138,
        381,
        402,
        334,
        440,
        414,
        133,
        11,
        458,
        207,
        5,
        267,
        274,
        365,
        269,
        58,
        129,
        239,
        166,
        114,
        450,
        270,
        33,
        342,
        194,
        313,
        446,
        297,
        304,
        225,
        66,
        296,
        464,
        364
    ],
    "Nb of functions evaluations": 50010,
    "Computational time in seconds": 433.6442959308624,
    "Stopping criterion in evaluations": 50000
}