23° run output:
{
    "Function": "ClusterA500.tsp",
    "Problem dimension": [
        456,
        251,
        417,
        428,
        481,
        377,
        17,
        351,
        275,
        193,
        182,
        78,
        132,
        202,
        121,
        450,
        99,
        158,
        53,
        90,
        222,
        130,
        234,
        362,
        395,
        250,
        197,
        192,
        232,
        15,
        35,
        345,
        266,
        205,
        399,
        320,
        429,
        278,
        255,
        386,
        296,
        438,
        238,
        498,
        254,
        166,
        301,
        23,
        397,
        359,
        113,
        221,
        466,
        285,
        7,
        304,
        499,
        264,
        119,
        123,
        465,
        469,
        468,
        105,
        189,
        170,
        407,
        37,
        32,
        73,
        435,
        274,
        213,
        357,
        292,
        210,
        467,
        461,
        191,
        194,
        145,
        120,
        248,
        215,
        45,
        44,
        169,
        451,
        384,
        2,
        293,
        479,
        204,
        431,
        149,
        209,
        237,
        103,
        198,
        353,
        487,
        322,
        489,
        497,
        81,
        318,
        454,
        201,
        9,
        446,
        79,
        374,
        212,
        309,
        252,
        460,
        59,
        70,
        393,
        29,
        342,
        327,
        270,
        20,
        339,
        367,
        378,
        231,
        262,
        146,
        426,
        172,
        347,
        360,
        315,
        313,
        177,
        358,
        57,
        14,
        442,
        216,
        439,
        414,
        131,
        102,
        380,
        480,
        67,
        282,
        230,
        324,
        56,
        228,
        396,
        33,
        97,
        415,
        63,
        326,
        356,
        408,
        6,
        425,
        188,
        349,
        114,
        220,
        427,
        265,
        402,
        206,
        25,
        257,
        134,
        288,
        51,
        142,
        373,
        243,
        390,
        187,
        311,
        416,
        410,
        485,
        300,
        24,
        335,
        385,
        411,
        268,
        196,
        403,
        475,
        138,
        141,
        110,
        464,
        400,
        305,
        394,
        355,
        267,
        126,
        69,
        352,
        444,
        181,
        424,
        306,
        240,
        68,
        40,
        109,
        458,
        100,
        244,
        76,
        10,
        108,
        66,
        298,
        317,
        96,
        80,
        319,
        156,
        492,
        471,
        379,
        302,
        260,
        476,
        376,
        459,
        82,
        433,
        12,
        337,
        26,
        314,
        348,
        323,
        490,
        280,
        52,
        28,
        363,
        364,
        217,
        124,
        245,
        148,
        334,
        1,
        174,
        22,
        161,
        207,
        369,
        98,
        472,
        338,
        491,
        277,
        372,
        3,
        258,
        36,
        84,
        343,
        147,
        86,
        404,
        259,
        223,
        58,
        269,
        72,
        392,
        127,
        94,
        430,
        115,
        310,
        128,
        74,
        303,
        227,
        21,
        443,
        375,
        150,
        418,
        387,
        77,
        294,
        31,
        432,
        200,
        361,
        281,
        190,
        93,
        101,
        159,
        477,
        38,
        246,
        370,
        330,
        71,
        329,
        137,
        154,
        340,
        420,
        423,
        249,
        11,
        48,
        92,
        441,
        129,
        412,
        89,
        316,
        247,
        286,
        290,
        332,
        203,
        4,
        91,
        233,
        406,
        401,
        239,
        178,
        185,
        381,
        65,
        368,
        88,
        287,
        494,
        171,
        46,
        447,
        225,
        365,
        331,
        307,
        419,
        163,
        312,
        16,
        388,
        211,
        19,
        455,
        85,
        434,
        344,
        167,
        116,
        162,
        308,
        482,
        297,
        144,
        175,
        75,
        336,
        488,
        445,
        34,
        54,
        382,
        173,
        224,
        346,
        218,
        104,
        470,
        125,
        60,
        389,
        195,
        325,
        398,
        168,
        236,
        62,
        263,
        321,
        440,
        350,
        283,
        484,
        328,
        208,
        474,
        214,
        64,
        27,
        229,
        333,
        5,
        448,
        341,
        186,
        272,
        133,
        176,
        279,
        299,
        478,
        371,
        184,
        256,
        241,
        55,
        42,
        261,
        83,
        462,
        112,
        453,
        486,
        473,
        493,
        463,
        87,
        49,
        383,
        409,
        422,
        226,
        118,
        30,
        242,
        496,
        39,
        354,
        18,
        151,
        106,
        95,
        452,
        253,
        43,
        179,
        483,
        273,
        155,
        160,
        153,
        61,
        165,
        0,
        436,
        152,
        140,
        437,
        8,
        136,
        41,
        183,
        289,
        421,
        50,
        47,
        366,
        135,
        391,
        495,
        157,
        199,
        271,
        295,
        107,
        235,
        117,
        405,
        111,
        122,
        413,
        449,
        180,
        457,
        284,
        164,
        291,
        276,
        13,
        219,
        139,
        143
    ],
    "Global Optimum": 0,
    "Algorithm": "Genetic algorithm",
    "Parameters": {
        "population": 30,
        "offspring": 30,
        "mutation probability": 0.002,
        "crossover probability": 0.9
    },
    "Fitness": 725758,
    "Solution": [
        456,
        251,
        417,
        428,
        481,
        377,
        17,
        351,
        275,
        193,
        182,
        78,
        132,
        202,
        121,
        450,
        99,
        158,
        53,
        90,
        222,
        130,
        234,
        362,
        395,
        250,
        197,
        192,
        232,
        15,
        35,
        345,
        266,
        205,
        399,
        320,
        429,
        278,
        255,
        386,
        296,
        438,
        238,
        498,
        254,
        166,
        301,
        23,
        397,
        359,
        113,
        221,
        466,
        285,
        7,
        304,
        499,
        264,
        119,
        123,
        465,
        469,
        468,
        105,
        189,
        170,
        407,
        37,
        32,
        73,
        435,
        274,
        213,
        357,
        292,
        210,
        467,
        461,
        191,
        194,
        145,
        120,
        248,
        215,
        45,
        44,
        169,
        451,
        384,
        2,
        293,
        479,
        204,
        431,
        149,
        209,
        237,
        103,
        198,
        353,
        487,
        322,
        489,
        497,
        81,
        318,
        454,
        201,
        9,
        446,
        79,
        374,
        212,
        309,
        252,
        460,
        59,
        70,
        393,
        29,
        342,
        327,
        270,
        20,
        339,
        367,
        378,
        231,
        262,
        146,
        426,
        172,
        347,
        360,
        315,
        313,
        177,
        358,
        57,
        14,
        442,
        216,
        439,
        414,
        131,
        102,
        380,
        480,
        67,
        282,
        230,
        324,
        56,
        228,
        396,
        33,
        97,
        415,
        63,
        326,
        356,
        408,
        6,
        425,
        188,
        349,
        114,
        220,
        427,
        265,
        402,
        206,
        25,
        257,
        134,
        288,
        51,
        142,
        373,
        243,
        390,
        187,
        311,
        416,
        410,
        485,
        300,
        24,
        335,
        385,
        411,
        268,
        196,
        403,
        475,
        138,
        141,
        110,
        464,
        400,
        305,
        394,
        355,
        267,
        126,
        69,
        352,
        444,
        181,
        424,
        306,
        240,
        68,
        40,
        109,
        458,
        100,
        244,
        76,
        10,
        108,
        66,
        298,
        317,
        96,
        80,
        319,
        156,
        492,
        471,
        379,
        302,
        260,
        476,
        376,
        459,
        82,
        433,
        12,
        337,
        26,
        314,
        348,
        323,
        490,
        280,
        52,
        28,
        363,
        364,
        217,
        124,
        245,
        148,
        334,
        1,
        174,
        22,
        161,
        207,
        369,
        98,
        472,
        338,
        491,
        277,
        372,
        3,
        258,
        36,
        84,
        343,
        147,
        86,
        404,
        259,
        223,
        58,
        269,
        72,
        392,
        127,
        94,
        430,
        115,
        310,
        128,
        74,
        303,
        227,
        21,
        443,
        375,
        150,
        418,
        387,
        77,
        294,
        31,
        432,
        200,
        361,
        281,
        190,
        93,
        101,
        159,
        477,
        38,
        246,
        370,
        330,
        71,
        329,
        137,
        154,
        340,
        420,
        423,
        249,
        11,
        48,
        92,
        441,
        129,
        412,
        89,
        316,
        247,
        286,
        290,
        332,
        203,
        4,
        91,
        233,
        406,
        401,
        239,
        178,
        185,
        381,
        65,
        368,
        88,
        287,
        494,
        171,
        46,
        447,
        225,
        365,
        331,
        307,
        419,
        163,
        312,
        16,
        388,
        211,
        19,
        455,
        85,
        434,
        344,
        167,
        116,
        162,
        308,
        482,
        297,
        144,
        175,
        75,
        336,
        488,
        445,
        34,
        54,
        382,
        173,
        224,
        346,
        218,
        104,
        470,
        125,
        60,
        389,
        195,
        325,
        398,
        168,
        236,
        62,
        263,
        321,
        440,
        350,
        283,
        484,
        328,
        208,
        474,
        214,
        64,
        27,
        229,
        333,
        5,
        448,
        341,
        186,
        272,
        133,
        176,
        279,
        299,
        478,
        371,
        184,
        256,
        241,
        55,
        42,
        261,
        83,
        462,
        112,
        453,
        486,
        473,
        493,
        463,
        87,
        49,
        383,
        409,
        422,
        226,
        118,
        30,
        242,
        496,
        39,
        354,
        18,
        151,
        106,
        95,
        452,
        253,
        43,
        179,
        483,
        273,
        155,
        160,
        153,
        61,
        165,
        0,
        436,
        152,
        140,
        437,
        8,
        136,
        41,
        183,
        289,
        421,
        50,
        47,
        366,
        135,
        391,
        495,
        157,
        199,
        271,
        295,
        107,
        235,
        117,
        405,
        111,
        122,
        413,
        449,
        180,
        457,
        284,
        164,
        291,
        276,
        13,
        219,
        139,
        143
    ],
    "Nb of functions evaluations": 50010,
    "Computational time in seconds": 376.70131731033325,
    "Stopping criterion in evaluations": 50000
}