2° run output:
{
    "Function": "kroB750.tsp",
    "Problem dimension": [
        66,
        539,
        674,
        440,
        349,
        61,
        68,
        720,
        670,
        94,
        162,
        1,
        732,
        747,
        737,
        649,
        105,
        707,
        493,
        269,
        24,
        498,
        702,
        698,
        133,
        11,
        362,
        476,
        193,
        652,
        141,
        427,
        246,
        418,
        378,
        329,
        571,
        26,
        252,
        357,
        653,
        295,
        642,
        360,
        259,
        84,
        608,
        462,
        535,
        445,
        190,
        478,
        695,
        647,
        137,
        281,
        0,
        543,
        199,
        413,
        6,
        258,
        363,
        596,
        335,
        415,
        211,
        214,
        299,
        58,
        218,
        168,
        328,
        219,
        180,
        74,
        719,
        435,
        278,
        337,
        541,
        745,
        311,
        326,
        245,
        183,
        32,
        727,
        616,
        694,
        16,
        614,
        679,
        35,
        699,
        506,
        47,
        23,
        637,
        538,
        283,
        124,
        54,
        261,
        315,
        603,
        38,
        254,
        429,
        533,
        631,
        540,
        438,
        408,
        342,
        67,
        488,
        17,
        557,
        682,
        132,
        578,
        509,
        393,
        15,
        345,
        226,
        688,
        680,
        406,
        627,
        606,
        121,
        641,
        677,
        434,
        619,
        419,
        165,
        548,
        620,
        683,
        99,
        37,
        433,
        270,
        417,
        518,
        392,
        289,
        657,
        92,
        106,
        704,
        567,
        368,
        728,
        250,
        555,
        119,
        152,
        236,
        163,
        174,
        318,
        743,
        229,
        592,
        2,
        738,
        220,
        73,
        279,
        175,
        166,
        200,
        398,
        107,
        381,
        522,
        325,
        256,
        64,
        549,
        366,
        182,
        76,
        532,
        575,
        526,
        480,
        161,
        108,
        422,
        188,
        255,
        515,
        46,
        82,
        324,
        442,
        334,
        574,
        145,
        85,
        367,
        103,
        225,
        643,
        320,
        231,
        684,
        602,
        388,
        194,
        206,
        112,
        21,
        181,
        86,
        238,
        648,
        242,
        303,
        72,
        148,
        708,
        8,
        484,
        292,
        257,
        711,
        157,
        352,
        3,
        350,
        52,
        604,
        499,
        474,
        706,
        253,
        405,
        508,
        195,
        691,
        223,
        468,
        560,
        263,
        591,
        20,
        590,
        309,
        70,
        576,
        170,
        447,
        187,
        636,
        459,
        640,
        580,
        7,
        421,
        377,
        288,
        93,
        661,
        730,
        726,
        222,
        697,
        332,
        240,
        581,
        739,
        53,
        117,
        696,
        265,
        489,
        494,
        700,
        109,
        490,
        667,
        497,
        633,
        34,
        431,
        671,
        348,
        147,
        45,
        81,
        260,
        471,
        725,
        618,
        714,
        414,
        402,
        310,
        666,
        95,
        562,
        547,
        284,
        239,
        588,
        466,
        559,
        669,
        632,
        505,
        605,
        146,
        176,
        510,
        461,
        741,
        317,
        136,
        432,
        511,
        221,
        153,
        457,
        544,
        154,
        443,
        62,
        570,
        703,
        29,
        30,
        155,
        248,
        534,
        51,
        49,
        624,
        251,
        659,
        150,
        69,
        122,
        39,
        149,
        224,
        75,
        553,
        391,
        621,
        78,
        172,
        386,
        736,
        561,
        10,
        97,
        18,
        587,
        216,
        551,
        531,
        672,
        189,
        158,
        685,
        213,
        396,
        612,
        735,
        665,
        305,
        361,
        280,
        98,
        673,
        504,
        191,
        264,
        370,
        351,
        385,
        529,
        237,
        338,
        492,
        115,
        568,
        528,
        267,
        425,
        537,
        274,
        268,
        96,
        43,
        611,
        234,
        356,
        514,
        430,
        441,
        228,
        626,
        410,
        472,
        204,
        598,
        164,
        749,
        282,
        686,
        42,
        479,
        140,
        307,
        520,
        209,
        582,
        380,
        454,
        638,
        142,
        101,
        343,
        44,
        272,
        477,
        569,
        721,
        586,
        424,
        449,
        14,
        230,
        558,
        233,
        33,
        31,
        344,
        439,
        291,
        496,
        416,
        379,
        48,
        91,
        729,
        437,
        22,
        138,
        482,
        460,
        134,
        584,
        60,
        271,
        80,
        517,
        184,
        615,
        585,
        372,
        308,
        491,
        689,
        127,
        436,
        426,
        470,
        249,
        527,
        628,
        455,
        613,
        521,
        139,
        687,
        118,
        173,
        383,
        276,
        625,
        203,
        678,
        481,
        401,
        701,
        156,
        347,
        723,
        196,
        79,
        554,
        717,
        487,
        120,
        563,
        179,
        650,
        27,
        400,
        639,
        651,
        503,
        411,
        275,
        277,
        589,
        617,
        298,
        663,
        217,
        374,
        55,
        28,
        113,
        646,
        306,
        59,
        690,
        227,
        399,
        610,
        394,
        525,
        635,
        593,
        56,
        744,
        13,
        201,
        143,
        36,
        215,
        565,
        420,
        128,
        692,
        244,
        475,
        327,
        600,
        358,
        409,
        130,
        104,
        102,
        660,
        709,
        322,
        467,
        301,
        382,
        114,
        404,
        450,
        323,
        293,
        300,
        241,
        333,
        718,
        316,
        722,
        192,
        297,
        530,
        373,
        135,
        601,
        715,
        577,
        397,
        607,
        423,
        572,
        524,
        41,
        40,
        713,
        313,
        501,
        746,
        89,
        287,
        512,
        716,
        644,
        57,
        273,
        123,
        389,
        207,
        485,
        566,
        286,
        77,
        87,
        710,
        469,
        12,
        731,
        594,
        662,
        664,
        110,
        705,
        376,
        486,
        675,
        302,
        456,
        304,
        198,
        144,
        125,
        552,
        65,
        473,
        285,
        331,
        202,
        656,
        519,
        243,
        177,
        171,
        247,
        556,
        634,
        681,
        458,
        452,
        312,
        546,
        25,
        465,
        622,
        463,
        100,
        740,
        126,
        369,
        185,
        336,
        290,
        364,
        354,
        160,
        712,
        4,
        453,
        516,
        116,
        9,
        90,
        513,
        595,
        733,
        464,
        212,
        597,
        446,
        151,
        314,
        428,
        111,
        5,
        235,
        355,
        654,
        353,
        375,
        742,
        167,
        523,
        178,
        579,
        159,
        500,
        205,
        658,
        573,
        208,
        564,
        186,
        395,
        321,
        599,
        536,
        169,
        319,
        340,
        129,
        609,
        390,
        19,
        502,
        210,
        403,
        748,
        387,
        341,
        63,
        734,
        676,
        623,
        232,
        266,
        88,
        346,
        645,
        371,
        407,
        668,
        448,
        545,
        296,
        451,
        339,
        483,
        629,
        359,
        444,
        71,
        495,
        724,
        50,
        507,
        262,
        550,
        542,
        384,
        412,
        630,
        583,
        655,
        693,
        365,
        83,
        131,
        294,
        330,
        197
    ],
    "Global Optimum": 0,
    "Algorithm": "Genetic algorithm",
    "Parameters": {
        "population": 30,
        "offspring": 30,
        "mutation probability": 0.0013333333333333333,
        "crossover probability": 0.9
    },
    "Fitness": 882769,
    "Solution": [
        66,
        539,
        674,
        440,
        349,
        61,
        68,
        720,
        670,
        94,
        162,
        1,
        732,
        747,
        737,
        649,
        105,
        707,
        493,
        269,
        24,
        498,
        702,
        698,
        133,
        11,
        362,
        476,
        193,
        652,
        141,
        427,
        246,
        418,
        378,
        329,
        571,
        26,
        252,
        357,
        653,
        295,
        642,
        360,
        259,
        84,
        608,
        462,
        535,
        445,
        190,
        478,
        695,
        647,
        137,
        281,
        0,
        543,
        199,
        413,
        6,
        258,
        363,
        596,
        335,
        415,
        211,
        214,
        299,
        58,
        218,
        168,
        328,
        219,
        180,
        74,
        719,
        435,
        278,
        337,
        541,
        745,
        311,
        326,
        245,
        183,
        32,
        727,
        616,
        694,
        16,
        614,
        679,
        35,
        699,
        506,
        47,
        23,
        637,
        538,
        283,
        124,
        54,
        261,
        315,
        603,
        38,
        254,
        429,
        533,
        631,
        540,
        438,
        408,
        342,
        67,
        488,
        17,
        557,
        682,
        132,
        578,
        509,
        393,
        15,
        345,
        226,
        688,
        680,
        406,
        627,
        606,
        121,
        641,
        677,
        434,
        619,
        419,
        165,
        548,
        620,
        683,
        99,
        37,
        433,
        270,
        417,
        518,
        392,
        289,
        657,
        92,
        106,
        704,
        567,
        368,
        728,
        250,
        555,
        119,
        152,
        236,
        163,
        174,
        318,
        743,
        229,
        592,
        2,
        738,
        220,
        73,
        279,
        175,
        166,
        200,
        398,
        107,
        381,
        522,
        325,
        256,
        64,
        549,
        366,
        182,
        76,
        532,
        575,
        526,
        480,
        161,
        108,
        422,
        188,
        255,
        515,
        46,
        82,
        324,
        442,
        334,
        574,
        145,
        85,
        367,
        103,
        225,
        643,
        320,
        231,
        684,
        602,
        388,
        194,
        206,
        112,
        21,
        181,
        86,
        238,
        648,
        242,
        303,
        72,
        148,
        708,
        8,
        484,
        292,
        257,
        711,
        157,
        352,
        3,
        350,
        52,
        604,
        499,
        474,
        706,
        253,
        405,
        508,
        195,
        691,
        223,
        468,
        560,
        263,
        591,
        20,
        590,
        309,
        70,
        576,
        170,
        447,
        187,
        636,
        459,
        640,
        580,
        7,
        421,
        377,
        288,
        93,
        661,
        730,
        726,
        222,
        697,
        332,
        240,
        581,
        739,
        53,
        117,
        696,
        265,
        489,
        494,
        700,
        109,
        490,
        667,
        497,
        633,
        34,
        431,
        671,
        348,
        147,
        45,
        81,
        260,
        471,
        725,
        618,
        714,
        414,
        402,
        310,
        666,
        95,
        562,
        547,
        284,
        239,
        588,
        466,
        559,
        669,
        632,
        505,
        605,
        146,
        176,
        510,
        461,
        741,
        317,
        136,
        432,
        511,
        221,
        153,
        457,
        544,
        154,
        443,
        62,
        570,
        703,
        29,
        30,
        155,
        248,
        534,
        51,
        49,
        624,
        251,
        659,
        150,
        69,
        122,
        39,
        149,
        224,
        75,
        553,
        391,
        621,
        78,
        172,
        386,
        736,
        561,
        10,
        97,
        18,
        587,
        216,
        551,
        531,
        672,
        189,
        158,
        685,
        213,
        396,
        612,
        735,
        665,
        305,
        361,
        280,
        98,
        673,
        504,
        191,
        264,
        370,
        351,
        385,
        529,
        237,
        338,
        492,
        115,
        568,
        528,
        267,
        425,
        537,
        274,
        268,
        96,
        43,
        611,
        234,
        356,
        514,
        430,
        441,
        228,
        626,
        410,
        472,
        204,
        598,
        164,
        749,
        282,
        686,
        42,
        479,
        140,
        307,
        520,
        209,
        582,
        380,
        454,
        638,
        142,
        101,
        343,
        44,
        272,
        477,
        569,
        721,
        586,
        424,
        449,
        14,
        230,
        558,
        233,
        33,
        31,
        344,
        439,
        291,
        496,
        416,
        379,
        48,
        91,
        729,
        437,
        22,
        138,
        482,
        460,
        134,
        584,
        60,
        271,
        80,
        517,
        184,
        615,
        585,
        372,
        308,
        491,
        689,
        127,
        436,
        426,
        470,
        249,
        527,
        628,
        455,
        613,
        521,
        139,
        687,
        118,
        173,
        383,
        276,
        625,
        203,
        678,
        481,
        401,
        701,
        156,
        347,
        723,
        196,
        79,
        554,
        717,
        487,
        120,
        563,
        179,
        650,
        27,
        400,
        639,
        651,
        503,
        411,
        275,
        277,
        589,
        617,
        298,
        663,
        217,
        374,
        55,
        28,
        113,
        646,
        306,
        59,
        690,
        227,
        399,
        610,
        394,
        525,
        635,
        593,
        56,
        744,
        13,
        201,
        143,
        36,
        215,
        565,
        420,
        128,
        692,
        244,
        475,
        327,
        600,
        358,
        409,
        130,
        104,
        102,
        660,
        709,
        322,
        467,
        301,
        382,
        114,
        404,
        450,
        323,
        293,
        300,
        241,
        333,
        718,
        316,
        722,
        192,
        297,
        530,
        373,
        135,
        601,
        715,
        577,
        397,
        607,
        423,
        572,
        524,
        41,
        40,
        713,
        313,
        501,
        746,
        89,
        287,
        512,
        716,
        644,
        57,
        273,
        123,
        389,
        207,
        485,
        566,
        286,
        77,
        87,
        710,
        469,
        12,
        731,
        594,
        662,
        664,
        110,
        705,
        376,
        486,
        675,
        302,
        456,
        304,
        198,
        144,
        125,
        552,
        65,
        473,
        285,
        331,
        202,
        656,
        519,
        243,
        177,
        171,
        247,
        556,
        634,
        681,
        458,
        452,
        312,
        546,
        25,
        465,
        622,
        463,
        100,
        740,
        126,
        369,
        185,
        336,
        290,
        364,
        354,
        160,
        712,
        4,
        453,
        516,
        116,
        9,
        90,
        513,
        595,
        733,
        464,
        212,
        597,
        446,
        151,
        314,
        428,
        111,
        5,
        235,
        355,
        654,
        353,
        375,
        742,
        167,
        523,
        178,
        579,
        159,
        500,
        205,
        658,
        573,
        208,
        564,
        186,
        395,
        321,
        599,
        536,
        169,
        319,
        340,
        129,
        609,
        390,
        19,
        502,
        210,
        403,
        748,
        387,
        341,
        63,
        734,
        676,
        623,
        232,
        266,
        88,
        346,
        645,
        371,
        407,
        668,
        448,
        545,
        296,
        451,
        339,
        483,
        629,
        359,
        444,
        71,
        495,
        724,
        50,
        507,
        262,
        550,
        542,
        384,
        412,
        630,
        583,
        655,
        693,
        365,
        83,
        131,
        294,
        330,
        197
    ],
    "Nb of functions evaluations": 400020,
    "Computational time in seconds": 3106.3708152770996,
    "Stopping criterion in evaluations": 400000
}