28° run output:
{
    "Function": "kroB750.tsp",
    "Problem dimension": [
        739,
        294,
        71,
        540,
        340,
        131,
        24,
        175,
        9,
        318,
        509,
        454,
        132,
        478,
        450,
        276,
        36,
        726,
        662,
        208,
        567,
        453,
        374,
        157,
        337,
        47,
        637,
        76,
        51,
        266,
        367,
        268,
        62,
        492,
        108,
        314,
        127,
        517,
        443,
        565,
        717,
        18,
        233,
        122,
        575,
        654,
        113,
        504,
        8,
        363,
        109,
        732,
        191,
        423,
        213,
        704,
        487,
        138,
        218,
        460,
        713,
        348,
        730,
        129,
        430,
        353,
        667,
        488,
        604,
        4,
        482,
        315,
        319,
        664,
        38,
        92,
        224,
        657,
        669,
        735,
        499,
        29,
        143,
        382,
        350,
        89,
        484,
        648,
        232,
        736,
        184,
        304,
        1,
        393,
        701,
        520,
        46,
        95,
        635,
        396,
        234,
        679,
        448,
        93,
        136,
        413,
        260,
        135,
        404,
        506,
        531,
        225,
        524,
        660,
        230,
        168,
        619,
        364,
        626,
        240,
        627,
        737,
        74,
        534,
        145,
        103,
        53,
        336,
        258,
        144,
        332,
        216,
        205,
        644,
        99,
        544,
        707,
        607,
        599,
        55,
        612,
        105,
        471,
        59,
        238,
        409,
        61,
        78,
        27,
        257,
        91,
        265,
        102,
        435,
        439,
        401,
        688,
        142,
        43,
        101,
        35,
        716,
        614,
        284,
        449,
        259,
        523,
        426,
        370,
        623,
        275,
        592,
        31,
        223,
        277,
        253,
        321,
        56,
        655,
        310,
        749,
        246,
        561,
        380,
        372,
        110,
        571,
        414,
        57,
        636,
        570,
        497,
        147,
        23,
        167,
        498,
        65,
        339,
        638,
        632,
        692,
        581,
        126,
        601,
        475,
        684,
        75,
        303,
        424,
        10,
        215,
        741,
        700,
        564,
        550,
        470,
        563,
        611,
        174,
        141,
        60,
        278,
        298,
        202,
        283,
        518,
        285,
        496,
        663,
        96,
        221,
        261,
        589,
        376,
        178,
        463,
        553,
        366,
        239,
        743,
        542,
        387,
        250,
        462,
        323,
        446,
        355,
        650,
        180,
        79,
        20,
        458,
        273,
        194,
        248,
        204,
        313,
        677,
        2,
        26,
        156,
        166,
        247,
        720,
        209,
        352,
        633,
        511,
        152,
        491,
        347,
        281,
        574,
        473,
        11,
        271,
        583,
        698,
        274,
        198,
        572,
        673,
        329,
        551,
        490,
        390,
        649,
        243,
        712,
        643,
        195,
        609,
        100,
        651,
        530,
        519,
        361,
        740,
        13,
        441,
        325,
        255,
        639,
        264,
        477,
        695,
        744,
        395,
        676,
        182,
        494,
        226,
        480,
        593,
        620,
        429,
        719,
        405,
        416,
        311,
        388,
        6,
        702,
        399,
        710,
        468,
        417,
        262,
        130,
        661,
        582,
        597,
        576,
        177,
        335,
        566,
        338,
        306,
        86,
        573,
        697,
        501,
        373,
        723,
        0,
        724,
        189,
        254,
        747,
        588,
        514,
        245,
        252,
        678,
        172,
        66,
        541,
        293,
        459,
        34,
        73,
        665,
        115,
        674,
        548,
        631,
        602,
        693,
        83,
        577,
        452,
        708,
        149,
        197,
        391,
        302,
        81,
        330,
        124,
        522,
        410,
        349,
        493,
        549,
        605,
        351,
        291,
        440,
        162,
        12,
        343,
        384,
        22,
        123,
        594,
        97,
        437,
        398,
        112,
        307,
        526,
        165,
        90,
        685,
        381,
        656,
        256,
        433,
        227,
        529,
        185,
        263,
        48,
        451,
        280,
        77,
        535,
        220,
        324,
        69,
        193,
        37,
        158,
        562,
        536,
        188,
        578,
        422,
        171,
        691,
        25,
        455,
        630,
        341,
        63,
        203,
        385,
        289,
        731,
        584,
        586,
        521,
        173,
        402,
        653,
        479,
        703,
        386,
        447,
        628,
        516,
        196,
        269,
        513,
        327,
        555,
        320,
        489,
        579,
        528,
        606,
        502,
        211,
        434,
        625,
        17,
        379,
        560,
        290,
        190,
        322,
        595,
        19,
        170,
        279,
        418,
        139,
        532,
        201,
        510,
        598,
        634,
        128,
        415,
        297,
        308,
        590,
        229,
        554,
        533,
        400,
        722,
        117,
        316,
        666,
        515,
        159,
        148,
        690,
        183,
        431,
        82,
        392,
        155,
        411,
        596,
        200,
        407,
        465,
        163,
        354,
        164,
        436,
        106,
        610,
        345,
        214,
        241,
        94,
        67,
        624,
        591,
        543,
        210,
        137,
        68,
        270,
        40,
        111,
        425,
        317,
        438,
        288,
        296,
        21,
        236,
        645,
        689,
        746,
        500,
        721,
        403,
        687,
        375,
        444,
        733,
        642,
        715,
        28,
        706,
        231,
        587,
        368,
        481,
        748,
        408,
        432,
        286,
        371,
        466,
        192,
        727,
        539,
        328,
        39,
        134,
        222,
        292,
        58,
        421,
        369,
        537,
        54,
        118,
        428,
        512,
        358,
        442,
        342,
        300,
        461,
        682,
        88,
        251,
        538,
        121,
        272,
        119,
        365,
        42,
        207,
        467,
        464,
        16,
        714,
        235,
        569,
        718,
        672,
        169,
        495,
        456,
        658,
        179,
        547,
        394,
        70,
        295,
        557,
        356,
        33,
        603,
        80,
        85,
        301,
        472,
        608,
        378,
        600,
        228,
        615,
        299,
        659,
        98,
        556,
        52,
        725,
        618,
        161,
        585,
        217,
        427,
        84,
        670,
        212,
        41,
        249,
        181,
        120,
        242,
        640,
        412,
        696,
        346,
        738,
        474,
        469,
        622,
        525,
        153,
        377,
        485,
        7,
        389,
        305,
        546,
        699,
        187,
        64,
        176,
        146,
        729,
        503,
        680,
        580,
        558,
        671,
        646,
        160,
        344,
        3,
        49,
        359,
        397,
        527,
        508,
        681,
        647,
        621,
        476,
        151,
        140,
        745,
        486,
        334,
        244,
        107,
        357,
        133,
        362,
        287,
        568,
        30,
        267,
        457,
        617,
        742,
        331,
        15,
        686,
        694,
        675,
        613,
        87,
        419,
        312,
        652,
        116,
        45,
        683,
        705,
        326,
        125,
        32,
        709,
        383,
        629,
        406,
        420,
        14,
        5,
        545,
        559,
        552,
        114,
        150,
        104,
        360,
        206,
        734,
        186,
        668,
        309,
        711,
        282,
        50,
        507,
        616,
        199,
        728,
        333,
        44,
        445,
        154,
        483,
        505,
        237,
        219,
        72,
        641
    ],
    "Global Optimum": 0,
    "Algorithm": "Genetic algorithm",
    "Parameters": {
        "population": 30,
        "offspring": 30,
        "mutation probability": 0.0013333333333333333,
        "crossover probability": 0.9
    },
    "Fitness": 868838,
    "Solution": [
        739,
        294,
        71,
        540,
        340,
        131,
        24,
        175,
        9,
        318,
        509,
        454,
        132,
        478,
        450,
        276,
        36,
        726,
        662,
        208,
        567,
        453,
        374,
        157,
        337,
        47,
        637,
        76,
        51,
        266,
        367,
        268,
        62,
        492,
        108,
        314,
        127,
        517,
        443,
        565,
        717,
        18,
        233,
        122,
        575,
        654,
        113,
        504,
        8,
        363,
        109,
        732,
        191,
        423,
        213,
        704,
        487,
        138,
        218,
        460,
        713,
        348,
        730,
        129,
        430,
        353,
        667,
        488,
        604,
        4,
        482,
        315,
        319,
        664,
        38,
        92,
        224,
        657,
        669,
        735,
        499,
        29,
        143,
        382,
        350,
        89,
        484,
        648,
        232,
        736,
        184,
        304,
        1,
        393,
        701,
        520,
        46,
        95,
        635,
        396,
        234,
        679,
        448,
        93,
        136,
        413,
        260,
        135,
        404,
        506,
        531,
        225,
        524,
        660,
        230,
        168,
        619,
        364,
        626,
        240,
        627,
        737,
        74,
        534,
        145,
        103,
        53,
        336,
        258,
        144,
        332,
        216,
        205,
        644,
        99,
        544,
        707,
        607,
        599,
        55,
        612,
        105,
        471,
        59,
        238,
        409,
        61,
        78,
        27,
        257,
        91,
        265,
        102,
        435,
        439,
        401,
        688,
        142,
        43,
        101,
        35,
        716,
        614,
        284,
        449,
        259,
        523,
        426,
        370,
        623,
        275,
        592,
        31,
        223,
        277,
        253,
        321,
        56,
        655,
        310,
        749,
        246,
        561,
        380,
        372,
        110,
        571,
        414,
        57,
        636,
        570,
        497,
        147,
        23,
        167,
        498,
        65,
        339,
        638,
        632,
        692,
        581,
        126,
        601,
        475,
        684,
        75,
        303,
        424,
        10,
        215,
        741,
        700,
        564,
        550,
        470,
        563,
        611,
        174,
        141,
        60,
        278,
        298,
        202,
        283,
        518,
        285,
        496,
        663,
        96,
        221,
        261,
        589,
        376,
        178,
        463,
        553,
        366,
        239,
        743,
        542,
        387,
        250,
        462,
        323,
        446,
        355,
        650,
        180,
        79,
        20,
        458,
        273,
        194,
        248,
        204,
        313,
        677,
        2,
        26,
        156,
        166,
        247,
        720,
        209,
        352,
        633,
        511,
        152,
        491,
        347,
        281,
        574,
        473,
        11,
        271,
        583,
        698,
        274,
        198,
        572,
        673,
        329,
        551,
        490,
        390,
        649,
        243,
        712,
        643,
        195,
        609,
        100,
        651,
        530,
        519,
        361,
        740,
        13,
        441,
        325,
        255,
        639,
        264,
        477,
        695,
        744,
        395,
        676,
        182,
        494,
        226,
        480,
        593,
        620,
        429,
        719,
        405,
        416,
        311,
        388,
        6,
        702,
        399,
        710,
        468,
        417,
        262,
        130,
        661,
        582,
        597,
        576,
        177,
        335,
        566,
        338,
        306,
        86,
        573,
        697,
        501,
        373,
        723,
        0,
        724,
        189,
        254,
        747,
        588,
        514,
        245,
        252,
        678,
        172,
        66,
        541,
        293,
        459,
        34,
        73,
        665,
        115,
        674,
        548,
        631,
        602,
        693,
        83,
        577,
        452,
        708,
        149,
        197,
        391,
        302,
        81,
        330,
        124,
        522,
        410,
        349,
        493,
        549,
        605,
        351,
        291,
        440,
        162,
        12,
        343,
        384,
        22,
        123,
        594,
        97,
        437,
        398,
        112,
        307,
        526,
        165,
        90,
        685,
        381,
        656,
        256,
        433,
        227,
        529,
        185,
        263,
        48,
        451,
        280,
        77,
        535,
        220,
        324,
        69,
        193,
        37,
        158,
        562,
        536,
        188,
        578,
        422,
        171,
        691,
        25,
        455,
        630,
        341,
        63,
        203,
        385,
        289,
        731,
        584,
        586,
        521,
        173,
        402,
        653,
        479,
        703,
        386,
        447,
        628,
        516,
        196,
        269,
        513,
        327,
        555,
        320,
        489,
        579,
        528,
        606,
        502,
        211,
        434,
        625,
        17,
        379,
        560,
        290,
        190,
        322,
        595,
        19,
        170,
        279,
        418,
        139,
        532,
        201,
        510,
        598,
        634,
        128,
        415,
        297,
        308,
        590,
        229,
        554,
        533,
        400,
        722,
        117,
        316,
        666,
        515,
        159,
        148,
        690,
        183,
        431,
        82,
        392,
        155,
        411,
        596,
        200,
        407,
        465,
        163,
        354,
        164,
        436,
        106,
        610,
        345,
        214,
        241,
        94,
        67,
        624,
        591,
        543,
        210,
        137,
        68,
        270,
        40,
        111,
        425,
        317,
        438,
        288,
        296,
        21,
        236,
        645,
        689,
        746,
        500,
        721,
        403,
        687,
        375,
        444,
        733,
        642,
        715,
        28,
        706,
        231,
        587,
        368,
        481,
        748,
        408,
        432,
        286,
        371,
        466,
        192,
        727,
        539,
        328,
        39,
        134,
        222,
        292,
        58,
        421,
        369,
        537,
        54,
        118,
        428,
        512,
        358,
        442,
        342,
        300,
        461,
        682,
        88,
        251,
        538,
        121,
        272,
        119,
        365,
        42,
        207,
        467,
        464,
        16,
        714,
        235,
        569,
        718,
        672,
        169,
        495,
        456,
        658,
        179,
        547,
        394,
        70,
        295,
        557,
        356,
        33,
        603,
        80,
        85,
        301,
        472,
        608,
        378,
        600,
        228,
        615,
        299,
        659,
        98,
        556,
        52,
        725,
        618,
        161,
        585,
        217,
        427,
        84,
        670,
        212,
        41,
        249,
        181,
        120,
        242,
        640,
        412,
        696,
        346,
        738,
        474,
        469,
        622,
        525,
        153,
        377,
        485,
        7,
        389,
        305,
        546,
        699,
        187,
        64,
        176,
        146,
        729,
        503,
        680,
        580,
        558,
        671,
        646,
        160,
        344,
        3,
        49,
        359,
        397,
        527,
        508,
        681,
        647,
        621,
        476,
        151,
        140,
        745,
        486,
        334,
        244,
        107,
        357,
        133,
        362,
        287,
        568,
        30,
        267,
        457,
        617,
        742,
        331,
        15,
        686,
        694,
        675,
        613,
        87,
        419,
        312,
        652,
        116,
        45,
        683,
        705,
        326,
        125,
        32,
        709,
        383,
        629,
        406,
        420,
        14,
        5,
        545,
        559,
        552,
        114,
        150,
        104,
        360,
        206,
        734,
        186,
        668,
        309,
        711,
        282,
        50,
        507,
        616,
        199,
        728,
        333,
        44,
        445,
        154,
        483,
        505,
        237,
        219,
        72,
        641
    ],
    "Nb of functions evaluations": 400020,
    "Computational time in seconds": 3181.843243598938,
    "Stopping criterion in evaluations": 400000
}