27° run output:
{
    "Function": "kroB750.tsp",
    "Problem dimension": [
        662,
        463,
        575,
        213,
        732,
        290,
        458,
        50,
        1,
        733,
        349,
        68,
        202,
        17,
        497,
        640,
        101,
        47,
        361,
        549,
        35,
        276,
        176,
        741,
        742,
        634,
        279,
        215,
        511,
        492,
        379,
        391,
        117,
        151,
        309,
        555,
        74,
        543,
        673,
        431,
        440,
        102,
        306,
        186,
        45,
        441,
        158,
        194,
        245,
        365,
        21,
        53,
        209,
        311,
        447,
        682,
        70,
        438,
        75,
        310,
        265,
        105,
        707,
        206,
        110,
        0,
        81,
        49,
        398,
        100,
        621,
        384,
        242,
        374,
        239,
        138,
        108,
        95,
        602,
        116,
        308,
        156,
        451,
        51,
        623,
        94,
        659,
        745,
        357,
        424,
        499,
        172,
        150,
        63,
        395,
        3,
        483,
        164,
        130,
        561,
        175,
        671,
        442,
        354,
        33,
        695,
        73,
        295,
        103,
        154,
        722,
        679,
        507,
        34,
        599,
        538,
        677,
        162,
        740,
        7,
        474,
        528,
        261,
        79,
        185,
        582,
        618,
        321,
        340,
        420,
        681,
        190,
        169,
        298,
        145,
        188,
        301,
        425,
        700,
        234,
        42,
        680,
        736,
        59,
        526,
        257,
        713,
        509,
        488,
        13,
        567,
        422,
        433,
        200,
        593,
        227,
        704,
        43,
        317,
        55,
        39,
        532,
        46,
        650,
        122,
        313,
        316,
        603,
        427,
        251,
        466,
        720,
        56,
        263,
        281,
        523,
        221,
        82,
        181,
        606,
        694,
        240,
        78,
        299,
        61,
        87,
        351,
        524,
        9,
        66,
        542,
        530,
        636,
        464,
        113,
        537,
        353,
        607,
        147,
        343,
        510,
        577,
        289,
        256,
        282,
        99,
        180,
        548,
        300,
        210,
        132,
        60,
        372,
        547,
        731,
        630,
        52,
        137,
        573,
        412,
        615,
        249,
        312,
        19,
        738,
        128,
        525,
        286,
        16,
        747,
        383,
        171,
        350,
        48,
        719,
        520,
        192,
        686,
        710,
        558,
        230,
        348,
        693,
        148,
        429,
        124,
        665,
        624,
        296,
        407,
        204,
        29,
        373,
        307,
        456,
        225,
        540,
        41,
        252,
        546,
        146,
        104,
        14,
        129,
        721,
        293,
        69,
        189,
        233,
        96,
        337,
        413,
        718,
        205,
        370,
        625,
        605,
        562,
        587,
        637,
        267,
        569,
        254,
        123,
        663,
        153,
        183,
        271,
        121,
        270,
        436,
        266,
        12,
        360,
        155,
        223,
        486,
        90,
        581,
        338,
        380,
        666,
        159,
        161,
        27,
        397,
        667,
        545,
        30,
        143,
        609,
        503,
        475,
        258,
        174,
        287,
        386,
        217,
        417,
        385,
        482,
        572,
        284,
        106,
        504,
        378,
        514,
        468,
        152,
        734,
        471,
        590,
        177,
        445,
        268,
        18,
        44,
        226,
        642,
        647,
        393,
        527,
        508,
        437,
        705,
        409,
        388,
        387,
        107,
        596,
        218,
        8,
        160,
        91,
        588,
        92,
        544,
        457,
        690,
        77,
        375,
        553,
        480,
        187,
        330,
        382,
        570,
        539,
        513,
        496,
        675,
        563,
        236,
        212,
        645,
        165,
        248,
        428,
        506,
        62,
        54,
        208,
        559,
        597,
        716,
        505,
        517,
        661,
        22,
        10,
        211,
        726,
        32,
        280,
        167,
        566,
        730,
        678,
        627,
        551,
        262,
        516,
        669,
        334,
        668,
        481,
        58,
        735,
        224,
        28,
        364,
        253,
        646,
        748,
        449,
        452,
        594,
        462,
        629,
        687,
        243,
        746,
        283,
        448,
        494,
        314,
        552,
        304,
        292,
        320,
        112,
        402,
        684,
        490,
        469,
        556,
        723,
        369,
        648,
        529,
        653,
        65,
        144,
        274,
        119,
        459,
        342,
        4,
        288,
        86,
        36,
        149,
        589,
        329,
        657,
        619,
        80,
        518,
        20,
        410,
        381,
        728,
        696,
        198,
        26,
        193,
        578,
        515,
        541,
        216,
        426,
        294,
        550,
        635,
        273,
        591,
        403,
        323,
        392,
        260,
        584,
        255,
        277,
        359,
        698,
        560,
        140,
        25,
        98,
        168,
        714,
        332,
        352,
        689,
        358,
        394,
        715,
        620,
        408,
        717,
        396,
        214,
        6,
        272,
        739,
        703,
        115,
        315,
        432,
        467,
        235,
        652,
        64,
        421,
        585,
        473,
        708,
        389,
        173,
        303,
        85,
        231,
        453,
        400,
        644,
        333,
        674,
        139,
        336,
        390,
        702,
        191,
        701,
        356,
        219,
        534,
        564,
        450,
        617,
        598,
        322,
        638,
        5,
        478,
        601,
        135,
        196,
        324,
        632,
        612,
        576,
        531,
        246,
        583,
        522,
        586,
        404,
        31,
        724,
        250,
        643,
        344,
        367,
        88,
        697,
        500,
        737,
        533,
        685,
        414,
        93,
        631,
        199,
        83,
        24,
        57,
        118,
        725,
        318,
        38,
        328,
        479,
        179,
        355,
        628,
        346,
        485,
        339,
        89,
        405,
        399,
        415,
        197,
        416,
        472,
        592,
        97,
        419,
        476,
        15,
        443,
        622,
        465,
        683,
        131,
        376,
        418,
        170,
        195,
        744,
        706,
        639,
        446,
        608,
        37,
        460,
        519,
        434,
        244,
        487,
        297,
        109,
        435,
        502,
        341,
        305,
        406,
        498,
        699,
        335,
        319,
        377,
        565,
        444,
        238,
        23,
        134,
        222,
        184,
        461,
        655,
        127,
        579,
        237,
        232,
        203,
        521,
        727,
        651,
        536,
        557,
        493,
        178,
        512,
        345,
        327,
        670,
        411,
        641,
        76,
        616,
        142,
        84,
        614,
        111,
        136,
        126,
        166,
        229,
        326,
        470,
        125,
        613,
        163,
        691,
        207,
        264,
        654,
        712,
        241,
        491,
        626,
        269,
        571,
        71,
        610,
        220,
        363,
        278,
        275,
        120,
        749,
        182,
        688,
        568,
        454,
        201,
        423,
        633,
        484,
        501,
        600,
        574,
        439,
        580,
        729,
        302,
        676,
        366,
        672,
        259,
        477,
        331,
        368,
        554,
        611,
        228,
        285,
        347,
        535,
        247,
        157,
        743,
        133,
        656,
        291,
        495,
        649,
        67,
        604,
        489,
        430,
        660,
        711,
        141,
        692,
        595,
        455,
        40,
        371,
        658,
        401,
        11,
        709,
        72,
        325,
        2,
        664,
        362,
        114
    ],
    "Global Optimum": 0,
    "Algorithm": "Genetic algorithm",
    "Parameters": {
        "population": 30,
        "offspring": 30,
        "mutation probability": 0.0013333333333333333,
        "crossover probability": 0.9
    },
    "Fitness": 906972,
    "Solution": [
        662,
        463,
        575,
        213,
        732,
        290,
        458,
        50,
        1,
        733,
        349,
        68,
        202,
        17,
        497,
        640,
        101,
        47,
        361,
        549,
        35,
        276,
        176,
        741,
        742,
        634,
        279,
        215,
        511,
        492,
        379,
        391,
        117,
        151,
        309,
        555,
        74,
        543,
        673,
        431,
        440,
        102,
        306,
        186,
        45,
        441,
        158,
        194,
        245,
        365,
        21,
        53,
        209,
        311,
        447,
        682,
        70,
        438,
        75,
        310,
        265,
        105,
        707,
        206,
        110,
        0,
        81,
        49,
        398,
        100,
        621,
        384,
        242,
        374,
        239,
        138,
        108,
        95,
        602,
        116,
        308,
        156,
        451,
        51,
        623,
        94,
        659,
        745,
        357,
        424,
        499,
        172,
        150,
        63,
        395,
        3,
        483,
        164,
        130,
        561,
        175,
        671,
        442,
        354,
        33,
        695,
        73,
        295,
        103,
        154,
        722,
        679,
        507,
        34,
        599,
        538,
        677,
        162,
        740,
        7,
        474,
        528,
        261,
        79,
        185,
        582,
        618,
        321,
        340,
        420,
        681,
        190,
        169,
        298,
        145,
        188,
        301,
        425,
        700,
        234,
        42,
        680,
        736,
        59,
        526,
        257,
        713,
        509,
        488,
        13,
        567,
        422,
        433,
        200,
        593,
        227,
        704,
        43,
        317,
        55,
        39,
        532,
        46,
        650,
        122,
        313,
        316,
        603,
        427,
        251,
        466,
        720,
        56,
        263,
        281,
        523,
        221,
        82,
        181,
        606,
        694,
        240,
        78,
        299,
        61,
        87,
        351,
        524,
        9,
        66,
        542,
        530,
        636,
        464,
        113,
        537,
        353,
        607,
        147,
        343,
        510,
        577,
        289,
        256,
        282,
        99,
        180,
        548,
        300,
        210,
        132,
        60,
        372,
        547,
        731,
        630,
        52,
        137,
        573,
        412,
        615,
        249,
        312,
        19,
        738,
        128,
        525,
        286,
        16,
        747,
        383,
        171,
        350,
        48,
        719,
        520,
        192,
        686,
        710,
        558,
        230,
        348,
        693,
        148,
        429,
        124,
        665,
        624,
        296,
        407,
        204,
        29,
        373,
        307,
        456,
        225,
        540,
        41,
        252,
        546,
        146,
        104,
        14,
        129,
        721,
        293,
        69,
        189,
        233,
        96,
        337,
        413,
        718,
        205,
        370,
        625,
        605,
        562,
        587,
        637,
        267,
        569,
        254,
        123,
        663,
        153,
        183,
        271,
        121,
        270,
        436,
        266,
        12,
        360,
        155,
        223,
        486,
        90,
        581,
        338,
        380,
        666,
        159,
        161,
        27,
        397,
        667,
        545,
        30,
        143,
        609,
        503,
        475,
        258,
        174,
        287,
        386,
        217,
        417,
        385,
        482,
        572,
        284,
        106,
        504,
        378,
        514,
        468,
        152,
        734,
        471,
        590,
        177,
        445,
        268,
        18,
        44,
        226,
        642,
        647,
        393,
        527,
        508,
        437,
        705,
        409,
        388,
        387,
        107,
        596,
        218,
        8,
        160,
        91,
        588,
        92,
        544,
        457,
        690,
        77,
        375,
        553,
        480,
        187,
        330,
        382,
        570,
        539,
        513,
        496,
        675,
        563,
        236,
        212,
        645,
        165,
        248,
        428,
        506,
        62,
        54,
        208,
        559,
        597,
        716,
        505,
        517,
        661,
        22,
        10,
        211,
        726,
        32,
        280,
        167,
        566,
        730,
        678,
        627,
        551,
        262,
        516,
        669,
        334,
        668,
        481,
        58,
        735,
        224,
        28,
        364,
        253,
        646,
        748,
        449,
        452,
        594,
        462,
        629,
        687,
        243,
        746,
        283,
        448,
        494,
        314,
        552,
        304,
        292,
        320,
        112,
        402,
        684,
        490,
        469,
        556,
        723,
        369,
        648,
        529,
        653,
        65,
        144,
        274,
        119,
        459,
        342,
        4,
        288,
        86,
        36,
        149,
        589,
        329,
        657,
        619,
        80,
        518,
        20,
        410,
        381,
        728,
        696,
        198,
        26,
        193,
        578,
        515,
        541,
        216,
        426,
        294,
        550,
        635,
        273,
        591,
        403,
        323,
        392,
        260,
        584,
        255,
        277,
        359,
        698,
        560,
        140,
        25,
        98,
        168,
        714,
        332,
        352,
        689,
        358,
        394,
        715,
        620,
        408,
        717,
        396,
        214,
        6,
        272,
        739,
        703,
        115,
        315,
        432,
        467,
        235,
        652,
        64,
        421,
        585,
        473,
        708,
        389,
        173,
        303,
        85,
        231,
        453,
        400,
        644,
        333,
        674,
        139,
        336,
        390,
        702,
        191,
        701,
        356,
        219,
        534,
        564,
        450,
        617,
        598,
        322,
        638,
        5,
        478,
        601,
        135,
        196,
        324,
        632,
        612,
        576,
        531,
        246,
        583,
        522,
        586,
        404,
        31,
        724,
        250,
        643,
        344,
        367,
        88,
        697,
        500,
        737,
        533,
        685,
        414,
        93,
        631,
        199,
        83,
        24,
        57,
        118,
        725,
        318,
        38,
        328,
        479,
        179,
        355,
        628,
        346,
        485,
        339,
        89,
        405,
        399,
        415,
        197,
        416,
        472,
        592,
        97,
        419,
        476,
        15,
        443,
        622,
        465,
        683,
        131,
        376,
        418,
        170,
        195,
        744,
        706,
        639,
        446,
        608,
        37,
        460,
        519,
        434,
        244,
        487,
        297,
        109,
        435,
        502,
        341,
        305,
        406,
        498,
        699,
        335,
        319,
        377,
        565,
        444,
        238,
        23,
        134,
        222,
        184,
        461,
        655,
        127,
        579,
        237,
        232,
        203,
        521,
        727,
        651,
        536,
        557,
        493,
        178,
        512,
        345,
        327,
        670,
        411,
        641,
        76,
        616,
        142,
        84,
        614,
        111,
        136,
        126,
        166,
        229,
        326,
        470,
        125,
        613,
        163,
        691,
        207,
        264,
        654,
        712,
        241,
        491,
        626,
        269,
        571,
        71,
        610,
        220,
        363,
        278,
        275,
        120,
        749,
        182,
        688,
        568,
        454,
        201,
        423,
        633,
        484,
        501,
        600,
        574,
        439,
        580,
        729,
        302,
        676,
        366,
        672,
        259,
        477,
        331,
        368,
        554,
        611,
        228,
        285,
        347,
        535,
        247,
        157,
        743,
        133,
        656,
        291,
        495,
        649,
        67,
        604,
        489,
        430,
        660,
        711,
        141,
        692,
        595,
        455,
        40,
        371,
        658,
        401,
        11,
        709,
        72,
        325,
        2,
        664,
        362,
        114
    ],
    "Nb of functions evaluations": 400020,
    "Computational time in seconds": 3176.34237575531,
    "Stopping criterion in evaluations": 400000
}