6° run output:
{
    "Function": "kroB750.tsp",
    "Problem dimension": [
        640,
        93,
        365,
        225,
        344,
        275,
        175,
        495,
        606,
        624,
        379,
        134,
        331,
        201,
        154,
        17,
        611,
        642,
        57,
        680,
        84,
        560,
        438,
        298,
        327,
        62,
        56,
        696,
        217,
        198,
        704,
        591,
        247,
        330,
        143,
        511,
        698,
        117,
        83,
        293,
        318,
        149,
        357,
        382,
        306,
        246,
        132,
        720,
        659,
        20,
        278,
        473,
        314,
        614,
        732,
        562,
        668,
        343,
        35,
        153,
        173,
        434,
        243,
        191,
        565,
        43,
        259,
        241,
        78,
        601,
        193,
        115,
        509,
        186,
        451,
        660,
        596,
        283,
        576,
        702,
        488,
        537,
        661,
        355,
        231,
        490,
        686,
        41,
        389,
        107,
        245,
        503,
        449,
        223,
        261,
        199,
        723,
        639,
        411,
        3,
        302,
        483,
        119,
        485,
        561,
        207,
        352,
        303,
        260,
        583,
        468,
        251,
        681,
        479,
        89,
        85,
        689,
        64,
        197,
        554,
        14,
        417,
        615,
        320,
        726,
        697,
        395,
        580,
        616,
        534,
        341,
        401,
        714,
        53,
        518,
        568,
        155,
        268,
        281,
        475,
        729,
        279,
        590,
        663,
        58,
        59,
        11,
        542,
        398,
        190,
        588,
        204,
        466,
        677,
        730,
        426,
        579,
        12,
        682,
        415,
        97,
        735,
        435,
        2,
        319,
        734,
        86,
        369,
        708,
        685,
        532,
        4,
        354,
        671,
        353,
        385,
        105,
        573,
        408,
        87,
        736,
        206,
        111,
        421,
        598,
        104,
        32,
        409,
        701,
        695,
        42,
        106,
        27,
        513,
        329,
        178,
        29,
        25,
        311,
        285,
        113,
        91,
        630,
        571,
        239,
        501,
        461,
        189,
        256,
        533,
        541,
        545,
        13,
        412,
        651,
        52,
        28,
        336,
        273,
        159,
        316,
        574,
        169,
        340,
        515,
        123,
        666,
        420,
        254,
        520,
        641,
        650,
        452,
        310,
        478,
        619,
        65,
        622,
        69,
        70,
        376,
        339,
        593,
        138,
        432,
        507,
        181,
        228,
        396,
        447,
        665,
        623,
        144,
        210,
        673,
        636,
        337,
        167,
        400,
        458,
        500,
        68,
        535,
        486,
        482,
        100,
        290,
        505,
        125,
        567,
        582,
        110,
        45,
        645,
        632,
        442,
        558,
        315,
        118,
        493,
        307,
        74,
        80,
        397,
        557,
        644,
        428,
        506,
        524,
        605,
        392,
        21,
        216,
        321,
        157,
        538,
        179,
        540,
        521,
        40,
        161,
        577,
        377,
        448,
        39,
        313,
        575,
        361,
        530,
        459,
        476,
        16,
        480,
        467,
        114,
        383,
        1,
        497,
        443,
        205,
        297,
        548,
        404,
        76,
        687,
        670,
        264,
        195,
        50,
        688,
        236,
        332,
        373,
        528,
        349,
        539,
        424,
        589,
        347,
        465,
        378,
        419,
        37,
        140,
        536,
        9,
        218,
        711,
        725,
        653,
        142,
        0,
        82,
        164,
        709,
        271,
        258,
        257,
        570,
        238,
        618,
        324,
        684,
        335,
        646,
        728,
        362,
        581,
        563,
        463,
        595,
        694,
        54,
        325,
        592,
        584,
        522,
        299,
        300,
        141,
        124,
        423,
        440,
        222,
        71,
        88,
        647,
        418,
        471,
        102,
        691,
        121,
        402,
        724,
        634,
        470,
        745,
        131,
        308,
        512,
        358,
        188,
        529,
        360,
        657,
        460,
        304,
        81,
        566,
        359,
        717,
        152,
        679,
        517,
        30,
        587,
        550,
        49,
        633,
        656,
        406,
        405,
        90,
        692,
        552,
        95,
        514,
        253,
        414,
        388,
        549,
        746,
        672,
        742,
        101,
        277,
        394,
        547,
        160,
        662,
        431,
        462,
        248,
        527,
        481,
        75,
        73,
        38,
        474,
        51,
        599,
        604,
        738,
        148,
        707,
        370,
        262,
        638,
        621,
        744,
        92,
        739,
        608,
        445,
        600,
        504,
        399,
        450,
        441,
        613,
        184,
        77,
        166,
        60,
        287,
        250,
        280,
        718,
        733,
        129,
        147,
        469,
        72,
        472,
        631,
        667,
        267,
        346,
        649,
        620,
        607,
        265,
        543,
        31,
        510,
        221,
        429,
        713,
        556,
        108,
        444,
        309,
        66,
        422,
        715,
        67,
        610,
        403,
        192,
        255,
        224,
        183,
        151,
        174,
        390,
        317,
        109,
        371,
        237,
        526,
        240,
        628,
        48,
        79,
        235,
        136,
        407,
        372,
        168,
        748,
        214,
        213,
        655,
        103,
        489,
        437,
        727,
        137,
        24,
        572,
        94,
        363,
        578,
        61,
        676,
        63,
        203,
        266,
        386,
        705,
        208,
        430,
        716,
        555,
        323,
        10,
        508,
        212,
        242,
        368,
        516,
        286,
        249,
        276,
        456,
        427,
        669,
        170,
        301,
        553,
        6,
        334,
        294,
        270,
        194,
        333,
        721,
        690,
        312,
        99,
        328,
        499,
        234,
        393,
        229,
        126,
        345,
        366,
        226,
        233,
        544,
        46,
        34,
        617,
        182,
        747,
        18,
        737,
        296,
        162,
        525,
        282,
        487,
        559,
        219,
        120,
        498,
        425,
        338,
        749,
        551,
        654,
        597,
        494,
        387,
        156,
        252,
        477,
        380,
        356,
        712,
        603,
        165,
        629,
        177,
        674,
        96,
        187,
        232,
        710,
        139,
        637,
        274,
        36,
        172,
        163,
        7,
        719,
        703,
        484,
        743,
        342,
        602,
        731,
        464,
        215,
        658,
        609,
        455,
        244,
        643,
        295,
        384,
        326,
        564,
        457,
        664,
        446,
        289,
        26,
        502,
        594,
        158,
        127,
        523,
        626,
        741,
        410,
        391,
        269,
        171,
        292,
        176,
        112,
        586,
        492,
        47,
        272,
        675,
        531,
        5,
        700,
        284,
        322,
        436,
        291,
        122,
        305,
        627,
        150,
        722,
        375,
        367,
        146,
        23,
        44,
        130,
        22,
        55,
        196,
        364,
        116,
        8,
        678,
        128,
        19,
        211,
        453,
        491,
        585,
        98,
        200,
        699,
        220,
        351,
        288,
        546,
        227,
        635,
        625,
        569,
        683,
        180,
        230,
        350,
        454,
        496,
        381,
        519,
        652,
        740,
        648,
        185,
        706,
        612,
        348,
        33,
        413,
        135,
        133,
        693,
        263,
        15,
        202,
        209,
        145,
        433,
        416,
        374,
        439
    ],
    "Global Optimum": 0,
    "Algorithm": "Genetic algorithm",
    "Parameters": {
        "population": 30,
        "offspring": 30,
        "mutation probability": 0.0013333333333333333,
        "crossover probability": 0.9
    },
    "Fitness": 915252,
    "Solution": [
        640,
        93,
        365,
        225,
        344,
        275,
        175,
        495,
        606,
        624,
        379,
        134,
        331,
        201,
        154,
        17,
        611,
        642,
        57,
        680,
        84,
        560,
        438,
        298,
        327,
        62,
        56,
        696,
        217,
        198,
        704,
        591,
        247,
        330,
        143,
        511,
        698,
        117,
        83,
        293,
        318,
        149,
        357,
        382,
        306,
        246,
        132,
        720,
        659,
        20,
        278,
        473,
        314,
        614,
        732,
        562,
        668,
        343,
        35,
        153,
        173,
        434,
        243,
        191,
        565,
        43,
        259,
        241,
        78,
        601,
        193,
        115,
        509,
        186,
        451,
        660,
        596,
        283,
        576,
        702,
        488,
        537,
        661,
        355,
        231,
        490,
        686,
        41,
        389,
        107,
        245,
        503,
        449,
        223,
        261,
        199,
        723,
        639,
        411,
        3,
        302,
        483,
        119,
        485,
        561,
        207,
        352,
        303,
        260,
        583,
        468,
        251,
        681,
        479,
        89,
        85,
        689,
        64,
        197,
        554,
        14,
        417,
        615,
        320,
        726,
        697,
        395,
        580,
        616,
        534,
        341,
        401,
        714,
        53,
        518,
        568,
        155,
        268,
        281,
        475,
        729,
        279,
        590,
        663,
        58,
        59,
        11,
        542,
        398,
        190,
        588,
        204,
        466,
        677,
        730,
        426,
        579,
        12,
        682,
        415,
        97,
        735,
        435,
        2,
        319,
        734,
        86,
        369,
        708,
        685,
        532,
        4,
        354,
        671,
        353,
        385,
        105,
        573,
        408,
        87,
        736,
        206,
        111,
        421,
        598,
        104,
        32,
        409,
        701,
        695,
        42,
        106,
        27,
        513,
        329,
        178,
        29,
        25,
        311,
        285,
        113,
        91,
        630,
        571,
        239,
        501,
        461,
        189,
        256,
        533,
        541,
        545,
        13,
        412,
        651,
        52,
        28,
        336,
        273,
        159,
        316,
        574,
        169,
        340,
        515,
        123,
        666,
        420,
        254,
        520,
        641,
        650,
        452,
        310,
        478,
        619,
        65,
        622,
        69,
        70,
        376,
        339,
        593,
        138,
        432,
        507,
        181,
        228,
        396,
        447,
        665,
        623,
        144,
        210,
        673,
        636,
        337,
        167,
        400,
        458,
        500,
        68,
        535,
        486,
        482,
        100,
        290,
        505,
        125,
        567,
        582,
        110,
        45,
        645,
        632,
        442,
        558,
        315,
        118,
        493,
        307,
        74,
        80,
        397,
        557,
        644,
        428,
        506,
        524,
        605,
        392,
        21,
        216,
        321,
        157,
        538,
        179,
        540,
        521,
        40,
        161,
        577,
        377,
        448,
        39,
        313,
        575,
        361,
        530,
        459,
        476,
        16,
        480,
        467,
        114,
        383,
        1,
        497,
        443,
        205,
        297,
        548,
        404,
        76,
        687,
        670,
        264,
        195,
        50,
        688,
        236,
        332,
        373,
        528,
        349,
        539,
        424,
        589,
        347,
        465,
        378,
        419,
        37,
        140,
        536,
        9,
        218,
        711,
        725,
        653,
        142,
        0,
        82,
        164,
        709,
        271,
        258,
        257,
        570,
        238,
        618,
        324,
        684,
        335,
        646,
        728,
        362,
        581,
        563,
        463,
        595,
        694,
        54,
        325,
        592,
        584,
        522,
        299,
        300,
        141,
        124,
        423,
        440,
        222,
        71,
        88,
        647,
        418,
        471,
        102,
        691,
        121,
        402,
        724,
        634,
        470,
        745,
        131,
        308,
        512,
        358,
        188,
        529,
        360,
        657,
        460,
        304,
        81,
        566,
        359,
        717,
        152,
        679,
        517,
        30,
        587,
        550,
        49,
        633,
        656,
        406,
        405,
        90,
        692,
        552,
        95,
        514,
        253,
        414,
        388,
        549,
        746,
        672,
        742,
        101,
        277,
        394,
        547,
        160,
        662,
        431,
        462,
        248,
        527,
        481,
        75,
        73,
        38,
        474,
        51,
        599,
        604,
        738,
        148,
        707,
        370,
        262,
        638,
        621,
        744,
        92,
        739,
        608,
        445,
        600,
        504,
        399,
        450,
        441,
        613,
        184,
        77,
        166,
        60,
        287,
        250,
        280,
        718,
        733,
        129,
        147,
        469,
        72,
        472,
        631,
        667,
        267,
        346,
        649,
        620,
        607,
        265,
        543,
        31,
        510,
        221,
        429,
        713,
        556,
        108,
        444,
        309,
        66,
        422,
        715,
        67,
        610,
        403,
        192,
        255,
        224,
        183,
        151,
        174,
        390,
        317,
        109,
        371,
        237,
        526,
        240,
        628,
        48,
        79,
        235,
        136,
        407,
        372,
        168,
        748,
        214,
        213,
        655,
        103,
        489,
        437,
        727,
        137,
        24,
        572,
        94,
        363,
        578,
        61,
        676,
        63,
        203,
        266,
        386,
        705,
        208,
        430,
        716,
        555,
        323,
        10,
        508,
        212,
        242,
        368,
        516,
        286,
        249,
        276,
        456,
        427,
        669,
        170,
        301,
        553,
        6,
        334,
        294,
        270,
        194,
        333,
        721,
        690,
        312,
        99,
        328,
        499,
        234,
        393,
        229,
        126,
        345,
        366,
        226,
        233,
        544,
        46,
        34,
        617,
        182,
        747,
        18,
        737,
        296,
        162,
        525,
        282,
        487,
        559,
        219,
        120,
        498,
        425,
        338,
        749,
        551,
        654,
        597,
        494,
        387,
        156,
        252,
        477,
        380,
        356,
        712,
        603,
        165,
        629,
        177,
        674,
        96,
        187,
        232,
        710,
        139,
        637,
        274,
        36,
        172,
        163,
        7,
        719,
        703,
        484,
        743,
        342,
        602,
        731,
        464,
        215,
        658,
        609,
        455,
        244,
        643,
        295,
        384,
        326,
        564,
        457,
        664,
        446,
        289,
        26,
        502,
        594,
        158,
        127,
        523,
        626,
        741,
        410,
        391,
        269,
        171,
        292,
        176,
        112,
        586,
        492,
        47,
        272,
        675,
        531,
        5,
        700,
        284,
        322,
        436,
        291,
        122,
        305,
        627,
        150,
        722,
        375,
        367,
        146,
        23,
        44,
        130,
        22,
        55,
        196,
        364,
        116,
        8,
        678,
        128,
        19,
        211,
        453,
        491,
        585,
        98,
        200,
        699,
        220,
        351,
        288,
        546,
        227,
        635,
        625,
        569,
        683,
        180,
        230,
        350,
        454,
        496,
        381,
        519,
        652,
        740,
        648,
        185,
        706,
        612,
        348,
        33,
        413,
        135,
        133,
        693,
        263,
        15,
        202,
        209,
        145,
        433,
        416,
        374,
        439
    ],
    "Nb of functions evaluations": 400020,
    "Computational time in seconds": 3112.2666170597076,
    "Stopping criterion in evaluations": 400000
}