22° run output:
{
    "Function": "kroB750.tsp",
    "Problem dimension": [
        114,
        3,
        355,
        673,
        576,
        654,
        546,
        334,
        224,
        29,
        254,
        518,
        570,
        683,
        499,
        447,
        32,
        119,
        352,
        310,
        571,
        277,
        239,
        380,
        441,
        170,
        542,
        402,
        572,
        96,
        165,
        241,
        597,
        433,
        214,
        568,
        738,
        188,
        554,
        720,
        685,
        670,
        684,
        393,
        718,
        616,
        105,
        49,
        182,
        395,
        144,
        14,
        336,
        700,
        675,
        159,
        575,
        698,
        348,
        423,
        178,
        511,
        106,
        399,
        646,
        581,
        64,
        747,
        200,
        213,
        411,
        145,
        602,
        143,
        424,
        398,
        641,
        397,
        539,
        56,
        312,
        415,
        403,
        405,
        400,
        639,
        440,
        33,
        58,
        723,
        283,
        197,
        526,
        461,
        107,
        177,
        565,
        582,
        338,
        353,
        276,
        31,
        538,
        271,
        608,
        479,
        679,
        425,
        674,
        181,
        86,
        141,
        293,
        485,
        176,
        743,
        244,
        474,
        631,
        117,
        83,
        53,
        481,
        256,
        236,
        129,
        595,
        450,
        15,
        260,
        196,
        137,
        475,
        127,
        696,
        600,
        544,
        245,
        250,
        585,
        128,
        725,
        465,
        263,
        248,
        85,
        72,
        604,
        579,
        717,
        382,
        644,
        736,
        478,
        286,
        66,
        710,
        152,
        273,
        484,
        38,
        42,
        340,
        379,
        715,
        656,
        530,
        339,
        669,
        708,
        104,
        238,
        470,
        552,
        562,
        262,
        665,
        60,
        208,
        746,
        409,
        394,
        8,
        556,
        217,
        164,
        527,
        502,
        347,
        528,
        448,
        612,
        749,
        301,
        748,
        653,
        37,
        703,
        413,
        625,
        205,
        396,
        61,
        255,
        624,
        363,
        358,
        443,
        472,
        459,
        422,
        146,
        519,
        39,
        20,
        231,
        453,
        74,
        729,
        123,
        445,
        48,
        532,
        246,
        548,
        187,
        240,
        24,
        712,
        113,
        637,
        587,
        13,
        589,
        100,
        163,
        661,
        54,
        523,
        295,
        142,
        258,
        525,
        190,
        130,
        543,
        418,
        297,
        192,
        455,
        664,
        388,
        172,
        315,
        385,
        733,
        439,
        370,
        27,
        660,
        742,
        194,
        404,
        638,
        483,
        535,
        494,
        666,
        553,
        588,
        112,
        691,
        300,
        647,
        257,
        46,
        229,
        77,
        93,
        288,
        234,
        460,
        414,
        651,
        711,
        695,
        549,
        744,
        320,
        613,
        153,
        487,
        659,
        313,
        148,
        577,
        102,
        726,
        73,
        156,
        643,
        303,
        719,
        504,
        44,
        510,
        621,
        373,
        514,
        94,
        89,
        495,
        357,
        81,
        663,
        28,
        346,
        681,
        210,
        233,
        175,
        126,
        221,
        78,
        302,
        252,
        377,
        222,
        563,
        36,
        591,
        529,
        430,
        41,
        289,
        219,
        162,
        280,
        351,
        633,
        9,
        122,
        62,
        596,
        515,
        364,
        226,
        284,
        206,
        622,
        432,
        82,
        628,
        359,
        321,
        551,
        291,
        509,
        594,
        496,
        435,
        420,
        734,
        306,
        151,
        534,
        466,
        161,
        586,
        564,
        261,
        468,
        337,
        317,
        7,
        264,
        507,
        360,
        714,
        279,
        11,
        265,
        47,
        634,
        605,
        158,
        299,
        606,
        677,
        166,
        428,
        488,
        308,
        116,
        193,
        52,
        730,
        65,
        109,
        559,
        687,
        160,
        225,
        629,
        480,
        469,
        607,
        296,
        17,
        125,
        497,
        6,
        406,
        365,
        436,
        186,
        434,
        516,
        183,
        745,
        67,
        727,
        739,
        368,
        220,
        157,
        619,
        709,
        401,
        266,
        212,
        375,
        91,
        705,
        501,
        23,
        43,
        693,
        10,
        139,
        716,
        598,
        557,
        668,
        688,
        584,
        630,
        578,
        25,
        330,
        690,
        318,
        51,
        120,
        12,
        294,
        672,
        417,
        174,
        592,
        251,
        69,
        290,
        407,
        408,
        676,
        426,
        431,
        329,
        4,
        649,
        68,
        463,
        228,
        87,
        140,
        103,
        136,
        620,
        442,
        332,
        307,
        635,
        384,
        35,
        278,
        331,
        202,
        99,
        88,
        350,
        642,
        59,
        540,
        545,
        275,
        132,
        531,
        699,
        508,
        392,
        45,
        328,
        390,
        686,
        615,
        285,
        697,
        171,
        345,
        50,
        333,
        609,
        503,
        689,
        728,
        349,
        154,
        232,
        599,
        362,
        180,
        198,
        304,
        16,
        326,
        203,
        541,
        707,
        235,
        410,
        80,
        242,
        741,
        732,
        550,
        5,
        249,
        451,
        191,
        311,
        704,
        115,
        1,
        90,
        437,
        189,
        640,
        583,
        567,
        648,
        561,
        63,
        444,
        658,
        457,
        555,
        376,
        706,
        354,
        98,
        173,
        204,
        471,
        101,
        702,
        498,
        489,
        184,
        617,
        218,
        2,
        456,
        274,
        57,
        314,
        391,
        138,
        626,
        369,
        131,
        70,
        135,
        438,
        429,
        724,
        449,
        325,
        517,
        108,
        492,
        701,
        593,
        721,
        731,
        0,
        211,
        281,
        389,
        473,
        467,
        623,
        482,
        324,
        737,
        386,
        505,
        230,
        71,
        343,
        95,
        199,
        30,
        521,
        97,
        209,
        223,
        657,
        22,
        305,
        650,
        692,
        580,
        452,
        533,
        227,
        381,
        601,
        645,
        524,
        155,
        253,
        19,
        79,
        419,
        671,
        522,
        537,
        247,
        735,
        121,
        298,
        462,
        536,
        374,
        513,
        270,
        110,
        493,
        267,
        372,
        667,
        722,
        147,
        134,
        603,
        169,
        243,
        627,
        713,
        574,
        416,
        486,
        34,
        491,
        652,
        476,
        740,
        512,
        272,
        216,
        269,
        327,
        464,
        124,
        477,
        682,
        490,
        611,
        287,
        341,
        168,
        383,
        361,
        292,
        573,
        655,
        259,
        371,
        694,
        322,
        680,
        118,
        500,
        610,
        632,
        560,
        21,
        378,
        547,
        316,
        201,
        76,
        366,
        26,
        111,
        427,
        618,
        520,
        179,
        167,
        566,
        215,
        335,
        309,
        92,
        84,
        149,
        387,
        344,
        367,
        446,
        558,
        569,
        636,
        458,
        55,
        319,
        678,
        662,
        342,
        590,
        75,
        268,
        195,
        185,
        356,
        614,
        207,
        323,
        282,
        421,
        18,
        454,
        133,
        506,
        40,
        150,
        237,
        412
    ],
    "Global Optimum": 0,
    "Algorithm": "Genetic algorithm",
    "Parameters": {
        "population": 30,
        "offspring": 30,
        "mutation probability": 0.0013333333333333333,
        "crossover probability": 0.9
    },
    "Fitness": 908042,
    "Solution": [
        114,
        3,
        355,
        673,
        576,
        654,
        546,
        334,
        224,
        29,
        254,
        518,
        570,
        683,
        499,
        447,
        32,
        119,
        352,
        310,
        571,
        277,
        239,
        380,
        441,
        170,
        542,
        402,
        572,
        96,
        165,
        241,
        597,
        433,
        214,
        568,
        738,
        188,
        554,
        720,
        685,
        670,
        684,
        393,
        718,
        616,
        105,
        49,
        182,
        395,
        144,
        14,
        336,
        700,
        675,
        159,
        575,
        698,
        348,
        423,
        178,
        511,
        106,
        399,
        646,
        581,
        64,
        747,
        200,
        213,
        411,
        145,
        602,
        143,
        424,
        398,
        641,
        397,
        539,
        56,
        312,
        415,
        403,
        405,
        400,
        639,
        440,
        33,
        58,
        723,
        283,
        197,
        526,
        461,
        107,
        177,
        565,
        582,
        338,
        353,
        276,
        31,
        538,
        271,
        608,
        479,
        679,
        425,
        674,
        181,
        86,
        141,
        293,
        485,
        176,
        743,
        244,
        474,
        631,
        117,
        83,
        53,
        481,
        256,
        236,
        129,
        595,
        450,
        15,
        260,
        196,
        137,
        475,
        127,
        696,
        600,
        544,
        245,
        250,
        585,
        128,
        725,
        465,
        263,
        248,
        85,
        72,
        604,
        579,
        717,
        382,
        644,
        736,
        478,
        286,
        66,
        710,
        152,
        273,
        484,
        38,
        42,
        340,
        379,
        715,
        656,
        530,
        339,
        669,
        708,
        104,
        238,
        470,
        552,
        562,
        262,
        665,
        60,
        208,
        746,
        409,
        394,
        8,
        556,
        217,
        164,
        527,
        502,
        347,
        528,
        448,
        612,
        749,
        301,
        748,
        653,
        37,
        703,
        413,
        625,
        205,
        396,
        61,
        255,
        624,
        363,
        358,
        443,
        472,
        459,
        422,
        146,
        519,
        39,
        20,
        231,
        453,
        74,
        729,
        123,
        445,
        48,
        532,
        246,
        548,
        187,
        240,
        24,
        712,
        113,
        637,
        587,
        13,
        589,
        100,
        163,
        661,
        54,
        523,
        295,
        142,
        258,
        525,
        190,
        130,
        543,
        418,
        297,
        192,
        455,
        664,
        388,
        172,
        315,
        385,
        733,
        439,
        370,
        27,
        660,
        742,
        194,
        404,
        638,
        483,
        535,
        494,
        666,
        553,
        588,
        112,
        691,
        300,
        647,
        257,
        46,
        229,
        77,
        93,
        288,
        234,
        460,
        414,
        651,
        711,
        695,
        549,
        744,
        320,
        613,
        153,
        487,
        659,
        313,
        148,
        577,
        102,
        726,
        73,
        156,
        643,
        303,
        719,
        504,
        44,
        510,
        621,
        373,
        514,
        94,
        89,
        495,
        357,
        81,
        663,
        28,
        346,
        681,
        210,
        233,
        175,
        126,
        221,
        78,
        302,
        252,
        377,
        222,
        563,
        36,
        591,
        529,
        430,
        41,
        289,
        219,
        162,
        280,
        351,
        633,
        9,
        122,
        62,
        596,
        515,
        364,
        226,
        284,
        206,
        622,
        432,
        82,
        628,
        359,
        321,
        551,
        291,
        509,
        594,
        496,
        435,
        420,
        734,
        306,
        151,
        534,
        466,
        161,
        586,
        564,
        261,
        468,
        337,
        317,
        7,
        264,
        507,
        360,
        714,
        279,
        11,
        265,
        47,
        634,
        605,
        158,
        299,
        606,
        677,
        166,
        428,
        488,
        308,
        116,
        193,
        52,
        730,
        65,
        109,
        559,
        687,
        160,
        225,
        629,
        480,
        469,
        607,
        296,
        17,
        125,
        497,
        6,
        406,
        365,
        436,
        186,
        434,
        516,
        183,
        745,
        67,
        727,
        739,
        368,
        220,
        157,
        619,
        709,
        401,
        266,
        212,
        375,
        91,
        705,
        501,
        23,
        43,
        693,
        10,
        139,
        716,
        598,
        557,
        668,
        688,
        584,
        630,
        578,
        25,
        330,
        690,
        318,
        51,
        120,
        12,
        294,
        672,
        417,
        174,
        592,
        251,
        69,
        290,
        407,
        408,
        676,
        426,
        431,
        329,
        4,
        649,
        68,
        463,
        228,
        87,
        140,
        103,
        136,
        620,
        442,
        332,
        307,
        635,
        384,
        35,
        278,
        331,
        202,
        99,
        88,
        350,
        642,
        59,
        540,
        545,
        275,
        132,
        531,
        699,
        508,
        392,
        45,
        328,
        390,
        686,
        615,
        285,
        697,
        171,
        345,
        50,
        333,
        609,
        503,
        689,
        728,
        349,
        154,
        232,
        599,
        362,
        180,
        198,
        304,
        16,
        326,
        203,
        541,
        707,
        235,
        410,
        80,
        242,
        741,
        732,
        550,
        5,
        249,
        451,
        191,
        311,
        704,
        115,
        1,
        90,
        437,
        189,
        640,
        583,
        567,
        648,
        561,
        63,
        444,
        658,
        457,
        555,
        376,
        706,
        354,
        98,
        173,
        204,
        471,
        101,
        702,
        498,
        489,
        184,
        617,
        218,
        2,
        456,
        274,
        57,
        314,
        391,
        138,
        626,
        369,
        131,
        70,
        135,
        438,
        429,
        724,
        449,
        325,
        517,
        108,
        492,
        701,
        593,
        721,
        731,
        0,
        211,
        281,
        389,
        473,
        467,
        623,
        482,
        324,
        737,
        386,
        505,
        230,
        71,
        343,
        95,
        199,
        30,
        521,
        97,
        209,
        223,
        657,
        22,
        305,
        650,
        692,
        580,
        452,
        533,
        227,
        381,
        601,
        645,
        524,
        155,
        253,
        19,
        79,
        419,
        671,
        522,
        537,
        247,
        735,
        121,
        298,
        462,
        536,
        374,
        513,
        270,
        110,
        493,
        267,
        372,
        667,
        722,
        147,
        134,
        603,
        169,
        243,
        627,
        713,
        574,
        416,
        486,
        34,
        491,
        652,
        476,
        740,
        512,
        272,
        216,
        269,
        327,
        464,
        124,
        477,
        682,
        490,
        611,
        287,
        341,
        168,
        383,
        361,
        292,
        573,
        655,
        259,
        371,
        694,
        322,
        680,
        118,
        500,
        610,
        632,
        560,
        21,
        378,
        547,
        316,
        201,
        76,
        366,
        26,
        111,
        427,
        618,
        520,
        179,
        167,
        566,
        215,
        335,
        309,
        92,
        84,
        149,
        387,
        344,
        367,
        446,
        558,
        569,
        636,
        458,
        55,
        319,
        678,
        662,
        342,
        590,
        75,
        268,
        195,
        185,
        356,
        614,
        207,
        323,
        282,
        421,
        18,
        454,
        133,
        506,
        40,
        150,
        237,
        412
    ],
    "Nb of functions evaluations": 400020,
    "Computational time in seconds": 3183.463339328766,
    "Stopping criterion in evaluations": 400000
}