29° run output:
{
    "Function": "kroB750.tsp",
    "Problem dimension": [
        612,
        43,
        463,
        724,
        263,
        143,
        177,
        571,
        98,
        458,
        501,
        351,
        692,
        213,
        330,
        486,
        645,
        293,
        8,
        404,
        686,
        680,
        555,
        735,
        737,
        456,
        71,
        608,
        78,
        551,
        55,
        621,
        584,
        5,
        561,
        209,
        679,
        232,
        101,
        732,
        219,
        579,
        210,
        321,
        498,
        552,
        164,
        603,
        10,
        31,
        107,
        106,
        6,
        65,
        299,
        466,
        713,
        99,
        387,
        462,
        86,
        186,
        237,
        665,
        570,
        108,
        1,
        576,
        448,
        48,
        656,
        519,
        381,
        69,
        617,
        669,
        290,
        286,
        728,
        693,
        531,
        79,
        153,
        717,
        111,
        508,
        36,
        528,
        271,
        596,
        475,
        245,
        301,
        47,
        464,
        560,
        283,
        334,
        144,
        343,
        509,
        254,
        371,
        357,
        275,
        88,
        399,
        384,
        388,
        499,
        578,
        251,
        35,
        194,
        195,
        279,
        136,
        638,
        262,
        373,
        543,
        58,
        591,
        347,
        684,
        0,
        11,
        431,
        270,
        187,
        598,
        72,
        650,
        406,
        673,
        740,
        594,
        600,
        710,
        124,
        174,
        363,
        636,
        167,
        540,
        103,
        102,
        131,
        376,
        745,
        538,
        723,
        382,
        566,
        346,
        122,
        491,
        738,
        70,
        268,
        629,
        701,
        9,
        472,
        298,
        541,
        441,
        183,
        170,
        471,
        590,
        90,
        348,
        34,
        419,
        74,
        500,
        741,
        546,
        455,
        378,
        652,
        641,
        537,
        179,
        440,
        16,
        562,
        243,
        169,
        4,
        68,
        556,
        97,
        2,
        203,
        125,
        215,
        264,
        15,
        202,
        637,
        317,
        711,
        663,
        442,
        157,
        160,
        671,
        312,
        690,
        249,
        130,
        577,
        633,
        715,
        409,
        45,
        446,
        294,
        658,
        557,
        653,
        748,
        718,
        365,
        417,
        521,
        51,
        56,
        593,
        192,
        707,
        527,
        316,
        377,
        689,
        547,
        485,
        667,
        80,
        413,
        182,
        30,
        676,
        83,
        405,
        93,
        66,
        706,
        60,
        503,
        585,
        586,
        492,
        302,
        700,
        81,
        567,
        190,
        326,
        277,
        553,
        315,
        613,
        628,
        744,
        370,
        230,
        261,
        327,
        188,
        121,
        691,
        674,
        193,
        197,
        94,
        625,
        21,
        524,
        281,
        534,
        454,
        241,
        89,
        181,
        191,
        654,
        726,
        467,
        61,
        149,
        516,
        207,
        212,
        642,
        352,
        309,
        649,
        49,
        105,
        449,
        390,
        100,
        383,
        248,
        599,
        465,
        172,
        216,
        635,
        134,
        489,
        461,
        714,
        335,
        138,
        698,
        644,
        587,
        597,
        395,
        408,
        350,
        444,
        198,
        647,
        292,
        59,
        201,
        605,
        526,
        118,
        733,
        687,
        391,
        221,
        142,
        25,
        457,
        23,
        147,
        18,
        54,
        127,
        568,
        439,
        497,
        252,
        253,
        592,
        601,
        297,
        722,
        250,
        661,
        536,
        329,
        227,
        643,
        96,
        199,
        511,
        565,
        226,
        664,
        284,
        291,
        734,
        46,
        483,
        696,
        699,
        622,
        659,
        606,
        460,
        426,
        229,
        323,
        573,
        470,
        295,
        712,
        544,
        398,
        356,
        727,
        276,
        677,
        496,
        695,
        76,
        304,
        582,
        228,
        611,
        436,
        171,
        211,
        303,
        482,
        451,
        672,
        233,
        19,
        337,
        414,
        434,
        624,
        416,
        272,
        162,
        646,
        231,
        37,
        655,
        564,
        681,
        13,
        615,
        731,
        609,
        115,
        366,
        17,
        515,
        545,
        3,
        522,
        657,
        42,
        349,
        504,
        400,
        518,
        239,
        204,
        82,
        214,
        420,
        623,
        487,
        423,
        128,
        217,
        630,
        525,
        380,
        401,
        415,
        589,
        308,
        410,
        112,
        369,
        305,
        223,
        145,
        743,
        353,
        77,
        412,
        314,
        389,
        158,
        185,
        632,
        325,
        189,
        709,
        385,
        173,
        280,
        322,
        469,
        176,
        535,
        639,
        749,
        282,
        619,
        374,
        140,
        716,
        432,
        493,
        648,
        397,
        285,
        12,
        146,
        678,
        620,
        697,
        495,
        429,
        345,
        575,
        510,
        120,
        359,
        225,
        151,
        651,
        85,
        110,
        244,
        473,
        627,
        747,
        683,
        184,
        257,
        117,
        255,
        168,
        247,
        75,
        57,
        354,
        445,
        126,
        20,
        310,
        505,
        44,
        62,
        150,
        63,
        53,
        494,
        529,
        682,
        666,
        14,
        478,
        338,
        616,
        407,
        746,
        514,
        595,
        265,
        175,
        40,
        266,
        235,
        411,
        242,
        704,
        180,
        159,
        205,
        694,
        488,
        33,
        433,
        29,
        113,
        530,
        287,
        208,
        344,
        87,
        403,
        246,
        742,
        569,
        95,
        517,
        720,
        626,
        328,
        311,
        260,
        91,
        67,
        618,
        368,
        502,
        196,
        319,
        306,
        542,
        155,
        443,
        200,
        73,
        324,
        84,
        402,
        506,
        425,
        361,
        660,
        132,
        662,
        581,
        26,
        481,
        24,
        477,
        490,
        318,
        372,
        725,
        28,
        438,
        602,
        224,
        355,
        39,
        340,
        430,
        468,
        588,
        364,
        480,
        123,
        218,
        421,
        154,
        550,
        258,
        739,
        256,
        152,
        559,
        730,
        332,
        135,
        342,
        52,
        474,
        375,
        206,
        563,
        428,
        729,
        50,
        109,
        307,
        708,
        137,
        604,
        133,
        533,
        362,
        685,
        668,
        523,
        269,
        670,
        259,
        156,
        512,
        273,
        278,
        148,
        358,
        459,
        479,
        331,
        336,
        424,
        392,
        341,
        736,
        296,
        614,
        450,
        583,
        549,
        721,
        719,
        38,
        675,
        238,
        92,
        520,
        548,
        178,
        437,
        7,
        513,
        702,
        396,
        554,
        313,
        165,
        476,
        27,
        141,
        574,
        240,
        163,
        610,
        220,
        572,
        394,
        580,
        267,
        339,
        435,
        453,
        161,
        558,
        119,
        104,
        367,
        705,
        539,
        166,
        640,
        274,
        634,
        234,
        139,
        114,
        386,
        129,
        360,
        447,
        532,
        64,
        703,
        236,
        116,
        452,
        300,
        379,
        484,
        418,
        422,
        320,
        427,
        222,
        507,
        607,
        688,
        41,
        289,
        22,
        32,
        393,
        288,
        631,
        333
    ],
    "Global Optimum": 0,
    "Algorithm": "Genetic algorithm",
    "Parameters": {
        "population": 30,
        "offspring": 30,
        "mutation probability": 0.0013333333333333333,
        "crossover probability": 0.9
    },
    "Fitness": 882522,
    "Solution": [
        612,
        43,
        463,
        724,
        263,
        143,
        177,
        571,
        98,
        458,
        501,
        351,
        692,
        213,
        330,
        486,
        645,
        293,
        8,
        404,
        686,
        680,
        555,
        735,
        737,
        456,
        71,
        608,
        78,
        551,
        55,
        621,
        584,
        5,
        561,
        209,
        679,
        232,
        101,
        732,
        219,
        579,
        210,
        321,
        498,
        552,
        164,
        603,
        10,
        31,
        107,
        106,
        6,
        65,
        299,
        466,
        713,
        99,
        387,
        462,
        86,
        186,
        237,
        665,
        570,
        108,
        1,
        576,
        448,
        48,
        656,
        519,
        381,
        69,
        617,
        669,
        290,
        286,
        728,
        693,
        531,
        79,
        153,
        717,
        111,
        508,
        36,
        528,
        271,
        596,
        475,
        245,
        301,
        47,
        464,
        560,
        283,
        334,
        144,
        343,
        509,
        254,
        371,
        357,
        275,
        88,
        399,
        384,
        388,
        499,
        578,
        251,
        35,
        194,
        195,
        279,
        136,
        638,
        262,
        373,
        543,
        58,
        591,
        347,
        684,
        0,
        11,
        431,
        270,
        187,
        598,
        72,
        650,
        406,
        673,
        740,
        594,
        600,
        710,
        124,
        174,
        363,
        636,
        167,
        540,
        103,
        102,
        131,
        376,
        745,
        538,
        723,
        382,
        566,
        346,
        122,
        491,
        738,
        70,
        268,
        629,
        701,
        9,
        472,
        298,
        541,
        441,
        183,
        170,
        471,
        590,
        90,
        348,
        34,
        419,
        74,
        500,
        741,
        546,
        455,
        378,
        652,
        641,
        537,
        179,
        440,
        16,
        562,
        243,
        169,
        4,
        68,
        556,
        97,
        2,
        203,
        125,
        215,
        264,
        15,
        202,
        637,
        317,
        711,
        663,
        442,
        157,
        160,
        671,
        312,
        690,
        249,
        130,
        577,
        633,
        715,
        409,
        45,
        446,
        294,
        658,
        557,
        653,
        748,
        718,
        365,
        417,
        521,
        51,
        56,
        593,
        192,
        707,
        527,
        316,
        377,
        689,
        547,
        485,
        667,
        80,
        413,
        182,
        30,
        676,
        83,
        405,
        93,
        66,
        706,
        60,
        503,
        585,
        586,
        492,
        302,
        700,
        81,
        567,
        190,
        326,
        277,
        553,
        315,
        613,
        628,
        744,
        370,
        230,
        261,
        327,
        188,
        121,
        691,
        674,
        193,
        197,
        94,
        625,
        21,
        524,
        281,
        534,
        454,
        241,
        89,
        181,
        191,
        654,
        726,
        467,
        61,
        149,
        516,
        207,
        212,
        642,
        352,
        309,
        649,
        49,
        105,
        449,
        390,
        100,
        383,
        248,
        599,
        465,
        172,
        216,
        635,
        134,
        489,
        461,
        714,
        335,
        138,
        698,
        644,
        587,
        597,
        395,
        408,
        350,
        444,
        198,
        647,
        292,
        59,
        201,
        605,
        526,
        118,
        733,
        687,
        391,
        221,
        142,
        25,
        457,
        23,
        147,
        18,
        54,
        127,
        568,
        439,
        497,
        252,
        253,
        592,
        601,
        297,
        722,
        250,
        661,
        536,
        329,
        227,
        643,
        96,
        199,
        511,
        565,
        226,
        664,
        284,
        291,
        734,
        46,
        483,
        696,
        699,
        622,
        659,
        606,
        460,
        426,
        229,
        323,
        573,
        470,
        295,
        712,
        544,
        398,
        356,
        727,
        276,
        677,
        496,
        695,
        76,
        304,
        582,
        228,
        611,
        436,
        171,
        211,
        303,
        482,
        451,
        672,
        233,
        19,
        337,
        414,
        434,
        624,
        416,
        272,
        162,
        646,
        231,
        37,
        655,
        564,
        681,
        13,
        615,
        731,
        609,
        115,
        366,
        17,
        515,
        545,
        3,
        522,
        657,
        42,
        349,
        504,
        400,
        518,
        239,
        204,
        82,
        214,
        420,
        623,
        487,
        423,
        128,
        217,
        630,
        525,
        380,
        401,
        415,
        589,
        308,
        410,
        112,
        369,
        305,
        223,
        145,
        743,
        353,
        77,
        412,
        314,
        389,
        158,
        185,
        632,
        325,
        189,
        709,
        385,
        173,
        280,
        322,
        469,
        176,
        535,
        639,
        749,
        282,
        619,
        374,
        140,
        716,
        432,
        493,
        648,
        397,
        285,
        12,
        146,
        678,
        620,
        697,
        495,
        429,
        345,
        575,
        510,
        120,
        359,
        225,
        151,
        651,
        85,
        110,
        244,
        473,
        627,
        747,
        683,
        184,
        257,
        117,
        255,
        168,
        247,
        75,
        57,
        354,
        445,
        126,
        20,
        310,
        505,
        44,
        62,
        150,
        63,
        53,
        494,
        529,
        682,
        666,
        14,
        478,
        338,
        616,
        407,
        746,
        514,
        595,
        265,
        175,
        40,
        266,
        235,
        411,
        242,
        704,
        180,
        159,
        205,
        694,
        488,
        33,
        433,
        29,
        113,
        530,
        287,
        208,
        344,
        87,
        403,
        246,
        742,
        569,
        95,
        517,
        720,
        626,
        328,
        311,
        260,
        91,
        67,
        618,
        368,
        502,
        196,
        319,
        306,
        542,
        155,
        443,
        200,
        73,
        324,
        84,
        402,
        506,
        425,
        361,
        660,
        132,
        662,
        581,
        26,
        481,
        24,
        477,
        490,
        318,
        372,
        725,
        28,
        438,
        602,
        224,
        355,
        39,
        340,
        430,
        468,
        588,
        364,
        480,
        123,
        218,
        421,
        154,
        550,
        258,
        739,
        256,
        152,
        559,
        730,
        332,
        135,
        342,
        52,
        474,
        375,
        206,
        563,
        428,
        729,
        50,
        109,
        307,
        708,
        137,
        604,
        133,
        533,
        362,
        685,
        668,
        523,
        269,
        670,
        259,
        156,
        512,
        273,
        278,
        148,
        358,
        459,
        479,
        331,
        336,
        424,
        392,
        341,
        736,
        296,
        614,
        450,
        583,
        549,
        721,
        719,
        38,
        675,
        238,
        92,
        520,
        548,
        178,
        437,
        7,
        513,
        702,
        396,
        554,
        313,
        165,
        476,
        27,
        141,
        574,
        240,
        163,
        610,
        220,
        572,
        394,
        580,
        267,
        339,
        435,
        453,
        161,
        558,
        119,
        104,
        367,
        705,
        539,
        166,
        640,
        274,
        634,
        234,
        139,
        114,
        386,
        129,
        360,
        447,
        532,
        64,
        703,
        236,
        116,
        452,
        300,
        379,
        484,
        418,
        422,
        320,
        427,
        222,
        507,
        607,
        688,
        41,
        289,
        22,
        32,
        393,
        288,
        631,
        333
    ],
    "Nb of functions evaluations": 400020,
    "Computational time in seconds": 3259.730193376541,
    "Stopping criterion in evaluations": 400000
}