15° run output:
{
    "Function": "kroB750.tsp",
    "Problem dimension": [
        714,
        147,
        335,
        416,
        746,
        116,
        680,
        336,
        362,
        604,
        657,
        723,
        121,
        64,
        53,
        455,
        62,
        696,
        428,
        232,
        611,
        443,
        154,
        79,
        7,
        397,
        59,
        446,
        311,
        41,
        507,
        426,
        596,
        225,
        248,
        634,
        483,
        628,
        631,
        237,
        665,
        512,
        252,
        292,
        563,
        194,
        333,
        242,
        47,
        445,
        621,
        703,
        559,
        364,
        353,
        367,
        91,
        510,
        40,
        577,
        190,
        337,
        564,
        211,
        516,
        9,
        515,
        126,
        137,
        209,
        17,
        566,
        412,
        669,
        500,
        676,
        274,
        267,
        726,
        280,
        83,
        645,
        174,
        656,
        530,
        458,
        195,
        432,
        497,
        184,
        430,
        185,
        450,
        302,
        573,
        298,
        690,
        344,
        747,
        545,
        55,
        423,
        480,
        706,
        712,
        598,
        389,
        685,
        196,
        18,
        568,
        420,
        403,
        149,
        308,
        66,
        84,
        686,
        290,
        728,
        664,
        671,
        346,
        28,
        269,
        65,
        27,
        414,
        99,
        600,
        730,
        187,
        253,
        254,
        372,
        48,
        649,
        719,
        687,
        49,
        658,
        271,
        473,
        463,
        161,
        536,
        498,
        34,
        413,
        117,
        114,
        138,
        251,
        151,
        368,
        255,
        708,
        569,
        734,
        738,
        543,
        208,
        617,
        648,
        464,
        118,
        218,
        309,
        434,
        305,
        683,
        14,
        732,
        23,
        80,
        588,
        189,
        105,
        593,
        586,
        332,
        70,
        94,
        125,
        42,
        615,
        171,
        405,
        294,
        356,
        343,
        192,
        614,
        230,
        694,
        3,
        698,
        477,
        173,
        223,
        12,
        731,
        341,
        727,
        609,
        411,
        517,
        44,
        744,
        484,
        607,
        315,
        620,
        38,
        170,
        717,
        582,
        296,
        626,
        565,
        581,
        542,
        87,
        203,
        124,
        370,
        205,
        508,
        82,
        220,
        465,
        361,
        111,
        63,
        395,
        521,
        444,
        304,
        52,
        135,
        357,
        639,
        234,
        136,
        43,
        261,
        384,
        721,
        199,
        385,
        682,
        259,
        398,
        724,
        462,
        8,
        514,
        235,
        509,
        402,
        128,
        492,
        688,
        481,
        382,
        217,
        748,
        646,
        494,
        191,
        749,
        466,
        180,
        650,
        637,
        5,
        293,
        158,
        710,
        495,
        365,
        456,
        282,
        39,
        603,
        501,
        469,
        257,
        182,
        392,
        85,
        601,
        145,
        387,
        278,
        77,
        32,
        119,
        288,
        130,
        175,
        438,
        651,
        625,
        13,
        396,
        50,
        215,
        338,
        722,
        404,
        489,
        102,
        435,
        546,
        452,
        681,
        490,
        123,
        419,
        303,
        442,
        228,
        700,
        11,
        504,
        487,
        529,
        188,
        556,
        630,
        328,
        239,
        599,
        376,
        1,
        590,
        268,
        449,
        207,
        394,
        436,
        144,
        439,
        238,
        741,
        576,
        584,
        583,
        647,
        33,
        673,
        386,
        46,
        165,
        179,
        552,
        532,
        29,
        150,
        300,
        618,
        72,
        141,
        580,
        155,
        537,
        19,
        186,
        153,
        306,
        20,
        589,
        503,
        470,
        539,
        528,
        183,
        329,
        740,
        197,
        193,
        427,
        662,
        578,
        453,
        231,
        318,
        606,
        37,
        574,
        383,
        478,
        587,
        641,
        354,
        342,
        201,
        167,
        163,
        399,
        113,
        181,
        642,
        120,
        279,
        612,
        506,
        143,
        390,
        538,
        200,
        652,
        555,
        131,
        406,
        729,
        718,
        461,
        643,
        522,
        541,
        692,
        96,
        454,
        246,
        312,
        60,
        249,
        697,
        511,
        655,
        310,
        437,
        76,
        347,
        415,
        21,
        321,
        226,
        108,
        702,
        176,
        549,
        667,
        594,
        109,
        93,
        210,
        273,
        240,
        51,
        678,
        297,
        485,
        213,
        243,
        595,
        486,
        431,
        322,
        707,
        245,
        258,
        164,
        616,
        139,
        654,
        540,
        132,
        672,
        547,
        689,
        363,
        157,
        89,
        560,
        229,
        340,
        551,
        95,
        534,
        133,
        613,
        526,
        263,
        745,
        421,
        36,
        457,
        168,
        533,
        743,
        31,
        424,
        88,
        25,
        496,
        524,
        202,
        371,
        73,
        256,
        67,
        391,
        418,
        520,
        713,
        350,
        513,
        557,
        471,
        351,
        339,
        493,
        54,
        286,
        349,
        56,
        276,
        330,
        638,
        283,
        451,
        527,
        375,
        562,
        629,
        679,
        107,
        348,
        482,
        476,
        272,
        4,
        433,
        677,
        110,
        407,
        35,
        733,
        262,
        699,
        265,
        115,
        553,
        313,
        358,
        345,
        122,
        244,
        162,
        307,
        701,
        81,
        380,
        317,
        597,
        605,
        266,
        544,
        695,
        572,
        314,
        323,
        45,
        715,
        448,
        440,
        319,
        739,
        61,
        735,
        148,
        224,
        725,
        222,
        227,
        100,
        472,
        327,
        518,
        172,
        360,
        198,
        409,
        106,
        720,
        670,
        505,
        417,
        212,
        567,
        177,
        301,
        355,
        488,
        622,
        74,
        6,
        447,
        468,
        640,
        97,
        491,
        624,
        241,
        334,
        554,
        15,
        320,
        535,
        474,
        619,
        287,
        548,
        233,
        711,
        10,
        591,
        475,
        146,
        575,
        550,
        661,
        684,
        663,
        675,
        579,
        400,
        75,
        374,
        742,
        284,
        633,
        26,
        58,
        636,
        129,
        326,
        86,
        69,
        316,
        166,
        623,
        22,
        24,
        214,
        127,
        377,
        425,
        635,
        373,
        558,
        602,
        644,
        101,
        0,
        523,
        704,
        247,
        379,
        393,
        531,
        270,
        359,
        691,
        668,
        221,
        142,
        525,
        736,
        499,
        693,
        250,
        441,
        666,
        160,
        295,
        388,
        178,
        169,
        281,
        378,
        98,
        592,
        519,
        277,
        422,
        570,
        561,
        709,
        460,
        204,
        408,
        381,
        608,
        299,
        429,
        479,
        30,
        219,
        103,
        366,
        159,
        152,
        104,
        134,
        331,
        264,
        140,
        716,
        236,
        610,
        275,
        92,
        369,
        16,
        260,
        206,
        291,
        352,
        90,
        502,
        2,
        325,
        737,
        78,
        289,
        285,
        57,
        112,
        705,
        68,
        571,
        674,
        216,
        401,
        660,
        653,
        410,
        71,
        467,
        632,
        627,
        659,
        156,
        459,
        585,
        324
    ],
    "Global Optimum": 0,
    "Algorithm": "Genetic algorithm",
    "Parameters": {
        "population": 30,
        "offspring": 30,
        "mutation probability": 0.0013333333333333333,
        "crossover probability": 0.9
    },
    "Fitness": 887296,
    "Solution": [
        714,
        147,
        335,
        416,
        746,
        116,
        680,
        336,
        362,
        604,
        657,
        723,
        121,
        64,
        53,
        455,
        62,
        696,
        428,
        232,
        611,
        443,
        154,
        79,
        7,
        397,
        59,
        446,
        311,
        41,
        507,
        426,
        596,
        225,
        248,
        634,
        483,
        628,
        631,
        237,
        665,
        512,
        252,
        292,
        563,
        194,
        333,
        242,
        47,
        445,
        621,
        703,
        559,
        364,
        353,
        367,
        91,
        510,
        40,
        577,
        190,
        337,
        564,
        211,
        516,
        9,
        515,
        126,
        137,
        209,
        17,
        566,
        412,
        669,
        500,
        676,
        274,
        267,
        726,
        280,
        83,
        645,
        174,
        656,
        530,
        458,
        195,
        432,
        497,
        184,
        430,
        185,
        450,
        302,
        573,
        298,
        690,
        344,
        747,
        545,
        55,
        423,
        480,
        706,
        712,
        598,
        389,
        685,
        196,
        18,
        568,
        420,
        403,
        149,
        308,
        66,
        84,
        686,
        290,
        728,
        664,
        671,
        346,
        28,
        269,
        65,
        27,
        414,
        99,
        600,
        730,
        187,
        253,
        254,
        372,
        48,
        649,
        719,
        687,
        49,
        658,
        271,
        473,
        463,
        161,
        536,
        498,
        34,
        413,
        117,
        114,
        138,
        251,
        151,
        368,
        255,
        708,
        569,
        734,
        738,
        543,
        208,
        617,
        648,
        464,
        118,
        218,
        309,
        434,
        305,
        683,
        14,
        732,
        23,
        80,
        588,
        189,
        105,
        593,
        586,
        332,
        70,
        94,
        125,
        42,
        615,
        171,
        405,
        294,
        356,
        343,
        192,
        614,
        230,
        694,
        3,
        698,
        477,
        173,
        223,
        12,
        731,
        341,
        727,
        609,
        411,
        517,
        44,
        744,
        484,
        607,
        315,
        620,
        38,
        170,
        717,
        582,
        296,
        626,
        565,
        581,
        542,
        87,
        203,
        124,
        370,
        205,
        508,
        82,
        220,
        465,
        361,
        111,
        63,
        395,
        521,
        444,
        304,
        52,
        135,
        357,
        639,
        234,
        136,
        43,
        261,
        384,
        721,
        199,
        385,
        682,
        259,
        398,
        724,
        462,
        8,
        514,
        235,
        509,
        402,
        128,
        492,
        688,
        481,
        382,
        217,
        748,
        646,
        494,
        191,
        749,
        466,
        180,
        650,
        637,
        5,
        293,
        158,
        710,
        495,
        365,
        456,
        282,
        39,
        603,
        501,
        469,
        257,
        182,
        392,
        85,
        601,
        145,
        387,
        278,
        77,
        32,
        119,
        288,
        130,
        175,
        438,
        651,
        625,
        13,
        396,
        50,
        215,
        338,
        722,
        404,
        489,
        102,
        435,
        546,
        452,
        681,
        490,
        123,
        419,
        303,
        442,
        228,
        700,
        11,
        504,
        487,
        529,
        188,
        556,
        630,
        328,
        239,
        599,
        376,
        1,
        590,
        268,
        449,
        207,
        394,
        436,
        144,
        439,
        238,
        741,
        576,
        584,
        583,
        647,
        33,
        673,
        386,
        46,
        165,
        179,
        552,
        532,
        29,
        150,
        300,
        618,
        72,
        141,
        580,
        155,
        537,
        19,
        186,
        153,
        306,
        20,
        589,
        503,
        470,
        539,
        528,
        183,
        329,
        740,
        197,
        193,
        427,
        662,
        578,
        453,
        231,
        318,
        606,
        37,
        574,
        383,
        478,
        587,
        641,
        354,
        342,
        201,
        167,
        163,
        399,
        113,
        181,
        642,
        120,
        279,
        612,
        506,
        143,
        390,
        538,
        200,
        652,
        555,
        131,
        406,
        729,
        718,
        461,
        643,
        522,
        541,
        692,
        96,
        454,
        246,
        312,
        60,
        249,
        697,
        511,
        655,
        310,
        437,
        76,
        347,
        415,
        21,
        321,
        226,
        108,
        702,
        176,
        549,
        667,
        594,
        109,
        93,
        210,
        273,
        240,
        51,
        678,
        297,
        485,
        213,
        243,
        595,
        486,
        431,
        322,
        707,
        245,
        258,
        164,
        616,
        139,
        654,
        540,
        132,
        672,
        547,
        689,
        363,
        157,
        89,
        560,
        229,
        340,
        551,
        95,
        534,
        133,
        613,
        526,
        263,
        745,
        421,
        36,
        457,
        168,
        533,
        743,
        31,
        424,
        88,
        25,
        496,
        524,
        202,
        371,
        73,
        256,
        67,
        391,
        418,
        520,
        713,
        350,
        513,
        557,
        471,
        351,
        339,
        493,
        54,
        286,
        349,
        56,
        276,
        330,
        638,
        283,
        451,
        527,
        375,
        562,
        629,
        679,
        107,
        348,
        482,
        476,
        272,
        4,
        433,
        677,
        110,
        407,
        35,
        733,
        262,
        699,
        265,
        115,
        553,
        313,
        358,
        345,
        122,
        244,
        162,
        307,
        701,
        81,
        380,
        317,
        597,
        605,
        266,
        544,
        695,
        572,
        314,
        323,
        45,
        715,
        448,
        440,
        319,
        739,
        61,
        735,
        148,
        224,
        725,
        222,
        227,
        100,
        472,
        327,
        518,
        172,
        360,
        198,
        409,
        106,
        720,
        670,
        505,
        417,
        212,
        567,
        177,
        301,
        355,
        488,
        622,
        74,
        6,
        447,
        468,
        640,
        97,
        491,
        624,
        241,
        334,
        554,
        15,
        320,
        535,
        474,
        619,
        287,
        548,
        233,
        711,
        10,
        591,
        475,
        146,
        575,
        550,
        661,
        684,
        663,
        675,
        579,
        400,
        75,
        374,
        742,
        284,
        633,
        26,
        58,
        636,
        129,
        326,
        86,
        69,
        316,
        166,
        623,
        22,
        24,
        214,
        127,
        377,
        425,
        635,
        373,
        558,
        602,
        644,
        101,
        0,
        523,
        704,
        247,
        379,
        393,
        531,
        270,
        359,
        691,
        668,
        221,
        142,
        525,
        736,
        499,
        693,
        250,
        441,
        666,
        160,
        295,
        388,
        178,
        169,
        281,
        378,
        98,
        592,
        519,
        277,
        422,
        570,
        561,
        709,
        460,
        204,
        408,
        381,
        608,
        299,
        429,
        479,
        30,
        219,
        103,
        366,
        159,
        152,
        104,
        134,
        331,
        264,
        140,
        716,
        236,
        610,
        275,
        92,
        369,
        16,
        260,
        206,
        291,
        352,
        90,
        502,
        2,
        325,
        737,
        78,
        289,
        285,
        57,
        112,
        705,
        68,
        571,
        674,
        216,
        401,
        660,
        653,
        410,
        71,
        467,
        632,
        627,
        659,
        156,
        459,
        585,
        324
    ],
    "Nb of functions evaluations": 400020,
    "Computational time in seconds": 3186.589615345001,
    "Stopping criterion in evaluations": 400000
}