30° run output:
{
    "Function": "kroB750.tsp",
    "Problem dimension": [
        517,
        93,
        221,
        388,
        560,
        668,
        170,
        168,
        284,
        561,
        199,
        293,
        352,
        640,
        30,
        234,
        742,
        360,
        470,
        568,
        570,
        198,
        294,
        475,
        310,
        460,
        552,
        628,
        58,
        393,
        97,
        279,
        655,
        486,
        712,
        28,
        489,
        441,
        95,
        43,
        593,
        423,
        370,
        324,
        121,
        283,
        678,
        219,
        119,
        307,
        567,
        73,
        31,
        720,
        101,
        12,
        660,
        695,
        639,
        724,
        292,
        136,
        562,
        671,
        89,
        719,
        183,
        592,
        693,
        621,
        551,
        504,
        255,
        247,
        673,
        518,
        122,
        272,
        276,
        545,
        619,
        387,
        741,
        34,
        485,
        336,
        651,
        513,
        713,
        484,
        663,
        732,
        717,
        574,
        282,
        277,
        29,
        442,
        112,
        714,
        88,
        688,
        182,
        285,
        507,
        103,
        109,
        120,
        205,
        274,
        44,
        729,
        268,
        707,
        680,
        497,
        173,
        145,
        479,
        555,
        722,
        251,
        409,
        389,
        541,
        27,
        197,
        494,
        315,
        21,
        308,
        733,
        726,
        602,
        132,
        715,
        141,
        689,
        139,
        321,
        543,
        472,
        350,
        151,
        188,
        685,
        575,
        633,
        658,
        339,
        636,
        433,
        189,
        209,
        410,
        78,
        368,
        573,
        480,
        108,
        123,
        4,
        214,
        15,
        702,
        664,
        711,
        617,
        314,
        166,
        631,
        674,
        469,
        656,
        210,
        351,
        0,
        383,
        471,
        257,
        57,
        172,
        553,
        238,
        576,
        250,
        6,
        281,
        9,
        606,
        148,
        416,
        369,
        398,
        687,
        464,
        54,
        704,
        662,
        59,
        493,
        744,
        624,
        589,
        645,
        228,
        539,
        559,
        404,
        147,
        320,
        511,
        584,
        331,
        701,
        81,
        232,
        317,
        267,
        117,
        124,
        546,
        634,
        85,
        337,
        309,
        20,
        367,
        739,
        49,
        318,
        578,
        252,
        340,
        313,
        488,
        150,
        490,
        531,
        211,
        218,
        512,
        92,
        354,
        153,
        249,
        77,
        343,
        516,
        690,
        378,
        426,
        638,
        41,
        110,
        334,
        608,
        716,
        399,
        175,
        577,
        563,
        450,
        162,
        187,
        278,
        248,
        186,
        682,
        202,
        190,
        476,
        156,
        361,
        437,
        607,
        665,
        11,
        627,
        421,
        10,
        165,
        25,
        266,
        705,
        212,
        508,
        686,
        45,
        440,
        160,
        365,
        534,
        149,
        224,
        643,
        676,
        626,
        353,
        372,
        52,
        217,
        746,
        79,
        669,
        429,
        126,
        287,
        208,
        51,
        100,
        13,
        456,
        35,
        694,
        385,
        226,
        397,
        220,
        580,
        5,
        736,
        222,
        80,
        133,
        649,
        143,
        176,
        381,
        68,
        116,
        549,
        47,
        63,
        492,
        684,
        557,
        84,
        400,
        377,
        26,
        509,
        738,
        379,
        641,
        91,
        436,
        612,
        18,
        579,
        666,
        338,
        734,
        502,
        127,
        3,
        106,
        94,
        455,
        526,
        609,
        261,
        192,
        434,
        295,
        730,
        411,
        40,
        718,
        191,
        326,
        358,
        169,
        743,
        144,
        675,
        328,
        75,
        547,
        611,
        642,
        647,
        70,
        721,
        587,
        477,
        155,
        118,
        184,
        495,
        200,
        503,
        362,
        523,
        24,
        697,
        691,
        258,
        260,
        23,
        672,
        424,
        706,
        483,
        62,
        240,
        748,
        449,
        98,
        723,
        625,
        380,
        161,
        254,
        376,
        207,
        8,
        482,
        487,
        246,
        524,
        167,
        288,
        600,
        273,
        341,
        53,
        236,
        728,
        46,
        356,
        129,
        747,
        390,
        83,
        468,
        96,
        275,
        290,
        703,
        603,
        196,
        237,
        229,
        623,
        194,
        615,
        22,
        262,
        667,
        413,
        364,
        530,
        447,
        36,
        164,
        322,
        452,
        632,
        735,
        453,
        69,
        491,
        659,
        299,
        590,
        406,
        618,
        745,
        620,
        303,
        588,
        554,
        533,
        298,
        566,
        86,
        174,
        355,
        223,
        431,
        443,
        201,
        583,
        653,
        548,
        359,
        371,
        622,
        363,
        419,
        333,
        446,
        417,
        506,
        32,
        366,
        146,
        412,
        637,
        749,
        614,
        159,
        55,
        178,
        33,
        394,
        42,
        245,
        270,
        635,
        616,
        289,
        181,
        19,
        348,
        585,
        650,
        180,
        458,
        521,
        558,
        594,
        67,
        7,
        422,
        269,
        677,
        556,
        374,
        595,
        263,
        373,
        644,
        536,
        137,
        448,
        408,
        466,
        76,
        572,
        535,
        501,
        345,
        683,
        329,
        38,
        564,
        193,
        239,
        505,
        301,
        50,
        565,
        61,
        425,
        152,
        335,
        418,
        519,
        657,
        427,
        140,
        65,
        66,
        599,
        457,
        244,
        323,
        401,
        1,
        698,
        699,
        115,
        138,
        396,
        158,
        613,
        454,
        522,
        700,
        113,
        349,
        39,
        500,
        64,
        445,
        696,
        520,
        213,
        384,
        265,
        529,
        332,
        375,
        2,
        646,
        157,
        499,
        542,
        708,
        48,
        415,
        242,
        430,
        544,
        604,
        405,
        241,
        740,
        177,
        391,
        596,
        395,
        514,
        225,
        709,
        105,
        540,
        235,
        681,
        481,
        135,
        259,
        459,
        386,
        569,
        125,
        233,
        204,
        243,
        111,
        203,
        629,
        311,
        461,
        710,
        586,
        462,
        571,
        403,
        154,
        87,
        465,
        107,
        550,
        134,
        82,
        420,
        630,
        304,
        402,
        71,
        661,
        296,
        679,
        185,
        227,
        581,
        428,
        231,
        474,
        90,
        737,
        37,
        74,
        99,
        438,
        498,
        439,
        291,
        195,
        654,
        286,
        382,
        14,
        56,
        17,
        280,
        114,
        528,
        344,
        527,
        302,
        206,
        601,
        346,
        325,
        652,
        725,
        496,
        347,
        692,
        216,
        102,
        256,
        330,
        435,
        473,
        537,
        312,
        538,
        319,
        342,
        357,
        591,
        414,
        72,
        131,
        297,
        407,
        230,
        731,
        597,
        142,
        510,
        215,
        463,
        104,
        648,
        610,
        163,
        130,
        451,
        327,
        253,
        598,
        515,
        316,
        392,
        306,
        478,
        582,
        444,
        16,
        264,
        525,
        532,
        128,
        271,
        171,
        60,
        305,
        179,
        670,
        467,
        727,
        605,
        300,
        432
    ],
    "Global Optimum": 0,
    "Algorithm": "Genetic algorithm",
    "Parameters": {
        "population": 30,
        "offspring": 30,
        "mutation probability": 0.0013333333333333333,
        "crossover probability": 0.9
    },
    "Fitness": 882215,
    "Solution": [
        517,
        93,
        221,
        388,
        560,
        668,
        170,
        168,
        284,
        561,
        199,
        293,
        352,
        640,
        30,
        234,
        742,
        360,
        470,
        568,
        570,
        198,
        294,
        475,
        310,
        460,
        552,
        628,
        58,
        393,
        97,
        279,
        655,
        486,
        712,
        28,
        489,
        441,
        95,
        43,
        593,
        423,
        370,
        324,
        121,
        283,
        678,
        219,
        119,
        307,
        567,
        73,
        31,
        720,
        101,
        12,
        660,
        695,
        639,
        724,
        292,
        136,
        562,
        671,
        89,
        719,
        183,
        592,
        693,
        621,
        551,
        504,
        255,
        247,
        673,
        518,
        122,
        272,
        276,
        545,
        619,
        387,
        741,
        34,
        485,
        336,
        651,
        513,
        713,
        484,
        663,
        732,
        717,
        574,
        282,
        277,
        29,
        442,
        112,
        714,
        88,
        688,
        182,
        285,
        507,
        103,
        109,
        120,
        205,
        274,
        44,
        729,
        268,
        707,
        680,
        497,
        173,
        145,
        479,
        555,
        722,
        251,
        409,
        389,
        541,
        27,
        197,
        494,
        315,
        21,
        308,
        733,
        726,
        602,
        132,
        715,
        141,
        689,
        139,
        321,
        543,
        472,
        350,
        151,
        188,
        685,
        575,
        633,
        658,
        339,
        636,
        433,
        189,
        209,
        410,
        78,
        368,
        573,
        480,
        108,
        123,
        4,
        214,
        15,
        702,
        664,
        711,
        617,
        314,
        166,
        631,
        674,
        469,
        656,
        210,
        351,
        0,
        383,
        471,
        257,
        57,
        172,
        553,
        238,
        576,
        250,
        6,
        281,
        9,
        606,
        148,
        416,
        369,
        398,
        687,
        464,
        54,
        704,
        662,
        59,
        493,
        744,
        624,
        589,
        645,
        228,
        539,
        559,
        404,
        147,
        320,
        511,
        584,
        331,
        701,
        81,
        232,
        317,
        267,
        117,
        124,
        546,
        634,
        85,
        337,
        309,
        20,
        367,
        739,
        49,
        318,
        578,
        252,
        340,
        313,
        488,
        150,
        490,
        531,
        211,
        218,
        512,
        92,
        354,
        153,
        249,
        77,
        343,
        516,
        690,
        378,
        426,
        638,
        41,
        110,
        334,
        608,
        716,
        399,
        175,
        577,
        563,
        450,
        162,
        187,
        278,
        248,
        186,
        682,
        202,
        190,
        476,
        156,
        361,
        437,
        607,
        665,
        11,
        627,
        421,
        10,
        165,
        25,
        266,
        705,
        212,
        508,
        686,
        45,
        440,
        160,
        365,
        534,
        149,
        224,
        643,
        676,
        626,
        353,
        372,
        52,
        217,
        746,
        79,
        669,
        429,
        126,
        287,
        208,
        51,
        100,
        13,
        456,
        35,
        694,
        385,
        226,
        397,
        220,
        580,
        5,
        736,
        222,
        80,
        133,
        649,
        143,
        176,
        381,
        68,
        116,
        549,
        47,
        63,
        492,
        684,
        557,
        84,
        400,
        377,
        26,
        509,
        738,
        379,
        641,
        91,
        436,
        612,
        18,
        579,
        666,
        338,
        734,
        502,
        127,
        3,
        106,
        94,
        455,
        526,
        609,
        261,
        192,
        434,
        295,
        730,
        411,
        40,
        718,
        191,
        326,
        358,
        169,
        743,
        144,
        675,
        328,
        75,
        547,
        611,
        642,
        647,
        70,
        721,
        587,
        477,
        155,
        118,
        184,
        495,
        200,
        503,
        362,
        523,
        24,
        697,
        691,
        258,
        260,
        23,
        672,
        424,
        706,
        483,
        62,
        240,
        748,
        449,
        98,
        723,
        625,
        380,
        161,
        254,
        376,
        207,
        8,
        482,
        487,
        246,
        524,
        167,
        288,
        600,
        273,
        341,
        53,
        236,
        728,
        46,
        356,
        129,
        747,
        390,
        83,
        468,
        96,
        275,
        290,
        703,
        603,
        196,
        237,
        229,
        623,
        194,
        615,
        22,
        262,
        667,
        413,
        364,
        530,
        447,
        36,
        164,
        322,
        452,
        632,
        735,
        453,
        69,
        491,
        659,
        299,
        590,
        406,
        618,
        745,
        620,
        303,
        588,
        554,
        533,
        298,
        566,
        86,
        174,
        355,
        223,
        431,
        443,
        201,
        583,
        653,
        548,
        359,
        371,
        622,
        363,
        419,
        333,
        446,
        417,
        506,
        32,
        366,
        146,
        412,
        637,
        749,
        614,
        159,
        55,
        178,
        33,
        394,
        42,
        245,
        270,
        635,
        616,
        289,
        181,
        19,
        348,
        585,
        650,
        180,
        458,
        521,
        558,
        594,
        67,
        7,
        422,
        269,
        677,
        556,
        374,
        595,
        263,
        373,
        644,
        536,
        137,
        448,
        408,
        466,
        76,
        572,
        535,
        501,
        345,
        683,
        329,
        38,
        564,
        193,
        239,
        505,
        301,
        50,
        565,
        61,
        425,
        152,
        335,
        418,
        519,
        657,
        427,
        140,
        65,
        66,
        599,
        457,
        244,
        323,
        401,
        1,
        698,
        699,
        115,
        138,
        396,
        158,
        613,
        454,
        522,
        700,
        113,
        349,
        39,
        500,
        64,
        445,
        696,
        520,
        213,
        384,
        265,
        529,
        332,
        375,
        2,
        646,
        157,
        499,
        542,
        708,
        48,
        415,
        242,
        430,
        544,
        604,
        405,
        241,
        740,
        177,
        391,
        596,
        395,
        514,
        225,
        709,
        105,
        540,
        235,
        681,
        481,
        135,
        259,
        459,
        386,
        569,
        125,
        233,
        204,
        243,
        111,
        203,
        629,
        311,
        461,
        710,
        586,
        462,
        571,
        403,
        154,
        87,
        465,
        107,
        550,
        134,
        82,
        420,
        630,
        304,
        402,
        71,
        661,
        296,
        679,
        185,
        227,
        581,
        428,
        231,
        474,
        90,
        737,
        37,
        74,
        99,
        438,
        498,
        439,
        291,
        195,
        654,
        286,
        382,
        14,
        56,
        17,
        280,
        114,
        528,
        344,
        527,
        302,
        206,
        601,
        346,
        325,
        652,
        725,
        496,
        347,
        692,
        216,
        102,
        256,
        330,
        435,
        473,
        537,
        312,
        538,
        319,
        342,
        357,
        591,
        414,
        72,
        131,
        297,
        407,
        230,
        731,
        597,
        142,
        510,
        215,
        463,
        104,
        648,
        610,
        163,
        130,
        451,
        327,
        253,
        598,
        515,
        316,
        392,
        306,
        478,
        582,
        444,
        16,
        264,
        525,
        532,
        128,
        271,
        171,
        60,
        305,
        179,
        670,
        467,
        727,
        605,
        300,
        432
    ],
    "Nb of functions evaluations": 400020,
    "Computational time in seconds": 3181.390318632126,
    "Stopping criterion in evaluations": 400000
}