22° run output:
{
    "Function": "kroA1000.tsp",
    "Problem dimension": [
        884,
        940,
        519,
        9,
        890,
        807,
        448,
        696,
        903,
        599,
        713,
        912,
        778,
        357,
        883,
        881,
        151,
        796,
        219,
        342,
        932,
        867,
        62,
        806,
        436,
        795,
        364,
        969,
        124,
        290,
        195,
        998,
        894,
        404,
        662,
        835,
        822,
        591,
        830,
        907,
        590,
        727,
        967,
        602,
        874,
        819,
        744,
        908,
        11,
        314,
        544,
        719,
        634,
        105,
        758,
        646,
        910,
        146,
        434,
        362,
        460,
        850,
        739,
        589,
        904,
        717,
        626,
        861,
        22,
        779,
        317,
        439,
        875,
        697,
        780,
        68,
        30,
        50,
        273,
        225,
        622,
        308,
        373,
        613,
        952,
        917,
        928,
        572,
        370,
        104,
        118,
        43,
        583,
        120,
        319,
        420,
        189,
        10,
        378,
        140,
        196,
        173,
        584,
        340,
        838,
        498,
        330,
        102,
        274,
        471,
        548,
        947,
        803,
        87,
        857,
        127,
        258,
        555,
        538,
        843,
        849,
        891,
        381,
        985,
        75,
        358,
        824,
        249,
        811,
        557,
        658,
        190,
        14,
        186,
        734,
        213,
        200,
        855,
        55,
        829,
        94,
        390,
        671,
        608,
        576,
        98,
        375,
        920,
        568,
        916,
        679,
        582,
        980,
        585,
        90,
        650,
        938,
        333,
        511,
        785,
        267,
        16,
        815,
        403,
        508,
        533,
        930,
        510,
        700,
        117,
        831,
        561,
        567,
        35,
        607,
        760,
        738,
        224,
        706,
        542,
        7,
        419,
        199,
        833,
        558,
        12,
        759,
        573,
        144,
        636,
        29,
        507,
        547,
        139,
        356,
        915,
        549,
        709,
        226,
        847,
        791,
        399,
        54,
        19,
        987,
        391,
        363,
        398,
        33,
        483,
        217,
        645,
        251,
        188,
        604,
        17,
        942,
        176,
        750,
        993,
        871,
        266,
        204,
        411,
        997,
        275,
        502,
        328,
        609,
        743,
        614,
        51,
        86,
        783,
        464,
        488,
        297,
        595,
        665,
        82,
        153,
        281,
        527,
        201,
        147,
        820,
        625,
        159,
        316,
        8,
        494,
        445,
        745,
        52,
        844,
        663,
        241,
        919,
        457,
        579,
        143,
        600,
        192,
        286,
        384,
        810,
        175,
        172,
        85,
        694,
        417,
        707,
        182,
        781,
        731,
        594,
        100,
        185,
        397,
        451,
        310,
        777,
        232,
        28,
        478,
        352,
        81,
        395,
        279,
        141,
        428,
        587,
        794,
        73,
        991,
        214,
        283,
        244,
        551,
        698,
        660,
        24,
        858,
        248,
        676,
        685,
        374,
        751,
        487,
        690,
        580,
        958,
        638,
        656,
        859,
        878,
        684,
        936,
        921,
        250,
        887,
        459,
        256,
        239,
        165,
        481,
        112,
        784,
        95,
        518,
        387,
        194,
        973,
        715,
        554,
        348,
        957,
        380,
        78,
        630,
        326,
        741,
        41,
        369,
        677,
        263,
        631,
        71,
        154,
        990,
        49,
        295,
        341,
        285,
        240,
        252,
        939,
        618,
        816,
        793,
        926,
        532,
        681,
        268,
        238,
        350,
        293,
        269,
        413,
        296,
        913,
        13,
        531,
        45,
        122,
        899,
        504,
        221,
        32,
        40,
        852,
        578,
        298,
        2,
        500,
        132,
        840,
        652,
        107,
        949,
        812,
        766,
        116,
        110,
        543,
        592,
        184,
        827,
        431,
        534,
        458,
        89,
        902,
        246,
        3,
        220,
        456,
        964,
        787,
        467,
        737,
        101,
        929,
        402,
        197,
        123,
        400,
        749,
        433,
        351,
        718,
        640,
        615,
        953,
        438,
        506,
        661,
        574,
        133,
        484,
        628,
        674,
        562,
        418,
        724,
        954,
        174,
        272,
        353,
        586,
        792,
        109,
        866,
        322,
        605,
        617,
        447,
        725,
        905,
        982,
        712,
        571,
        423,
        444,
        726,
        934,
        47,
        869,
        512,
        345,
        944,
        597,
        74,
        412,
        234,
        0,
        970,
        183,
        989,
        130,
        514,
        470,
        138,
        276,
        742,
        495,
        207,
        422,
        335,
        329,
        716,
        91,
        805,
        208,
        962,
        667,
        945,
        603,
        157,
        821,
        111,
        261,
        901,
        714,
        61,
        986,
        666,
        756,
        125,
        446,
        610,
        114,
        999,
        680,
        517,
        771,
        888,
        735,
        262,
        497,
        25,
        673,
        516,
        463,
        473,
        983,
        202,
        876,
        701,
        832,
        385,
        163,
        401,
        814,
        490,
        774,
        767,
        845,
        20,
        233,
        503,
        776,
        521,
        769,
        407,
        305,
        637,
        959,
        971,
        570,
        368,
        525,
        211,
        761,
        119,
        408,
        307,
        598,
        669,
        452,
        475,
        476,
        872,
        880,
        689,
        873,
        708,
        633,
        37,
        729,
        786,
        621,
        842,
        155,
        277,
        868,
        856,
        877,
        772,
        828,
        371,
        925,
        651,
        559,
        834,
        472,
        284,
        927,
        770,
        564,
        60,
        552,
        344,
        393,
        257,
        839,
        642,
        254,
        360,
        808,
        818,
        303,
        136,
        747,
        601,
        131,
        72,
        710,
        227,
        313,
        693,
        889,
        206,
        442,
        647,
        336,
        396,
        59,
        332,
        354,
        365,
        388,
        994,
        229,
        882,
        629,
        209,
        975,
        231,
        541,
        178,
        692,
        764,
        670,
        299,
        429,
        509,
        265,
        4,
        435,
        960,
        485,
        410,
        320,
        315,
        103,
        300,
        757,
        48,
        1,
        366,
        581,
        160,
        937,
        851,
        752,
        702,
        38,
        5,
        76,
        648,
        271,
        687,
        765,
        768,
        235,
        46,
        291,
        162,
        909,
        405,
        421,
        515,
        699,
        826,
        897,
        837,
        836,
        499,
        383,
        321,
        513,
        740,
        331,
        635,
        644,
        96,
        683,
        536,
        389,
        97,
        879,
        63,
        259,
        893,
        99,
        593,
        654,
        440,
        264,
        672,
        746,
        948,
        453,
        900,
        415,
        863,
        416,
        67,
        392,
        526,
        730,
        203,
        748,
        537,
        492,
        216,
        632,
        704,
        386,
        346,
        306,
        113,
        846,
        923,
        169,
        721,
        149,
        477,
        426,
        535,
        430,
        347,
        454,
        280,
        641,
        935,
        424,
        691,
        951,
        655,
        619,
        825,
        57,
        976,
        941,
        596,
        678,
        736,
        287,
        135,
        577,
        288,
        556,
        27,
        639,
        801,
        443,
        566,
        338,
        294,
        39,
        193,
        343,
        963,
        168,
        121,
        979,
        53,
        432,
        318,
        425,
        339,
        323,
        695,
        546,
        83,
        84,
        198,
        466,
        309,
        523,
        474,
        205,
        334,
        612,
        115,
        763,
        137,
        289,
        848,
        505,
        26,
        379,
        931,
        414,
        996,
        191,
        762,
        797,
        242,
        775,
        312,
        898,
        469,
        965,
        359,
        179,
        493,
        817,
        325,
        809,
        972,
        161,
        167,
        798,
        728,
        978,
        260,
        327,
        158,
        943,
        480,
        529,
        790,
        974,
        686,
        782,
        560,
        922,
        688,
        955,
        44,
        918,
        449,
        961,
        218,
        489,
        134,
        468,
        450,
        462,
        64,
        180,
        611,
        106,
        150,
        755,
        799,
        520,
        528,
        237,
        813,
        933,
        664,
        31,
        643,
        355,
        659,
        23,
        337,
        6,
        530,
        588,
        705,
        911,
        69,
        733,
        210,
        255,
        427,
        906,
        361,
        126,
        540,
        93,
        682,
        66,
        966,
        675,
        278,
        885,
        841,
        956,
        491,
        292,
        977,
        253,
        864,
        376,
        981,
        243,
        575,
        545,
        367,
        522,
        65,
        377,
        860,
        145,
        886,
        304,
        70,
        441,
        496,
        624,
        723,
        862,
        524,
        984,
        668,
        324,
        382,
        995,
        865,
        789,
        80,
        722,
        563,
        270,
        406,
        950,
        164,
        21,
        653,
        282,
        58,
        606,
        649,
        228,
        968,
        181,
        461,
        437,
        129,
        804,
        56,
        823,
        236,
        773,
        372,
        171,
        853,
        156,
        79,
        223,
        627,
        245,
        349,
        34,
        732,
        711,
        215,
        720,
        77,
        616,
        409,
        465,
        311,
        301,
        36,
        788,
        302,
        479,
        946,
        992,
        128,
        800,
        142,
        18,
        802,
        896,
        212,
        148,
        501,
        394,
        177,
        892,
        539,
        854,
        166,
        187,
        565,
        657,
        170,
        924,
        455,
        486,
        753,
        620,
        550,
        247,
        895,
        222,
        42,
        482,
        623,
        914,
        230,
        569,
        88,
        703,
        92,
        15,
        870,
        152,
        754,
        553,
        988,
        108
    ],
    "Global Optimum": 0,
    "Algorithm": "Genetic algorithm",
    "Parameters": {
        "population": 30,
        "offspring": 30,
        "mutation probability": 0.001,
        "crossover probability": 0.9
    },
    "Fitness": 1384963,
    "Solution": [
        884,
        940,
        519,
        9,
        890,
        807,
        448,
        696,
        903,
        599,
        713,
        912,
        778,
        357,
        883,
        881,
        151,
        796,
        219,
        342,
        932,
        867,
        62,
        806,
        436,
        795,
        364,
        969,
        124,
        290,
        195,
        998,
        894,
        404,
        662,
        835,
        822,
        591,
        830,
        907,
        590,
        727,
        967,
        602,
        874,
        819,
        744,
        908,
        11,
        314,
        544,
        719,
        634,
        105,
        758,
        646,
        910,
        146,
        434,
        362,
        460,
        850,
        739,
        589,
        904,
        717,
        626,
        861,
        22,
        779,
        317,
        439,
        875,
        697,
        780,
        68,
        30,
        50,
        273,
        225,
        622,
        308,
        373,
        613,
        952,
        917,
        928,
        572,
        370,
        104,
        118,
        43,
        583,
        120,
        319,
        420,
        189,
        10,
        378,
        140,
        196,
        173,
        584,
        340,
        838,
        498,
        330,
        102,
        274,
        471,
        548,
        947,
        803,
        87,
        857,
        127,
        258,
        555,
        538,
        843,
        849,
        891,
        381,
        985,
        75,
        358,
        824,
        249,
        811,
        557,
        658,
        190,
        14,
        186,
        734,
        213,
        200,
        855,
        55,
        829,
        94,
        390,
        671,
        608,
        576,
        98,
        375,
        920,
        568,
        916,
        679,
        582,
        980,
        585,
        90,
        650,
        938,
        333,
        511,
        785,
        267,
        16,
        815,
        403,
        508,
        533,
        930,
        510,
        700,
        117,
        831,
        561,
        567,
        35,
        607,
        760,
        738,
        224,
        706,
        542,
        7,
        419,
        199,
        833,
        558,
        12,
        759,
        573,
        144,
        636,
        29,
        507,
        547,
        139,
        356,
        915,
        549,
        709,
        226,
        847,
        791,
        399,
        54,
        19,
        987,
        391,
        363,
        398,
        33,
        483,
        217,
        645,
        251,
        188,
        604,
        17,
        942,
        176,
        750,
        993,
        871,
        266,
        204,
        411,
        997,
        275,
        502,
        328,
        609,
        743,
        614,
        51,
        86,
        783,
        464,
        488,
        297,
        595,
        665,
        82,
        153,
        281,
        527,
        201,
        147,
        820,
        625,
        159,
        316,
        8,
        494,
        445,
        745,
        52,
        844,
        663,
        241,
        919,
        457,
        579,
        143,
        600,
        192,
        286,
        384,
        810,
        175,
        172,
        85,
        694,
        417,
        707,
        182,
        781,
        731,
        594,
        100,
        185,
        397,
        451,
        310,
        777,
        232,
        28,
        478,
        352,
        81,
        395,
        279,
        141,
        428,
        587,
        794,
        73,
        991,
        214,
        283,
        244,
        551,
        698,
        660,
        24,
        858,
        248,
        676,
        685,
        374,
        751,
        487,
        690,
        580,
        958,
        638,
        656,
        859,
        878,
        684,
        936,
        921,
        250,
        887,
        459,
        256,
        239,
        165,
        481,
        112,
        784,
        95,
        518,
        387,
        194,
        973,
        715,
        554,
        348,
        957,
        380,
        78,
        630,
        326,
        741,
        41,
        369,
        677,
        263,
        631,
        71,
        154,
        990,
        49,
        295,
        341,
        285,
        240,
        252,
        939,
        618,
        816,
        793,
        926,
        532,
        681,
        268,
        238,
        350,
        293,
        269,
        413,
        296,
        913,
        13,
        531,
        45,
        122,
        899,
        504,
        221,
        32,
        40,
        852,
        578,
        298,
        2,
        500,
        132,
        840,
        652,
        107,
        949,
        812,
        766,
        116,
        110,
        543,
        592,
        184,
        827,
        431,
        534,
        458,
        89,
        902,
        246,
        3,
        220,
        456,
        964,
        787,
        467,
        737,
        101,
        929,
        402,
        197,
        123,
        400,
        749,
        433,
        351,
        718,
        640,
        615,
        953,
        438,
        506,
        661,
        574,
        133,
        484,
        628,
        674,
        562,
        418,
        724,
        954,
        174,
        272,
        353,
        586,
        792,
        109,
        866,
        322,
        605,
        617,
        447,
        725,
        905,
        982,
        712,
        571,
        423,
        444,
        726,
        934,
        47,
        869,
        512,
        345,
        944,
        597,
        74,
        412,
        234,
        0,
        970,
        183,
        989,
        130,
        514,
        470,
        138,
        276,
        742,
        495,
        207,
        422,
        335,
        329,
        716,
        91,
        805,
        208,
        962,
        667,
        945,
        603,
        157,
        821,
        111,
        261,
        901,
        714,
        61,
        986,
        666,
        756,
        125,
        446,
        610,
        114,
        999,
        680,
        517,
        771,
        888,
        735,
        262,
        497,
        25,
        673,
        516,
        463,
        473,
        983,
        202,
        876,
        701,
        832,
        385,
        163,
        401,
        814,
        490,
        774,
        767,
        845,
        20,
        233,
        503,
        776,
        521,
        769,
        407,
        305,
        637,
        959,
        971,
        570,
        368,
        525,
        211,
        761,
        119,
        408,
        307,
        598,
        669,
        452,
        475,
        476,
        872,
        880,
        689,
        873,
        708,
        633,
        37,
        729,
        786,
        621,
        842,
        155,
        277,
        868,
        856,
        877,
        772,
        828,
        371,
        925,
        651,
        559,
        834,
        472,
        284,
        927,
        770,
        564,
        60,
        552,
        344,
        393,
        257,
        839,
        642,
        254,
        360,
        808,
        818,
        303,
        136,
        747,
        601,
        131,
        72,
        710,
        227,
        313,
        693,
        889,
        206,
        442,
        647,
        336,
        396,
        59,
        332,
        354,
        365,
        388,
        994,
        229,
        882,
        629,
        209,
        975,
        231,
        541,
        178,
        692,
        764,
        670,
        299,
        429,
        509,
        265,
        4,
        435,
        960,
        485,
        410,
        320,
        315,
        103,
        300,
        757,
        48,
        1,
        366,
        581,
        160,
        937,
        851,
        752,
        702,
        38,
        5,
        76,
        648,
        271,
        687,
        765,
        768,
        235,
        46,
        291,
        162,
        909,
        405,
        421,
        515,
        699,
        826,
        897,
        837,
        836,
        499,
        383,
        321,
        513,
        740,
        331,
        635,
        644,
        96,
        683,
        536,
        389,
        97,
        879,
        63,
        259,
        893,
        99,
        593,
        654,
        440,
        264,
        672,
        746,
        948,
        453,
        900,
        415,
        863,
        416,
        67,
        392,
        526,
        730,
        203,
        748,
        537,
        492,
        216,
        632,
        704,
        386,
        346,
        306,
        113,
        846,
        923,
        169,
        721,
        149,
        477,
        426,
        535,
        430,
        347,
        454,
        280,
        641,
        935,
        424,
        691,
        951,
        655,
        619,
        825,
        57,
        976,
        941,
        596,
        678,
        736,
        287,
        135,
        577,
        288,
        556,
        27,
        639,
        801,
        443,
        566,
        338,
        294,
        39,
        193,
        343,
        963,
        168,
        121,
        979,
        53,
        432,
        318,
        425,
        339,
        323,
        695,
        546,
        83,
        84,
        198,
        466,
        309,
        523,
        474,
        205,
        334,
        612,
        115,
        763,
        137,
        289,
        848,
        505,
        26,
        379,
        931,
        414,
        996,
        191,
        762,
        797,
        242,
        775,
        312,
        898,
        469,
        965,
        359,
        179,
        493,
        817,
        325,
        809,
        972,
        161,
        167,
        798,
        728,
        978,
        260,
        327,
        158,
        943,
        480,
        529,
        790,
        974,
        686,
        782,
        560,
        922,
        688,
        955,
        44,
        918,
        449,
        961,
        218,
        489,
        134,
        468,
        450,
        462,
        64,
        180,
        611,
        106,
        150,
        755,
        799,
        520,
        528,
        237,
        813,
        933,
        664,
        31,
        643,
        355,
        659,
        23,
        337,
        6,
        530,
        588,
        705,
        911,
        69,
        733,
        210,
        255,
        427,
        906,
        361,
        126,
        540,
        93,
        682,
        66,
        966,
        675,
        278,
        885,
        841,
        956,
        491,
        292,
        977,
        253,
        864,
        376,
        981,
        243,
        575,
        545,
        367,
        522,
        65,
        377,
        860,
        145,
        886,
        304,
        70,
        441,
        496,
        624,
        723,
        862,
        524,
        984,
        668,
        324,
        382,
        995,
        865,
        789,
        80,
        722,
        563,
        270,
        406,
        950,
        164,
        21,
        653,
        282,
        58,
        606,
        649,
        228,
        968,
        181,
        461,
        437,
        129,
        804,
        56,
        823,
        236,
        773,
        372,
        171,
        853,
        156,
        79,
        223,
        627,
        245,
        349,
        34,
        732,
        711,
        215,
        720,
        77,
        616,
        409,
        465,
        311,
        301,
        36,
        788,
        302,
        479,
        946,
        992,
        128,
        800,
        142,
        18,
        802,
        896,
        212,
        148,
        501,
        394,
        177,
        892,
        539,
        854,
        166,
        187,
        565,
        657,
        170,
        924,
        455,
        486,
        753,
        620,
        550,
        247,
        895,
        222,
        42,
        482,
        623,
        914,
        230,
        569,
        88,
        703,
        92,
        15,
        870,
        152,
        754,
        553,
        988,
        108
    ],
    "Nb of functions evaluations": 200010,
    "Computational time in seconds": 2820.898202896118,
    "Stopping criterion in evaluations": 200000
}