28° run output:
{
    "Function": "kroA1000.tsp",
    "Problem dimension": [
        678,
        192,
        423,
        294,
        714,
        376,
        421,
        278,
        212,
        770,
        241,
        30,
        16,
        371,
        194,
        874,
        482,
        433,
        13,
        964,
        922,
        459,
        549,
        405,
        653,
        231,
        562,
        284,
        225,
        271,
        816,
        718,
        756,
        195,
        927,
        232,
        469,
        559,
        749,
        589,
        320,
        210,
        975,
        378,
        788,
        954,
        178,
        173,
        182,
        849,
        945,
        625,
        979,
        230,
        942,
        183,
        902,
        819,
        32,
        575,
        273,
        353,
        413,
        869,
        97,
        40,
        180,
        115,
        438,
        258,
        950,
        167,
        227,
        572,
        860,
        10,
        103,
        312,
        440,
        65,
        858,
        727,
        403,
        184,
        669,
        89,
        710,
        568,
        3,
        959,
        51,
        257,
        323,
        747,
        641,
        838,
        853,
        848,
        289,
        5,
        807,
        733,
        790,
        394,
        240,
        437,
        712,
        786,
        337,
        457,
        109,
        732,
        835,
        909,
        372,
        541,
        69,
        638,
        833,
        311,
        693,
        988,
        553,
        803,
        722,
        127,
        739,
        340,
        214,
        894,
        150,
        632,
        633,
        921,
        643,
        991,
        14,
        573,
        708,
        703,
        939,
        35,
        530,
        283,
        152,
        41,
        579,
        976,
        798,
        363,
        895,
        268,
        82,
        907,
        199,
        74,
        492,
        24,
        491,
        280,
        220,
        415,
        658,
        948,
        513,
        321,
        908,
        354,
        291,
        944,
        83,
        889,
        713,
        728,
        61,
        124,
        624,
        898,
        411,
        879,
        946,
        422,
        126,
        435,
        7,
        648,
        617,
        841,
        859,
        307,
        493,
        17,
        707,
        456,
        983,
        776,
        606,
        431,
        926,
        778,
        775,
        471,
        688,
        574,
        128,
        339,
        238,
        111,
        830,
        896,
        165,
        891,
        801,
        473,
        545,
        113,
        769,
        269,
        915,
        149,
        920,
        139,
        931,
        546,
        685,
        138,
        981,
        477,
        823,
        893,
        239,
        470,
        558,
        277,
        899,
        813,
        367,
        400,
        999,
        805,
        47,
        446,
        928,
        151,
        119,
        235,
        374,
        989,
        548,
        973,
        369,
        623,
        711,
        428,
        286,
        755,
        601,
        203,
        680,
        936,
        578,
        276,
        458,
        336,
        110,
        331,
        524,
        507,
        993,
        290,
        329,
        256,
        123,
        404,
        687,
        828,
        365,
        536,
        836,
        163,
        843,
        53,
        448,
        204,
        344,
        535,
        272,
        754,
        233,
        326,
        772,
        399,
        484,
        116,
        226,
        39,
        656,
        752,
        875,
        221,
        37,
        654,
        191,
        702,
        170,
        267,
        315,
        827,
        176,
        134,
        246,
        56,
        430,
        815,
        806,
        117,
        84,
        141,
        80,
        125,
        298,
        537,
        890,
        100,
        603,
        719,
        608,
        725,
        916,
        19,
        158,
        744,
        42,
        742,
        961,
        48,
        161,
        72,
        645,
        969,
        764,
        842,
        565,
        779,
        637,
        662,
        348,
        539,
        660,
        622,
        155,
        591,
        766,
        250,
        800,
        70,
        343,
        453,
        865,
        963,
        211,
        480,
        992,
        206,
        515,
        917,
        584,
        826,
        661,
        906,
        659,
        467,
        529,
        9,
        970,
        417,
        544,
        699,
        489,
        153,
        172,
        350,
        847,
        474,
        670,
        956,
        709,
        615,
        52,
        570,
        850,
        135,
        604,
        500,
        255,
        408,
        974,
        940,
        406,
        706,
        886,
        285,
        748,
        793,
        20,
        292,
        91,
        26,
        596,
        897,
        108,
        303,
        636,
        795,
        914,
        799,
        234,
        472,
        839,
        701,
        825,
        297,
        551,
        129,
        876,
        426,
        629,
        409,
        281,
        136,
        924,
        288,
        971,
        4,
        599,
        528,
        465,
        508,
        555,
        259,
        763,
        228,
        679,
        64,
        402,
        252,
        522,
        140,
        689,
        251,
        614,
        870,
        761,
        571,
        773,
        765,
        63,
        179,
        811,
        383,
        105,
        861,
        518,
        468,
        264,
        78,
        475,
        449,
        943,
        871,
        789,
        720,
        663,
        905,
        143,
        244,
        55,
        299,
        824,
        797,
        585,
        401,
        429,
        254,
        351,
        534,
        738,
        414,
        237,
        965,
        809,
        58,
        583,
        171,
        15,
        705,
        510,
        197,
        635,
        527,
        57,
        796,
        274,
        884,
        698,
        462,
        937,
        101,
        196,
        657,
        81,
        610,
        746,
        538,
        557,
        483,
        1,
        862,
        349,
        443,
        866,
        995,
        67,
        450,
        829,
        38,
        958,
        301,
        821,
        34,
        229,
        439,
        396,
        92,
        486,
        901,
        912,
        771,
        759,
        994,
        236,
        487,
        986,
        750,
        309,
        834,
        488,
        308,
        338,
        760,
        887,
        593,
        523,
        888,
        485,
        187,
        611,
        612,
        50,
        717,
        279,
        588,
        620,
        223,
        594,
        642,
        781,
        503,
        217,
        358,
        951,
        22,
        791,
        27,
        505,
        316,
        586,
        205,
        740,
        59,
        407,
        305,
        514,
        46,
        817,
        684,
        723,
        287,
        863,
        253,
        932,
        364,
        366,
        490,
        666,
        68,
        532,
        872,
        377,
        997,
        99,
        694,
        335,
        107,
        681,
        934,
        644,
        631,
        112,
        357,
        734,
        933,
        317,
        45,
        131,
        696,
        985,
        77,
        592,
        873,
        242,
        757,
        651,
        33,
        94,
        391,
        201,
        569,
        133,
        118,
        626,
        162,
        427,
        282,
        929,
        209,
        166,
        501,
        144,
        300,
        318,
        327,
        852,
        181,
        758,
        576,
        479,
        174,
        987,
        332,
        737,
        966,
        71,
        792,
        533,
        582,
        814,
        519,
        11,
        319,
        314,
        375,
        198,
        697,
        883,
        998,
        700,
        330,
        554,
        957,
        200,
        464,
        919,
        925,
        938,
        387,
        86,
        106,
        962,
        393,
        802,
        384,
        114,
        2,
        245,
        0,
        416,
        389,
        23,
        671,
        49,
        380,
        218,
        334,
        157,
        432,
        526,
        560,
        972,
        497,
        627,
        935,
        804,
        512,
        88,
        208,
        704,
        731,
        978,
        840,
        395,
        856,
        566,
        683,
        949,
        43,
        412,
        511,
        454,
        831,
        310,
        293,
        667,
        31,
        692,
        628,
        495,
        95,
        540,
        900,
        550,
        147,
        794,
        87,
        418,
        726,
        567,
        216,
        832,
        630,
        263,
        419,
        996,
        346,
        93,
        650,
        767,
        362,
        639,
        451,
        736,
        602,
        877,
        564,
        780,
        266,
        169,
        44,
        476,
        397,
        85,
        342,
        721,
        686,
        424,
        12,
        621,
        185,
        306,
        903,
        261,
        605,
        447,
        379,
        243,
        455,
        595,
        953,
        668,
        947,
        613,
        296,
        190,
        156,
        370,
        249,
        445,
        442,
        29,
        381,
        980,
        304,
        561,
        640,
        392,
        715,
        855,
        820,
        531,
        322,
        98,
        328,
        517,
        388,
        260,
        955,
        356,
        202,
        967,
        673,
        783,
        325,
        360,
        543,
        851,
        913,
        444,
        295,
        499,
        355,
        881,
        810,
        132,
        496,
        556,
        520,
        168,
        577,
        665,
        142,
        213,
        923,
        313,
        452,
        753,
        600,
        563,
        844,
        516,
        21,
        270,
        911,
        616,
        341,
        498,
        188,
        76,
        247,
        130,
        882,
        785,
        990,
        54,
        66,
        784,
        504,
        607,
        159,
        215,
        186,
        390,
        28,
        521,
        385,
        461,
        463,
        691,
        716,
        481,
        677,
        941,
        8,
        857,
        436,
        506,
        525,
        145,
        904,
        75,
        122,
        818,
        509,
        675,
        160,
        597,
        787,
        460,
        62,
        193,
        649,
        768,
        434,
        745,
        425,
        207,
        885,
        96,
        382,
        777,
        189,
        864,
        878,
        275,
        441,
        137,
        854,
        219,
        774,
        324,
        652,
        751,
        741,
        960,
        361,
        634,
        880,
        121,
        812,
        982,
        265,
        146,
        18,
        302,
        73,
        36,
        729,
        580,
        598,
        25,
        682,
        398,
        618,
        918,
        743,
        587,
        102,
        724,
        822,
        846,
        79,
        345,
        224,
        547,
        148,
        386,
        154,
        502,
        590,
        581,
        120,
        867,
        676,
        647,
        248,
        690,
        60,
        6,
        695,
        262,
        542,
        368,
        347,
        674,
        373,
        730,
        655,
        845,
        552,
        892,
        494,
        837,
        410,
        466,
        609,
        646,
        762,
        808,
        352,
        735,
        952,
        984,
        177,
        90,
        930,
        968,
        672,
        478,
        104,
        782,
        664,
        333,
        619,
        977,
        910,
        420,
        359,
        222,
        868,
        175,
        164
    ],
    "Global Optimum": 0,
    "Algorithm": "Genetic algorithm",
    "Parameters": {
        "population": 30,
        "offspring": 30,
        "mutation probability": 0.001,
        "crossover probability": 0.9
    },
    "Fitness": 1327639,
    "Solution": [
        678,
        192,
        423,
        294,
        714,
        376,
        421,
        278,
        212,
        770,
        241,
        30,
        16,
        371,
        194,
        874,
        482,
        433,
        13,
        964,
        922,
        459,
        549,
        405,
        653,
        231,
        562,
        284,
        225,
        271,
        816,
        718,
        756,
        195,
        927,
        232,
        469,
        559,
        749,
        589,
        320,
        210,
        975,
        378,
        788,
        954,
        178,
        173,
        182,
        849,
        945,
        625,
        979,
        230,
        942,
        183,
        902,
        819,
        32,
        575,
        273,
        353,
        413,
        869,
        97,
        40,
        180,
        115,
        438,
        258,
        950,
        167,
        227,
        572,
        860,
        10,
        103,
        312,
        440,
        65,
        858,
        727,
        403,
        184,
        669,
        89,
        710,
        568,
        3,
        959,
        51,
        257,
        323,
        747,
        641,
        838,
        853,
        848,
        289,
        5,
        807,
        733,
        790,
        394,
        240,
        437,
        712,
        786,
        337,
        457,
        109,
        732,
        835,
        909,
        372,
        541,
        69,
        638,
        833,
        311,
        693,
        988,
        553,
        803,
        722,
        127,
        739,
        340,
        214,
        894,
        150,
        632,
        633,
        921,
        643,
        991,
        14,
        573,
        708,
        703,
        939,
        35,
        530,
        283,
        152,
        41,
        579,
        976,
        798,
        363,
        895,
        268,
        82,
        907,
        199,
        74,
        492,
        24,
        491,
        280,
        220,
        415,
        658,
        948,
        513,
        321,
        908,
        354,
        291,
        944,
        83,
        889,
        713,
        728,
        61,
        124,
        624,
        898,
        411,
        879,
        946,
        422,
        126,
        435,
        7,
        648,
        617,
        841,
        859,
        307,
        493,
        17,
        707,
        456,
        983,
        776,
        606,
        431,
        926,
        778,
        775,
        471,
        688,
        574,
        128,
        339,
        238,
        111,
        830,
        896,
        165,
        891,
        801,
        473,
        545,
        113,
        769,
        269,
        915,
        149,
        920,
        139,
        931,
        546,
        685,
        138,
        981,
        477,
        823,
        893,
        239,
        470,
        558,
        277,
        899,
        813,
        367,
        400,
        999,
        805,
        47,
        446,
        928,
        151,
        119,
        235,
        374,
        989,
        548,
        973,
        369,
        623,
        711,
        428,
        286,
        755,
        601,
        203,
        680,
        936,
        578,
        276,
        458,
        336,
        110,
        331,
        524,
        507,
        993,
        290,
        329,
        256,
        123,
        404,
        687,
        828,
        365,
        536,
        836,
        163,
        843,
        53,
        448,
        204,
        344,
        535,
        272,
        754,
        233,
        326,
        772,
        399,
        484,
        116,
        226,
        39,
        656,
        752,
        875,
        221,
        37,
        654,
        191,
        702,
        170,
        267,
        315,
        827,
        176,
        134,
        246,
        56,
        430,
        815,
        806,
        117,
        84,
        141,
        80,
        125,
        298,
        537,
        890,
        100,
        603,
        719,
        608,
        725,
        916,
        19,
        158,
        744,
        42,
        742,
        961,
        48,
        161,
        72,
        645,
        969,
        764,
        842,
        565,
        779,
        637,
        662,
        348,
        539,
        660,
        622,
        155,
        591,
        766,
        250,
        800,
        70,
        343,
        453,
        865,
        963,
        211,
        480,
        992,
        206,
        515,
        917,
        584,
        826,
        661,
        906,
        659,
        467,
        529,
        9,
        970,
        417,
        544,
        699,
        489,
        153,
        172,
        350,
        847,
        474,
        670,
        956,
        709,
        615,
        52,
        570,
        850,
        135,
        604,
        500,
        255,
        408,
        974,
        940,
        406,
        706,
        886,
        285,
        748,
        793,
        20,
        292,
        91,
        26,
        596,
        897,
        108,
        303,
        636,
        795,
        914,
        799,
        234,
        472,
        839,
        701,
        825,
        297,
        551,
        129,
        876,
        426,
        629,
        409,
        281,
        136,
        924,
        288,
        971,
        4,
        599,
        528,
        465,
        508,
        555,
        259,
        763,
        228,
        679,
        64,
        402,
        252,
        522,
        140,
        689,
        251,
        614,
        870,
        761,
        571,
        773,
        765,
        63,
        179,
        811,
        383,
        105,
        861,
        518,
        468,
        264,
        78,
        475,
        449,
        943,
        871,
        789,
        720,
        663,
        905,
        143,
        244,
        55,
        299,
        824,
        797,
        585,
        401,
        429,
        254,
        351,
        534,
        738,
        414,
        237,
        965,
        809,
        58,
        583,
        171,
        15,
        705,
        510,
        197,
        635,
        527,
        57,
        796,
        274,
        884,
        698,
        462,
        937,
        101,
        196,
        657,
        81,
        610,
        746,
        538,
        557,
        483,
        1,
        862,
        349,
        443,
        866,
        995,
        67,
        450,
        829,
        38,
        958,
        301,
        821,
        34,
        229,
        439,
        396,
        92,
        486,
        901,
        912,
        771,
        759,
        994,
        236,
        487,
        986,
        750,
        309,
        834,
        488,
        308,
        338,
        760,
        887,
        593,
        523,
        888,
        485,
        187,
        611,
        612,
        50,
        717,
        279,
        588,
        620,
        223,
        594,
        642,
        781,
        503,
        217,
        358,
        951,
        22,
        791,
        27,
        505,
        316,
        586,
        205,
        740,
        59,
        407,
        305,
        514,
        46,
        817,
        684,
        723,
        287,
        863,
        253,
        932,
        364,
        366,
        490,
        666,
        68,
        532,
        872,
        377,
        997,
        99,
        694,
        335,
        107,
        681,
        934,
        644,
        631,
        112,
        357,
        734,
        933,
        317,
        45,
        131,
        696,
        985,
        77,
        592,
        873,
        242,
        757,
        651,
        33,
        94,
        391,
        201,
        569,
        133,
        118,
        626,
        162,
        427,
        282,
        929,
        209,
        166,
        501,
        144,
        300,
        318,
        327,
        852,
        181,
        758,
        576,
        479,
        174,
        987,
        332,
        737,
        966,
        71,
        792,
        533,
        582,
        814,
        519,
        11,
        319,
        314,
        375,
        198,
        697,
        883,
        998,
        700,
        330,
        554,
        957,
        200,
        464,
        919,
        925,
        938,
        387,
        86,
        106,
        962,
        393,
        802,
        384,
        114,
        2,
        245,
        0,
        416,
        389,
        23,
        671,
        49,
        380,
        218,
        334,
        157,
        432,
        526,
        560,
        972,
        497,
        627,
        935,
        804,
        512,
        88,
        208,
        704,
        731,
        978,
        840,
        395,
        856,
        566,
        683,
        949,
        43,
        412,
        511,
        454,
        831,
        310,
        293,
        667,
        31,
        692,
        628,
        495,
        95,
        540,
        900,
        550,
        147,
        794,
        87,
        418,
        726,
        567,
        216,
        832,
        630,
        263,
        419,
        996,
        346,
        93,
        650,
        767,
        362,
        639,
        451,
        736,
        602,
        877,
        564,
        780,
        266,
        169,
        44,
        476,
        397,
        85,
        342,
        721,
        686,
        424,
        12,
        621,
        185,
        306,
        903,
        261,
        605,
        447,
        379,
        243,
        455,
        595,
        953,
        668,
        947,
        613,
        296,
        190,
        156,
        370,
        249,
        445,
        442,
        29,
        381,
        980,
        304,
        561,
        640,
        392,
        715,
        855,
        820,
        531,
        322,
        98,
        328,
        517,
        388,
        260,
        955,
        356,
        202,
        967,
        673,
        783,
        325,
        360,
        543,
        851,
        913,
        444,
        295,
        499,
        355,
        881,
        810,
        132,
        496,
        556,
        520,
        168,
        577,
        665,
        142,
        213,
        923,
        313,
        452,
        753,
        600,
        563,
        844,
        516,
        21,
        270,
        911,
        616,
        341,
        498,
        188,
        76,
        247,
        130,
        882,
        785,
        990,
        54,
        66,
        784,
        504,
        607,
        159,
        215,
        186,
        390,
        28,
        521,
        385,
        461,
        463,
        691,
        716,
        481,
        677,
        941,
        8,
        857,
        436,
        506,
        525,
        145,
        904,
        75,
        122,
        818,
        509,
        675,
        160,
        597,
        787,
        460,
        62,
        193,
        649,
        768,
        434,
        745,
        425,
        207,
        885,
        96,
        382,
        777,
        189,
        864,
        878,
        275,
        441,
        137,
        854,
        219,
        774,
        324,
        652,
        751,
        741,
        960,
        361,
        634,
        880,
        121,
        812,
        982,
        265,
        146,
        18,
        302,
        73,
        36,
        729,
        580,
        598,
        25,
        682,
        398,
        618,
        918,
        743,
        587,
        102,
        724,
        822,
        846,
        79,
        345,
        224,
        547,
        148,
        386,
        154,
        502,
        590,
        581,
        120,
        867,
        676,
        647,
        248,
        690,
        60,
        6,
        695,
        262,
        542,
        368,
        347,
        674,
        373,
        730,
        655,
        845,
        552,
        892,
        494,
        837,
        410,
        466,
        609,
        646,
        762,
        808,
        352,
        735,
        952,
        984,
        177,
        90,
        930,
        968,
        672,
        478,
        104,
        782,
        664,
        333,
        619,
        977,
        910,
        420,
        359,
        222,
        868,
        175,
        164
    ],
    "Nb of functions evaluations": 200010,
    "Computational time in seconds": 2956.3897700309753,
    "Stopping criterion in evaluations": 200000
}