2° run output:
{
    "Function": "kroA1000.tsp",
    "Problem dimension": [
        913,
        647,
        58,
        656,
        816,
        4,
        705,
        677,
        599,
        258,
        69,
        897,
        434,
        388,
        34,
        197,
        461,
        464,
        401,
        789,
        600,
        266,
        829,
        860,
        11,
        122,
        787,
        439,
        138,
        442,
        462,
        535,
        506,
        757,
        637,
        484,
        507,
        327,
        125,
        681,
        224,
        584,
        580,
        521,
        294,
        71,
        701,
        577,
        106,
        923,
        400,
        849,
        935,
        308,
        126,
        990,
        709,
        986,
        499,
        541,
        261,
        424,
        946,
        198,
        196,
        808,
        765,
        530,
        115,
        432,
        194,
        512,
        929,
        901,
        396,
        384,
        509,
        975,
        28,
        700,
        330,
        49,
        570,
        930,
        882,
        678,
        343,
        74,
        181,
        370,
        425,
        6,
        235,
        447,
        796,
        360,
        831,
        231,
        870,
        955,
        230,
        784,
        489,
        78,
        968,
        444,
        697,
        86,
        222,
        627,
        404,
        524,
        588,
        595,
        129,
        268,
        339,
        749,
        608,
        916,
        890,
        563,
        505,
        481,
        539,
        215,
        67,
        788,
        44,
        344,
        618,
        997,
        299,
        390,
        559,
        672,
        931,
        834,
        682,
        458,
        53,
        72,
        687,
        40,
        843,
        875,
        915,
        363,
        35,
        828,
        928,
        585,
        908,
        414,
        702,
        376,
        192,
        819,
        51,
        644,
        341,
        883,
        996,
        379,
        412,
        50,
        528,
        361,
        645,
        383,
        877,
        555,
        605,
        712,
        815,
        233,
        891,
        377,
        46,
        643,
        593,
        978,
        565,
        419,
        280,
        953,
        692,
        919,
        248,
        149,
        852,
        510,
        864,
        166,
        463,
        889,
        762,
        221,
        576,
        519,
        320,
        728,
        13,
        100,
        15,
        183,
        664,
        474,
        314,
        743,
        20,
        616,
        984,
        139,
        698,
        190,
        242,
        355,
        326,
        211,
        617,
        391,
        998,
        437,
        255,
        666,
        575,
        830,
        2,
        98,
        898,
        782,
        636,
        94,
        675,
        416,
        842,
        315,
        90,
        887,
        417,
        876,
        227,
        313,
        938,
        217,
        655,
        265,
        790,
        408,
        523,
        48,
        300,
        274,
        132,
        874,
        845,
        630,
        801,
        799,
        322,
        195,
        933,
        553,
        639,
        123,
        950,
        429,
        634,
        275,
        917,
        393,
        220,
        606,
        850,
        423,
        981,
        349,
        770,
        667,
        851,
        127,
        70,
        262,
        967,
        741,
        16,
        604,
        785,
        751,
        85,
        544,
        866,
        974,
        937,
        620,
        203,
        371,
        241,
        695,
        886,
        33,
        469,
        348,
        54,
        237,
        73,
        347,
        80,
        587,
        374,
        394,
        52,
        345,
        735,
        334,
        904,
        397,
        739,
        537,
        321,
        578,
        804,
        297,
        579,
        583,
        961,
        364,
        800,
        159,
        597,
        161,
        942,
        880,
        730,
        145,
        809,
        269,
        99,
        96,
        861,
        276,
        340,
        482,
        944,
        827,
        680,
        486,
        214,
        420,
        624,
        921,
        278,
        652,
        171,
        430,
        362,
        657,
        56,
        922,
        858,
        676,
        993,
        301,
        22,
        547,
        357,
        387,
        899,
        177,
        441,
        31,
        977,
        674,
        857,
        392,
        76,
        752,
        59,
        920,
        204,
        289,
        228,
        536,
        833,
        914,
        835,
        471,
        711,
        642,
        45,
        750,
        769,
        665,
        87,
        731,
        182,
        303,
        574,
        516,
        777,
        451,
        615,
        518,
        999,
        902,
        162,
        84,
        367,
        389,
        498,
        943,
        823,
        761,
        185,
        822,
        9,
        180,
        690,
        926,
        717,
        63,
        911,
        356,
        333,
        896,
        846,
        873,
        292,
        32,
        199,
        189,
        686,
        703,
        372,
        791,
        409,
        795,
        854,
        586,
        954,
        243,
        607,
        79,
        323,
        646,
        375,
        290,
        184,
        737,
        179,
        109,
        128,
        713,
        191,
        775,
        633,
        421,
        694,
        131,
        21,
        446,
        83,
        766,
        653,
        460,
        774,
        82,
        824,
        238,
        594,
        312,
        29,
        504,
        558,
        107,
        979,
        234,
        422,
        311,
        118,
        736,
        786,
        727,
        590,
        951,
        825,
        285,
        893,
        428,
        863,
        490,
        609,
        102,
        288,
        621,
        306,
        3,
        856,
        699,
        491,
        511,
        963,
        894,
        38,
        650,
        964,
        724,
        336,
        435,
        918,
        582,
        497,
        411,
        778,
        841,
        900,
        23,
        610,
        244,
        358,
        526,
        213,
        533,
        338,
        478,
        101,
        905,
        812,
        638,
        671,
        567,
        239,
        26,
        12,
        302,
        836,
        992,
        871,
        247,
        733,
        75,
        773,
        572,
        859,
        995,
        720,
        673,
        332,
        973,
        810,
        111,
        725,
        152,
        956,
        483,
        754,
        65,
        764,
        284,
        18,
        623,
        60,
        66,
        252,
        291,
        987,
        826,
        670,
        1,
        176,
        105,
        296,
        546,
        257,
        413,
        614,
        707,
        939,
        8,
        988,
        277,
        903,
        640,
        150,
        120,
        61,
        64,
        772,
        134,
        251,
        746,
        92,
        641,
        562,
        223,
        426,
        480,
        232,
        95,
        309,
        806,
        959,
        771,
        406,
        218,
        174,
        62,
        940,
        715,
        726,
        564,
        758,
        561,
        619,
        316,
        219,
        714,
        611,
        798,
        936,
        719,
        658,
        188,
        216,
        112,
        496,
        552,
        631,
        501,
        957,
        679,
        395,
        802,
        450,
        612,
        466,
        554,
        549,
        157,
        622,
        661,
        755,
        440,
        200,
        155,
        869,
        68,
        144,
        7,
        932,
        468,
        328,
        767,
        952,
        283,
        683,
        983,
        839,
        453,
        991,
        479,
        740,
        948,
        226,
        229,
        581,
        844,
        148,
        137,
        443,
        169,
        738,
        888,
        103,
        532,
        273,
        170,
        305,
        927,
        745,
        748,
        436,
        121,
        969,
        753,
        989,
        209,
        304,
        366,
        398,
        260,
        186,
        272,
        941,
        947,
        520,
        493,
        818,
        668,
        418,
        250,
        669,
        108,
        603,
        335,
        495,
        872,
        373,
        130,
        476,
        317,
        817,
        925,
        329,
        380,
        566,
        225,
        88,
        879,
        433,
        716,
        513,
        811,
        30,
        529,
        110,
        723,
        353,
        515,
        548,
        143,
        465,
        407,
        821,
        601,
        37,
        691,
        744,
        589,
        259,
        557,
        253,
        684,
        805,
        531,
        378,
        381,
        934,
        543,
        654,
        982,
        318,
        399,
        352,
        470,
        781,
        662,
        551,
        560,
        202,
        77,
        457,
        158,
        651,
        865,
        298,
        659,
        832,
        17,
        907,
        307,
        760,
        813,
        154,
        685,
        924,
        369,
        632,
        792,
        881,
        837,
        403,
        368,
        119,
        279,
        502,
        42,
        210,
        449,
        19,
        164,
        402,
        756,
        410,
        488,
        5,
        133,
        626,
        456,
        286,
        24,
        820,
        525,
        663,
        43,
        909,
        783,
        971,
        459,
        949,
        282,
        141,
        193,
        779,
        797,
        0,
        319,
        405,
        514,
        256,
        295,
        39,
        160,
        976,
        838,
        803,
        41,
        136,
        734,
        472,
        568,
        117,
        708,
        855,
        264,
        721,
        477,
        452,
        912,
        892,
        494,
        27,
        205,
        508,
        945,
        113,
        385,
        503,
        492,
        596,
        25,
        867,
        359,
        10,
        485,
        538,
        187,
        906,
        350,
        635,
        14,
        794,
        104,
        448,
        337,
        167,
        208,
        270,
        116,
        212,
        57,
        598,
        263,
        140,
        573,
        324,
        427,
        114,
        696,
        591,
        240,
        840,
        517,
        980,
        351,
        207,
        625,
        958,
        602,
        759,
        807,
        147,
        710,
        47,
        763,
        540,
        729,
        124,
        848,
        287,
        146,
        172,
        206,
        81,
        201,
        706,
        325,
        382,
        365,
        346,
        178,
        89,
        254,
        431,
        168,
        972,
        960,
        742,
        246,
        878,
        885,
        36,
        55,
        173,
        571,
        868,
        473,
        293,
        93,
        629,
        556,
        693,
        962,
        97,
        722,
        245,
        534,
        142,
        732,
        718,
        331,
        151,
        793,
        527,
        91,
        704,
        165,
        649,
        994,
        592,
        648,
        310,
        153,
        455,
        475,
        487,
        386,
        884,
        267,
        236,
        569,
        545,
        249,
        500,
        281,
        175,
        135,
        768,
        354,
        985,
        628,
        965,
        522,
        966,
        550,
        780,
        847,
        271,
        454,
        970,
        895,
        342,
        438,
        862,
        156,
        467,
        542,
        814,
        445,
        853,
        747,
        688,
        910,
        163,
        660,
        776,
        613,
        689,
        415
    ],
    "Global Optimum": 0,
    "Algorithm": "Genetic algorithm",
    "Parameters": {
        "population": 30,
        "offspring": 30,
        "mutation probability": 0.001,
        "crossover probability": 0.9
    },
    "Fitness": 1345851,
    "Solution": [
        913,
        647,
        58,
        656,
        816,
        4,
        705,
        677,
        599,
        258,
        69,
        897,
        434,
        388,
        34,
        197,
        461,
        464,
        401,
        789,
        600,
        266,
        829,
        860,
        11,
        122,
        787,
        439,
        138,
        442,
        462,
        535,
        506,
        757,
        637,
        484,
        507,
        327,
        125,
        681,
        224,
        584,
        580,
        521,
        294,
        71,
        701,
        577,
        106,
        923,
        400,
        849,
        935,
        308,
        126,
        990,
        709,
        986,
        499,
        541,
        261,
        424,
        946,
        198,
        196,
        808,
        765,
        530,
        115,
        432,
        194,
        512,
        929,
        901,
        396,
        384,
        509,
        975,
        28,
        700,
        330,
        49,
        570,
        930,
        882,
        678,
        343,
        74,
        181,
        370,
        425,
        6,
        235,
        447,
        796,
        360,
        831,
        231,
        870,
        955,
        230,
        784,
        489,
        78,
        968,
        444,
        697,
        86,
        222,
        627,
        404,
        524,
        588,
        595,
        129,
        268,
        339,
        749,
        608,
        916,
        890,
        563,
        505,
        481,
        539,
        215,
        67,
        788,
        44,
        344,
        618,
        997,
        299,
        390,
        559,
        672,
        931,
        834,
        682,
        458,
        53,
        72,
        687,
        40,
        843,
        875,
        915,
        363,
        35,
        828,
        928,
        585,
        908,
        414,
        702,
        376,
        192,
        819,
        51,
        644,
        341,
        883,
        996,
        379,
        412,
        50,
        528,
        361,
        645,
        383,
        877,
        555,
        605,
        712,
        815,
        233,
        891,
        377,
        46,
        643,
        593,
        978,
        565,
        419,
        280,
        953,
        692,
        919,
        248,
        149,
        852,
        510,
        864,
        166,
        463,
        889,
        762,
        221,
        576,
        519,
        320,
        728,
        13,
        100,
        15,
        183,
        664,
        474,
        314,
        743,
        20,
        616,
        984,
        139,
        698,
        190,
        242,
        355,
        326,
        211,
        617,
        391,
        998,
        437,
        255,
        666,
        575,
        830,
        2,
        98,
        898,
        782,
        636,
        94,
        675,
        416,
        842,
        315,
        90,
        887,
        417,
        876,
        227,
        313,
        938,
        217,
        655,
        265,
        790,
        408,
        523,
        48,
        300,
        274,
        132,
        874,
        845,
        630,
        801,
        799,
        322,
        195,
        933,
        553,
        639,
        123,
        950,
        429,
        634,
        275,
        917,
        393,
        220,
        606,
        850,
        423,
        981,
        349,
        770,
        667,
        851,
        127,
        70,
        262,
        967,
        741,
        16,
        604,
        785,
        751,
        85,
        544,
        866,
        974,
        937,
        620,
        203,
        371,
        241,
        695,
        886,
        33,
        469,
        348,
        54,
        237,
        73,
        347,
        80,
        587,
        374,
        394,
        52,
        345,
        735,
        334,
        904,
        397,
        739,
        537,
        321,
        578,
        804,
        297,
        579,
        583,
        961,
        364,
        800,
        159,
        597,
        161,
        942,
        880,
        730,
        145,
        809,
        269,
        99,
        96,
        861,
        276,
        340,
        482,
        944,
        827,
        680,
        486,
        214,
        420,
        624,
        921,
        278,
        652,
        171,
        430,
        362,
        657,
        56,
        922,
        858,
        676,
        993,
        301,
        22,
        547,
        357,
        387,
        899,
        177,
        441,
        31,
        977,
        674,
        857,
        392,
        76,
        752,
        59,
        920,
        204,
        289,
        228,
        536,
        833,
        914,
        835,
        471,
        711,
        642,
        45,
        750,
        769,
        665,
        87,
        731,
        182,
        303,
        574,
        516,
        777,
        451,
        615,
        518,
        999,
        902,
        162,
        84,
        367,
        389,
        498,
        943,
        823,
        761,
        185,
        822,
        9,
        180,
        690,
        926,
        717,
        63,
        911,
        356,
        333,
        896,
        846,
        873,
        292,
        32,
        199,
        189,
        686,
        703,
        372,
        791,
        409,
        795,
        854,
        586,
        954,
        243,
        607,
        79,
        323,
        646,
        375,
        290,
        184,
        737,
        179,
        109,
        128,
        713,
        191,
        775,
        633,
        421,
        694,
        131,
        21,
        446,
        83,
        766,
        653,
        460,
        774,
        82,
        824,
        238,
        594,
        312,
        29,
        504,
        558,
        107,
        979,
        234,
        422,
        311,
        118,
        736,
        786,
        727,
        590,
        951,
        825,
        285,
        893,
        428,
        863,
        490,
        609,
        102,
        288,
        621,
        306,
        3,
        856,
        699,
        491,
        511,
        963,
        894,
        38,
        650,
        964,
        724,
        336,
        435,
        918,
        582,
        497,
        411,
        778,
        841,
        900,
        23,
        610,
        244,
        358,
        526,
        213,
        533,
        338,
        478,
        101,
        905,
        812,
        638,
        671,
        567,
        239,
        26,
        12,
        302,
        836,
        992,
        871,
        247,
        733,
        75,
        773,
        572,
        859,
        995,
        720,
        673,
        332,
        973,
        810,
        111,
        725,
        152,
        956,
        483,
        754,
        65,
        764,
        284,
        18,
        623,
        60,
        66,
        252,
        291,
        987,
        826,
        670,
        1,
        176,
        105,
        296,
        546,
        257,
        413,
        614,
        707,
        939,
        8,
        988,
        277,
        903,
        640,
        150,
        120,
        61,
        64,
        772,
        134,
        251,
        746,
        92,
        641,
        562,
        223,
        426,
        480,
        232,
        95,
        309,
        806,
        959,
        771,
        406,
        218,
        174,
        62,
        940,
        715,
        726,
        564,
        758,
        561,
        619,
        316,
        219,
        714,
        611,
        798,
        936,
        719,
        658,
        188,
        216,
        112,
        496,
        552,
        631,
        501,
        957,
        679,
        395,
        802,
        450,
        612,
        466,
        554,
        549,
        157,
        622,
        661,
        755,
        440,
        200,
        155,
        869,
        68,
        144,
        7,
        932,
        468,
        328,
        767,
        952,
        283,
        683,
        983,
        839,
        453,
        991,
        479,
        740,
        948,
        226,
        229,
        581,
        844,
        148,
        137,
        443,
        169,
        738,
        888,
        103,
        532,
        273,
        170,
        305,
        927,
        745,
        748,
        436,
        121,
        969,
        753,
        989,
        209,
        304,
        366,
        398,
        260,
        186,
        272,
        941,
        947,
        520,
        493,
        818,
        668,
        418,
        250,
        669,
        108,
        603,
        335,
        495,
        872,
        373,
        130,
        476,
        317,
        817,
        925,
        329,
        380,
        566,
        225,
        88,
        879,
        433,
        716,
        513,
        811,
        30,
        529,
        110,
        723,
        353,
        515,
        548,
        143,
        465,
        407,
        821,
        601,
        37,
        691,
        744,
        589,
        259,
        557,
        253,
        684,
        805,
        531,
        378,
        381,
        934,
        543,
        654,
        982,
        318,
        399,
        352,
        470,
        781,
        662,
        551,
        560,
        202,
        77,
        457,
        158,
        651,
        865,
        298,
        659,
        832,
        17,
        907,
        307,
        760,
        813,
        154,
        685,
        924,
        369,
        632,
        792,
        881,
        837,
        403,
        368,
        119,
        279,
        502,
        42,
        210,
        449,
        19,
        164,
        402,
        756,
        410,
        488,
        5,
        133,
        626,
        456,
        286,
        24,
        820,
        525,
        663,
        43,
        909,
        783,
        971,
        459,
        949,
        282,
        141,
        193,
        779,
        797,
        0,
        319,
        405,
        514,
        256,
        295,
        39,
        160,
        976,
        838,
        803,
        41,
        136,
        734,
        472,
        568,
        117,
        708,
        855,
        264,
        721,
        477,
        452,
        912,
        892,
        494,
        27,
        205,
        508,
        945,
        113,
        385,
        503,
        492,
        596,
        25,
        867,
        359,
        10,
        485,
        538,
        187,
        906,
        350,
        635,
        14,
        794,
        104,
        448,
        337,
        167,
        208,
        270,
        116,
        212,
        57,
        598,
        263,
        140,
        573,
        324,
        427,
        114,
        696,
        591,
        240,
        840,
        517,
        980,
        351,
        207,
        625,
        958,
        602,
        759,
        807,
        147,
        710,
        47,
        763,
        540,
        729,
        124,
        848,
        287,
        146,
        172,
        206,
        81,
        201,
        706,
        325,
        382,
        365,
        346,
        178,
        89,
        254,
        431,
        168,
        972,
        960,
        742,
        246,
        878,
        885,
        36,
        55,
        173,
        571,
        868,
        473,
        293,
        93,
        629,
        556,
        693,
        962,
        97,
        722,
        245,
        534,
        142,
        732,
        718,
        331,
        151,
        793,
        527,
        91,
        704,
        165,
        649,
        994,
        592,
        648,
        310,
        153,
        455,
        475,
        487,
        386,
        884,
        267,
        236,
        569,
        545,
        249,
        500,
        281,
        175,
        135,
        768,
        354,
        985,
        628,
        965,
        522,
        966,
        550,
        780,
        847,
        271,
        454,
        970,
        895,
        342,
        438,
        862,
        156,
        467,
        542,
        814,
        445,
        853,
        747,
        688,
        910,
        163,
        660,
        776,
        613,
        689,
        415
    ],
    "Nb of functions evaluations": 200010,
    "Computational time in seconds": 3067.724324464798,
    "Stopping criterion in evaluations": 200000
}