5° run output:
{
    "Function": "kroA1000.tsp",
    "Problem dimension": [
        545,
        896,
        154,
        595,
        494,
        281,
        689,
        976,
        239,
        964,
        64,
        895,
        907,
        673,
        700,
        705,
        287,
        795,
        8,
        148,
        942,
        63,
        54,
        975,
        17,
        733,
        553,
        176,
        534,
        718,
        635,
        992,
        571,
        983,
        440,
        742,
        20,
        675,
        3,
        960,
        84,
        958,
        726,
        996,
        102,
        42,
        107,
        523,
        852,
        496,
        184,
        881,
        771,
        435,
        768,
        298,
        269,
        180,
        264,
        708,
        599,
        335,
        600,
        818,
        681,
        693,
        46,
        303,
        252,
        370,
        517,
        716,
        485,
        260,
        381,
        115,
        780,
        177,
        924,
        365,
        199,
        372,
        331,
        694,
        998,
        451,
        314,
        971,
        380,
        443,
        188,
        738,
        341,
        186,
        279,
        231,
        959,
        343,
        236,
        352,
        366,
        378,
        353,
        674,
        934,
        654,
        216,
        832,
        295,
        31,
        265,
        357,
        862,
        561,
        163,
        904,
        405,
        593,
        588,
        652,
        471,
        791,
        256,
        47,
        611,
        185,
        5,
        132,
        441,
        362,
        608,
        995,
        557,
        777,
        943,
        610,
        888,
        504,
        371,
        565,
        278,
        855,
        226,
        785,
        267,
        756,
        638,
        916,
        846,
        562,
        30,
        346,
        856,
        922,
        448,
        413,
        900,
        520,
        749,
        446,
        127,
        74,
        194,
        744,
        21,
        384,
        646,
        788,
        414,
        290,
        113,
        128,
        532,
        432,
        404,
        477,
        242,
        155,
        802,
        767,
        891,
        680,
        529,
        609,
        376,
        382,
        10,
        809,
        433,
        325,
        704,
        78,
        114,
        513,
        747,
        86,
        902,
        218,
        711,
        338,
        838,
        121,
        245,
        814,
        131,
        746,
        400,
        801,
        19,
        948,
        274,
        762,
        731,
        655,
        162,
        619,
        436,
        702,
        438,
        910,
        807,
        564,
        915,
        195,
        29,
        727,
        0,
        980,
        26,
        932,
        789,
        160,
        903,
        430,
        820,
        190,
        334,
        844,
        305,
        409,
        808,
        633,
        268,
        647,
        603,
        790,
        748,
        552,
        781,
        248,
        882,
        412,
        741,
        116,
        393,
        877,
        723,
        386,
        885,
        533,
        249,
        797,
        126,
        129,
        285,
        360,
        640,
        111,
        156,
        769,
        87,
        701,
        665,
        142,
        75,
        935,
        98,
        146,
        833,
        591,
        666,
        106,
        437,
        936,
        241,
        919,
        644,
        779,
        567,
        368,
        993,
        200,
        373,
        997,
        690,
        812,
        639,
        120,
        302,
        168,
        933,
        139,
        713,
        947,
        68,
        834,
        977,
        617,
        519,
        979,
        845,
        759,
        798,
        586,
        984,
        858,
        631,
        135,
        509,
        339,
        240,
        97,
        235,
        307,
        266,
        222,
        91,
        478,
        187,
        542,
        551,
        575,
        594,
        328,
        149,
        293,
        918,
        871,
        786,
        85,
        429,
        406,
        670,
        536,
        831,
        842,
        782,
        538,
        234,
        4,
        961,
        389,
        658,
        462,
        778,
        364,
        449,
        463,
        864,
        423,
        329,
        982,
        892,
        253,
        179,
        962,
        275,
        539,
        695,
        122,
        745,
        43,
        396,
        672,
        669,
        40,
        684,
        442,
        986,
        192,
        985,
        776,
        620,
        590,
        172,
        13,
        103,
        909,
        166,
        827,
        318,
        431,
        408,
        340,
        659,
        401,
        182,
        35,
        717,
        262,
        309,
        458,
        703,
        493,
        823,
        50,
        950,
        284,
        273,
        202,
        558,
        323,
        582,
        45,
        725,
        411,
        71,
        530,
        541,
        556,
        512,
        391,
        502,
        77,
        861,
        793,
        322,
        683,
        568,
        204,
        661,
        636,
        28,
        626,
        835,
        953,
        773,
        830,
        165,
        32,
        89,
        167,
        988,
        925,
        9,
        244,
        859,
        428,
        540,
        224,
        887,
        579,
        422,
        604,
        753,
        813,
        263,
        123,
        407,
        501,
        821,
        783,
        125,
        989,
        819,
        664,
        628,
        169,
        95,
        100,
        508,
        489,
        228,
        374,
        550,
        308,
        908,
        941,
        399,
        286,
        527,
        799,
        294,
        956,
        710,
        112,
        480,
        134,
        426,
        889,
        974,
        201,
        104,
        854,
        157,
        355,
        574,
        775,
        203,
        692,
        395,
        425,
        952,
        153,
        643,
        763,
        315,
        337,
        229,
        99,
        251,
        316,
        151,
        587,
        555,
        890,
        92,
        607,
        721,
        740,
        311,
        605,
        57,
        732,
        51,
        537,
        59,
        920,
        629,
        957,
        634,
        211,
        931,
        970,
        130,
        901,
        44,
        296,
        73,
        615,
        356,
        677,
        474,
        612,
        270,
        792,
        999,
        563,
        954,
        164,
        917,
        839,
        313,
        663,
        696,
        304,
        850,
        870,
        906,
        774,
        546,
        526,
        48,
        841,
        292,
        213,
        651,
        884,
        583,
        828,
        822,
        56,
        955,
        55,
        632,
        361,
        544,
        967,
        720,
        507,
        498,
        152,
        843,
        417,
        392,
        978,
        754,
        618,
        757,
        766,
        528,
        816,
        333,
        388,
        459,
        332,
        543,
        945,
        11,
        880,
        208,
        198,
        15,
        876,
        968,
        124,
        596,
        349,
        760,
        879,
        714,
        317,
        706,
        811,
        572,
        973,
        447,
        598,
        439,
        905,
        402,
        796,
        238,
        492,
        514,
        668,
        926,
        105,
        88,
        804,
        101,
        159,
        321,
        580,
        272,
        288,
        750,
        65,
        573,
        597,
        348,
        461,
        140,
        221,
        886,
        679,
        576,
        736,
        497,
        602,
        878,
        883,
        280,
        869,
        324,
        481,
        277,
        257,
        450,
        712,
        872,
        415,
        743,
        724,
        657,
        940,
        531,
        282,
        145,
        310,
        860,
        806,
        363,
        327,
        866,
        193,
        987,
        676,
        220,
        444,
        930,
        119,
        735,
        761,
        524,
        76,
        627,
        691,
        67,
        515,
        687,
        258,
        418,
        454,
        178,
        207,
        136,
        36,
        729,
        678,
        398,
        787,
        660,
        965,
        662,
        840,
        387,
        949,
        836,
        937,
        276,
        403,
        682,
        291,
        161,
        90,
        209,
        232,
        559,
        510,
        397,
        6,
        467,
        424,
        784,
        80,
        379,
        688,
        739,
        14,
        336,
        345,
        911,
        938,
        589,
        82,
        225,
        495,
        81,
        518,
        671,
        566,
        505,
        927,
        33,
        83,
        453,
        421,
        94,
        758,
        1,
        79,
        473,
        175,
        70,
        306,
        174,
        826,
        560,
        637,
        109,
        490,
        472,
        606,
        770,
        181,
        143,
        212,
        227,
        53,
        547,
        894,
        72,
        794,
        300,
        475,
        410,
        829,
        653,
        875,
        697,
        928,
        516,
        230,
        641,
        810,
        511,
        913,
        667,
        755,
        581,
        367,
        247,
        158,
        737,
        479,
        616,
        215,
        622,
        499,
        243,
        150,
        457,
        929,
        549,
        351,
        613,
        487,
        12,
        246,
        62,
        359,
        851,
        719,
        649,
        825,
        214,
        344,
        624,
        805,
        554,
        946,
        857,
        205,
        41,
        469,
        800,
        863,
        445,
        994,
        847,
        503,
        452,
        951,
        49,
        427,
        470,
        60,
        171,
        898,
        196,
        96,
        752,
        715,
        765,
        173,
        570,
        110,
        375,
        133,
        7,
        118,
        642,
        914,
        817,
        170,
        38,
        614,
        730,
        893,
        601,
        764,
        486,
        350,
        147,
        468,
        206,
        144,
        27,
        465,
        354,
        585,
        548,
        491,
        37,
        577,
        383,
        137,
        93,
        390,
        584,
        108,
        630,
        23,
        320,
        867,
        369,
        299,
        921,
        488,
        138,
        460,
        853,
        347,
        237,
        25,
        219,
        191,
        358,
        319,
        58,
        698,
        24,
        699,
        420,
        645,
        709,
        751,
        722,
        625,
        2,
        803,
        456,
        686,
        385,
        223,
        650,
        297,
        250,
        22,
        16,
        500,
        981,
        141,
        183,
        837,
        648,
        865,
        189,
        969,
        34,
        482,
        377,
        815,
        261,
        330,
        944,
        18,
        312,
        966,
        301,
        621,
        342,
        707,
        117,
        283,
        592,
        419,
        728,
        990,
        923,
        522,
        484,
        254,
        416,
        259,
        685,
        455,
        476,
        848,
        39,
        874,
        623,
        897,
        255,
        271,
        578,
        772,
        972,
        197,
        991,
        52,
        912,
        868,
        466,
        69,
        66,
        963,
        824,
        434,
        61,
        210,
        873,
        525,
        939,
        217,
        326,
        734,
        569,
        464,
        483,
        656,
        289,
        394,
        233,
        899,
        535,
        849,
        521,
        506
    ],
    "Global Optimum": 0,
    "Algorithm": "Genetic algorithm",
    "Parameters": {
        "population": 30,
        "offspring": 30,
        "mutation probability": 0.001,
        "crossover probability": 0.9
    },
    "Fitness": 1347320,
    "Solution": [
        545,
        896,
        154,
        595,
        494,
        281,
        689,
        976,
        239,
        964,
        64,
        895,
        907,
        673,
        700,
        705,
        287,
        795,
        8,
        148,
        942,
        63,
        54,
        975,
        17,
        733,
        553,
        176,
        534,
        718,
        635,
        992,
        571,
        983,
        440,
        742,
        20,
        675,
        3,
        960,
        84,
        958,
        726,
        996,
        102,
        42,
        107,
        523,
        852,
        496,
        184,
        881,
        771,
        435,
        768,
        298,
        269,
        180,
        264,
        708,
        599,
        335,
        600,
        818,
        681,
        693,
        46,
        303,
        252,
        370,
        517,
        716,
        485,
        260,
        381,
        115,
        780,
        177,
        924,
        365,
        199,
        372,
        331,
        694,
        998,
        451,
        314,
        971,
        380,
        443,
        188,
        738,
        341,
        186,
        279,
        231,
        959,
        343,
        236,
        352,
        366,
        378,
        353,
        674,
        934,
        654,
        216,
        832,
        295,
        31,
        265,
        357,
        862,
        561,
        163,
        904,
        405,
        593,
        588,
        652,
        471,
        791,
        256,
        47,
        611,
        185,
        5,
        132,
        441,
        362,
        608,
        995,
        557,
        777,
        943,
        610,
        888,
        504,
        371,
        565,
        278,
        855,
        226,
        785,
        267,
        756,
        638,
        916,
        846,
        562,
        30,
        346,
        856,
        922,
        448,
        413,
        900,
        520,
        749,
        446,
        127,
        74,
        194,
        744,
        21,
        384,
        646,
        788,
        414,
        290,
        113,
        128,
        532,
        432,
        404,
        477,
        242,
        155,
        802,
        767,
        891,
        680,
        529,
        609,
        376,
        382,
        10,
        809,
        433,
        325,
        704,
        78,
        114,
        513,
        747,
        86,
        902,
        218,
        711,
        338,
        838,
        121,
        245,
        814,
        131,
        746,
        400,
        801,
        19,
        948,
        274,
        762,
        731,
        655,
        162,
        619,
        436,
        702,
        438,
        910,
        807,
        564,
        915,
        195,
        29,
        727,
        0,
        980,
        26,
        932,
        789,
        160,
        903,
        430,
        820,
        190,
        334,
        844,
        305,
        409,
        808,
        633,
        268,
        647,
        603,
        790,
        748,
        552,
        781,
        248,
        882,
        412,
        741,
        116,
        393,
        877,
        723,
        386,
        885,
        533,
        249,
        797,
        126,
        129,
        285,
        360,
        640,
        111,
        156,
        769,
        87,
        701,
        665,
        142,
        75,
        935,
        98,
        146,
        833,
        591,
        666,
        106,
        437,
        936,
        241,
        919,
        644,
        779,
        567,
        368,
        993,
        200,
        373,
        997,
        690,
        812,
        639,
        120,
        302,
        168,
        933,
        139,
        713,
        947,
        68,
        834,
        977,
        617,
        519,
        979,
        845,
        759,
        798,
        586,
        984,
        858,
        631,
        135,
        509,
        339,
        240,
        97,
        235,
        307,
        266,
        222,
        91,
        478,
        187,
        542,
        551,
        575,
        594,
        328,
        149,
        293,
        918,
        871,
        786,
        85,
        429,
        406,
        670,
        536,
        831,
        842,
        782,
        538,
        234,
        4,
        961,
        389,
        658,
        462,
        778,
        364,
        449,
        463,
        864,
        423,
        329,
        982,
        892,
        253,
        179,
        962,
        275,
        539,
        695,
        122,
        745,
        43,
        396,
        672,
        669,
        40,
        684,
        442,
        986,
        192,
        985,
        776,
        620,
        590,
        172,
        13,
        103,
        909,
        166,
        827,
        318,
        431,
        408,
        340,
        659,
        401,
        182,
        35,
        717,
        262,
        309,
        458,
        703,
        493,
        823,
        50,
        950,
        284,
        273,
        202,
        558,
        323,
        582,
        45,
        725,
        411,
        71,
        530,
        541,
        556,
        512,
        391,
        502,
        77,
        861,
        793,
        322,
        683,
        568,
        204,
        661,
        636,
        28,
        626,
        835,
        953,
        773,
        830,
        165,
        32,
        89,
        167,
        988,
        925,
        9,
        244,
        859,
        428,
        540,
        224,
        887,
        579,
        422,
        604,
        753,
        813,
        263,
        123,
        407,
        501,
        821,
        783,
        125,
        989,
        819,
        664,
        628,
        169,
        95,
        100,
        508,
        489,
        228,
        374,
        550,
        308,
        908,
        941,
        399,
        286,
        527,
        799,
        294,
        956,
        710,
        112,
        480,
        134,
        426,
        889,
        974,
        201,
        104,
        854,
        157,
        355,
        574,
        775,
        203,
        692,
        395,
        425,
        952,
        153,
        643,
        763,
        315,
        337,
        229,
        99,
        251,
        316,
        151,
        587,
        555,
        890,
        92,
        607,
        721,
        740,
        311,
        605,
        57,
        732,
        51,
        537,
        59,
        920,
        629,
        957,
        634,
        211,
        931,
        970,
        130,
        901,
        44,
        296,
        73,
        615,
        356,
        677,
        474,
        612,
        270,
        792,
        999,
        563,
        954,
        164,
        917,
        839,
        313,
        663,
        696,
        304,
        850,
        870,
        906,
        774,
        546,
        526,
        48,
        841,
        292,
        213,
        651,
        884,
        583,
        828,
        822,
        56,
        955,
        55,
        632,
        361,
        544,
        967,
        720,
        507,
        498,
        152,
        843,
        417,
        392,
        978,
        754,
        618,
        757,
        766,
        528,
        816,
        333,
        388,
        459,
        332,
        543,
        945,
        11,
        880,
        208,
        198,
        15,
        876,
        968,
        124,
        596,
        349,
        760,
        879,
        714,
        317,
        706,
        811,
        572,
        973,
        447,
        598,
        439,
        905,
        402,
        796,
        238,
        492,
        514,
        668,
        926,
        105,
        88,
        804,
        101,
        159,
        321,
        580,
        272,
        288,
        750,
        65,
        573,
        597,
        348,
        461,
        140,
        221,
        886,
        679,
        576,
        736,
        497,
        602,
        878,
        883,
        280,
        869,
        324,
        481,
        277,
        257,
        450,
        712,
        872,
        415,
        743,
        724,
        657,
        940,
        531,
        282,
        145,
        310,
        860,
        806,
        363,
        327,
        866,
        193,
        987,
        676,
        220,
        444,
        930,
        119,
        735,
        761,
        524,
        76,
        627,
        691,
        67,
        515,
        687,
        258,
        418,
        454,
        178,
        207,
        136,
        36,
        729,
        678,
        398,
        787,
        660,
        965,
        662,
        840,
        387,
        949,
        836,
        937,
        276,
        403,
        682,
        291,
        161,
        90,
        209,
        232,
        559,
        510,
        397,
        6,
        467,
        424,
        784,
        80,
        379,
        688,
        739,
        14,
        336,
        345,
        911,
        938,
        589,
        82,
        225,
        495,
        81,
        518,
        671,
        566,
        505,
        927,
        33,
        83,
        453,
        421,
        94,
        758,
        1,
        79,
        473,
        175,
        70,
        306,
        174,
        826,
        560,
        637,
        109,
        490,
        472,
        606,
        770,
        181,
        143,
        212,
        227,
        53,
        547,
        894,
        72,
        794,
        300,
        475,
        410,
        829,
        653,
        875,
        697,
        928,
        516,
        230,
        641,
        810,
        511,
        913,
        667,
        755,
        581,
        367,
        247,
        158,
        737,
        479,
        616,
        215,
        622,
        499,
        243,
        150,
        457,
        929,
        549,
        351,
        613,
        487,
        12,
        246,
        62,
        359,
        851,
        719,
        649,
        825,
        214,
        344,
        624,
        805,
        554,
        946,
        857,
        205,
        41,
        469,
        800,
        863,
        445,
        994,
        847,
        503,
        452,
        951,
        49,
        427,
        470,
        60,
        171,
        898,
        196,
        96,
        752,
        715,
        765,
        173,
        570,
        110,
        375,
        133,
        7,
        118,
        642,
        914,
        817,
        170,
        38,
        614,
        730,
        893,
        601,
        764,
        486,
        350,
        147,
        468,
        206,
        144,
        27,
        465,
        354,
        585,
        548,
        491,
        37,
        577,
        383,
        137,
        93,
        390,
        584,
        108,
        630,
        23,
        320,
        867,
        369,
        299,
        921,
        488,
        138,
        460,
        853,
        347,
        237,
        25,
        219,
        191,
        358,
        319,
        58,
        698,
        24,
        699,
        420,
        645,
        709,
        751,
        722,
        625,
        2,
        803,
        456,
        686,
        385,
        223,
        650,
        297,
        250,
        22,
        16,
        500,
        981,
        141,
        183,
        837,
        648,
        865,
        189,
        969,
        34,
        482,
        377,
        815,
        261,
        330,
        944,
        18,
        312,
        966,
        301,
        621,
        342,
        707,
        117,
        283,
        592,
        419,
        728,
        990,
        923,
        522,
        484,
        254,
        416,
        259,
        685,
        455,
        476,
        848,
        39,
        874,
        623,
        897,
        255,
        271,
        578,
        772,
        972,
        197,
        991,
        52,
        912,
        868,
        466,
        69,
        66,
        963,
        824,
        434,
        61,
        210,
        873,
        525,
        939,
        217,
        326,
        734,
        569,
        464,
        483,
        656,
        289,
        394,
        233,
        899,
        535,
        849,
        521,
        506
    ],
    "Nb of functions evaluations": 200010,
    "Computational time in seconds": 2880.8790447711945,
    "Stopping criterion in evaluations": 200000
}