17° run output:
{
    "Function": "kroA1000.tsp",
    "Problem dimension": [
        577,
        614,
        925,
        333,
        851,
        856,
        525,
        868,
        208,
        825,
        596,
        879,
        79,
        644,
        600,
        373,
        528,
        302,
        651,
        997,
        46,
        229,
        772,
        764,
        591,
        407,
        569,
        125,
        99,
        94,
        108,
        688,
        974,
        180,
        810,
        223,
        401,
        141,
        16,
        458,
        514,
        752,
        205,
        481,
        51,
        971,
        323,
        342,
        742,
        418,
        884,
        835,
        476,
        959,
        561,
        362,
        826,
        88,
        859,
        830,
        639,
        289,
        529,
        21,
        598,
        813,
        80,
        312,
        217,
        37,
        898,
        734,
        705,
        246,
        2,
        431,
        593,
        665,
        722,
        24,
        517,
        139,
        729,
        98,
        414,
        255,
        587,
        892,
        102,
        78,
        846,
        675,
        81,
        941,
        196,
        356,
        63,
        471,
        526,
        190,
        822,
        270,
        145,
        5,
        990,
        540,
        219,
        632,
        654,
        541,
        687,
        263,
        160,
        281,
        955,
        18,
        48,
        40,
        858,
        792,
        188,
        207,
        932,
        168,
        432,
        921,
        381,
        669,
        216,
        124,
        886,
        656,
        549,
        122,
        936,
        762,
        531,
        926,
        135,
        948,
        403,
        178,
        313,
        603,
        960,
        661,
        426,
        630,
        247,
        257,
        142,
        869,
        10,
        202,
        422,
        269,
        755,
        109,
        330,
        543,
        171,
        986,
        730,
        805,
        354,
        191,
        673,
        23,
        727,
        355,
        725,
        397,
        402,
        176,
        85,
        624,
        710,
        650,
        594,
        433,
        297,
        251,
        976,
        419,
        470,
        849,
        855,
        489,
        172,
        149,
        506,
        67,
        559,
        386,
        523,
        131,
        346,
        138,
        502,
        114,
        412,
        129,
        972,
        459,
        676,
        773,
        320,
        578,
        227,
        847,
        482,
        317,
        626,
        777,
        778,
        283,
        240,
        515,
        353,
        610,
        949,
        446,
        319,
        31,
        861,
        554,
        455,
        387,
        628,
        954,
        530,
        474,
        604,
        136,
        65,
        738,
        927,
        309,
        123,
        677,
        894,
        90,
        321,
        11,
        0,
        224,
        492,
        42,
        852,
        918,
        881,
        744,
        334,
        19,
        862,
        981,
        265,
        253,
        49,
        950,
        293,
        260,
        837,
        903,
        951,
        232,
        367,
        408,
        457,
        52,
        193,
        566,
        613,
        182,
        590,
        331,
        116,
        995,
        574,
        923,
        130,
        340,
        366,
        534,
        72,
        649,
        916,
        901,
        383,
        416,
        496,
        132,
        966,
        64,
        258,
        501,
        875,
        398,
        789,
        607,
        409,
        910,
        545,
        152,
        388,
        274,
        442,
        483,
        782,
        648,
        328,
        164,
        332,
        436,
        767,
        719,
        686,
        198,
        757,
        503,
        563,
        709,
        931,
        1,
        899,
        478,
        243,
        615,
        375,
        195,
        368,
        415,
        100,
        608,
        259,
        221,
        964,
        84,
        341,
        977,
        241,
        989,
        975,
        617,
        307,
        226,
        585,
        357,
        642,
        13,
        668,
        206,
        641,
        522,
        385,
        318,
        71,
        58,
        833,
        731,
        69,
        395,
        924,
        3,
        920,
        337,
        304,
        209,
        678,
        244,
        946,
        163,
        662,
        845,
        89,
        405,
        904,
        780,
        934,
        905,
        711,
        291,
        325,
        410,
        702,
        272,
        497,
        597,
        187,
        787,
        908,
        657,
        843,
        917,
        310,
        874,
        91,
        568,
        230,
        701,
        818,
        435,
        377,
        761,
        343,
        76,
        836,
        887,
        103,
        586,
        692,
        793,
        984,
        689,
        248,
        233,
        268,
        581,
        466,
        170,
        953,
        943,
        153,
        524,
        978,
        50,
        60,
        827,
        794,
        552,
        271,
        467,
        866,
        779,
        896,
        326,
        427,
        754,
        518,
        115,
        962,
        853,
        382,
        425,
        820,
        438,
        728,
        147,
        982,
        536,
        429,
        101,
        83,
        797,
        411,
        493,
        831,
        189,
        775,
        487,
        491,
        389,
        798,
        562,
        877,
        870,
        551,
        670,
        643,
        222,
        30,
        279,
        580,
        768,
        472,
        303,
        799,
        113,
        556,
        576,
        77,
        841,
        62,
        848,
        158,
        708,
        454,
        749,
        256,
        280,
        823,
        882,
        579,
        460,
        682,
        696,
        239,
        878,
        70,
        22,
        557,
        512,
        746,
        249,
        450,
        659,
        424,
        155,
        413,
        800,
        998,
        339,
        890,
        763,
        298,
        575,
        324,
        893,
        716,
        695,
        110,
        952,
        128,
        785,
        4,
        532,
        390,
        277,
        175,
        287,
        832,
        238,
        376,
        816,
        854,
        34,
        53,
        87,
        611,
        8,
        658,
        929,
        819,
        909,
        252,
        95,
        573,
        234,
        627,
        352,
        718,
        970,
        361,
        699,
        973,
        940,
        572,
        622,
        612,
        301,
        245,
        420,
        844,
        9,
        700,
        519,
        185,
        840,
        134,
        828,
        380,
        535,
        609,
        638,
        788,
        871,
        751,
        660,
        655,
        104,
        511,
        876,
        599,
        544,
        872,
        947,
        399,
        379,
        464,
        911,
        857,
        479,
        888,
        555,
        795,
        698,
        267,
        322,
        829,
        963,
        242,
        157,
        498,
        987,
        288,
        956,
        623,
        509,
        980,
        602,
        993,
        254,
        181,
        316,
        588,
        200,
        842,
        284,
        82,
        393,
        183,
        39,
        703,
        681,
        732,
        548,
        747,
        437,
        760,
        889,
        988,
        453,
        210,
        781,
        864,
        958,
        372,
        996,
        786,
        937,
        900,
        371,
        430,
        808,
        736,
        45,
        236,
        151,
        276,
        305,
        520,
        358,
        500,
        883,
        140,
        770,
        720,
        391,
        96,
        186,
        406,
        440,
        286,
        601,
        127,
        421,
        365,
        154,
        646,
        860,
        237,
        179,
        369,
        807,
        296,
        758,
        400,
        359,
        945,
        979,
        364,
        448,
        308,
        56,
        121,
        504,
        345,
        790,
        967,
        392,
        533,
        811,
        838,
        444,
        25,
        521,
        907,
        620,
        97,
        740,
        663,
        636,
        473,
        57,
        666,
        691,
        161,
        404,
        739,
        713,
        756,
        542,
        66,
        201,
        724,
        167,
        499,
        765,
        20,
        743,
        92,
        915,
        745,
        516,
        733,
        774,
        35,
        374,
        897,
        938,
        567,
        880,
        449,
        447,
        802,
        850,
        913,
        726,
        17,
        6,
        159,
        443,
        652,
        311,
        592,
        968,
        791,
        194,
        370,
        783,
        148,
        306,
        809,
        715,
        54,
        461,
        111,
        417,
        784,
        218,
        571,
        741,
        606,
        490,
        839,
        338,
        537,
        119,
        704,
        753,
        456,
        618,
        750,
        664,
        748,
        697,
        914,
        137,
        278,
        983,
        106,
        553,
        547,
        928,
        912,
        107,
        384,
        38,
        299,
        112,
        480,
        680,
        378,
        891,
        344,
        619,
        477,
        290,
        441,
        445,
        173,
        565,
        583,
        558,
        513,
        801,
        494,
        714,
        204,
        329,
        814,
        685,
        712,
        197,
        165,
        706,
        637,
        29,
        465,
        965,
        721,
        621,
        14,
        462,
        228,
        863,
        667,
        394,
        944,
        44,
        723,
        75,
        605,
        961,
        150,
        74,
        162,
        250,
        804,
        93,
        812,
        589,
        595,
        992,
        653,
        674,
        177,
        423,
        906,
        26,
        488,
        55,
        213,
        771,
        68,
        36,
        647,
        629,
        527,
        463,
        815,
        7,
        192,
        510,
        43,
        360,
        633,
        895,
        766,
        539,
        564,
        285,
        631,
        507,
        59,
        294,
        684,
        220,
        347,
        508,
        117,
        428,
        640,
        933,
        902,
        994,
        348,
        582,
        12,
        735,
        203,
        146,
        27,
        690,
        314,
        199,
        475,
        300,
        15,
        264,
        41,
        184,
        707,
        261,
        169,
        885,
        939,
        434,
        803,
        275,
        225,
        273,
        327,
        262,
        834,
        873,
        363,
        930,
        47,
        266,
        550,
        61,
        156,
        292,
        120,
        105,
        942,
        957,
        486,
        570,
        336,
        817,
        396,
        999,
        235,
        282,
        295,
        315,
        694,
        484,
        625,
        211,
        468,
        214,
        133,
        824,
        645,
        231,
        806,
        144,
        683,
        538,
        174,
        469,
        867,
        451,
        73,
        672,
        351,
        922,
        143,
        991,
        546,
        166,
        821,
        118,
        32,
        350,
        693,
        335,
        919,
        865,
        769,
        717,
        969,
        33,
        796,
        452,
        485,
        215,
        737,
        634,
        86,
        495,
        212,
        935,
        349,
        28,
        560,
        985,
        671,
        759,
        126,
        439,
        776,
        505,
        635,
        616,
        679,
        584
    ],
    "Global Optimum": 0,
    "Algorithm": "Genetic algorithm",
    "Parameters": {
        "population": 30,
        "offspring": 30,
        "mutation probability": 0.001,
        "crossover probability": 0.9
    },
    "Fitness": 1355542,
    "Solution": [
        577,
        614,
        925,
        333,
        851,
        856,
        525,
        868,
        208,
        825,
        596,
        879,
        79,
        644,
        600,
        373,
        528,
        302,
        651,
        997,
        46,
        229,
        772,
        764,
        591,
        407,
        569,
        125,
        99,
        94,
        108,
        688,
        974,
        180,
        810,
        223,
        401,
        141,
        16,
        458,
        514,
        752,
        205,
        481,
        51,
        971,
        323,
        342,
        742,
        418,
        884,
        835,
        476,
        959,
        561,
        362,
        826,
        88,
        859,
        830,
        639,
        289,
        529,
        21,
        598,
        813,
        80,
        312,
        217,
        37,
        898,
        734,
        705,
        246,
        2,
        431,
        593,
        665,
        722,
        24,
        517,
        139,
        729,
        98,
        414,
        255,
        587,
        892,
        102,
        78,
        846,
        675,
        81,
        941,
        196,
        356,
        63,
        471,
        526,
        190,
        822,
        270,
        145,
        5,
        990,
        540,
        219,
        632,
        654,
        541,
        687,
        263,
        160,
        281,
        955,
        18,
        48,
        40,
        858,
        792,
        188,
        207,
        932,
        168,
        432,
        921,
        381,
        669,
        216,
        124,
        886,
        656,
        549,
        122,
        936,
        762,
        531,
        926,
        135,
        948,
        403,
        178,
        313,
        603,
        960,
        661,
        426,
        630,
        247,
        257,
        142,
        869,
        10,
        202,
        422,
        269,
        755,
        109,
        330,
        543,
        171,
        986,
        730,
        805,
        354,
        191,
        673,
        23,
        727,
        355,
        725,
        397,
        402,
        176,
        85,
        624,
        710,
        650,
        594,
        433,
        297,
        251,
        976,
        419,
        470,
        849,
        855,
        489,
        172,
        149,
        506,
        67,
        559,
        386,
        523,
        131,
        346,
        138,
        502,
        114,
        412,
        129,
        972,
        459,
        676,
        773,
        320,
        578,
        227,
        847,
        482,
        317,
        626,
        777,
        778,
        283,
        240,
        515,
        353,
        610,
        949,
        446,
        319,
        31,
        861,
        554,
        455,
        387,
        628,
        954,
        530,
        474,
        604,
        136,
        65,
        738,
        927,
        309,
        123,
        677,
        894,
        90,
        321,
        11,
        0,
        224,
        492,
        42,
        852,
        918,
        881,
        744,
        334,
        19,
        862,
        981,
        265,
        253,
        49,
        950,
        293,
        260,
        837,
        903,
        951,
        232,
        367,
        408,
        457,
        52,
        193,
        566,
        613,
        182,
        590,
        331,
        116,
        995,
        574,
        923,
        130,
        340,
        366,
        534,
        72,
        649,
        916,
        901,
        383,
        416,
        496,
        132,
        966,
        64,
        258,
        501,
        875,
        398,
        789,
        607,
        409,
        910,
        545,
        152,
        388,
        274,
        442,
        483,
        782,
        648,
        328,
        164,
        332,
        436,
        767,
        719,
        686,
        198,
        757,
        503,
        563,
        709,
        931,
        1,
        899,
        478,
        243,
        615,
        375,
        195,
        368,
        415,
        100,
        608,
        259,
        221,
        964,
        84,
        341,
        977,
        241,
        989,
        975,
        617,
        307,
        226,
        585,
        357,
        642,
        13,
        668,
        206,
        641,
        522,
        385,
        318,
        71,
        58,
        833,
        731,
        69,
        395,
        924,
        3,
        920,
        337,
        304,
        209,
        678,
        244,
        946,
        163,
        662,
        845,
        89,
        405,
        904,
        780,
        934,
        905,
        711,
        291,
        325,
        410,
        702,
        272,
        497,
        597,
        187,
        787,
        908,
        657,
        843,
        917,
        310,
        874,
        91,
        568,
        230,
        701,
        818,
        435,
        377,
        761,
        343,
        76,
        836,
        887,
        103,
        586,
        692,
        793,
        984,
        689,
        248,
        233,
        268,
        581,
        466,
        170,
        953,
        943,
        153,
        524,
        978,
        50,
        60,
        827,
        794,
        552,
        271,
        467,
        866,
        779,
        896,
        326,
        427,
        754,
        518,
        115,
        962,
        853,
        382,
        425,
        820,
        438,
        728,
        147,
        982,
        536,
        429,
        101,
        83,
        797,
        411,
        493,
        831,
        189,
        775,
        487,
        491,
        389,
        798,
        562,
        877,
        870,
        551,
        670,
        643,
        222,
        30,
        279,
        580,
        768,
        472,
        303,
        799,
        113,
        556,
        576,
        77,
        841,
        62,
        848,
        158,
        708,
        454,
        749,
        256,
        280,
        823,
        882,
        579,
        460,
        682,
        696,
        239,
        878,
        70,
        22,
        557,
        512,
        746,
        249,
        450,
        659,
        424,
        155,
        413,
        800,
        998,
        339,
        890,
        763,
        298,
        575,
        324,
        893,
        716,
        695,
        110,
        952,
        128,
        785,
        4,
        532,
        390,
        277,
        175,
        287,
        832,
        238,
        376,
        816,
        854,
        34,
        53,
        87,
        611,
        8,
        658,
        929,
        819,
        909,
        252,
        95,
        573,
        234,
        627,
        352,
        718,
        970,
        361,
        699,
        973,
        940,
        572,
        622,
        612,
        301,
        245,
        420,
        844,
        9,
        700,
        519,
        185,
        840,
        134,
        828,
        380,
        535,
        609,
        638,
        788,
        871,
        751,
        660,
        655,
        104,
        511,
        876,
        599,
        544,
        872,
        947,
        399,
        379,
        464,
        911,
        857,
        479,
        888,
        555,
        795,
        698,
        267,
        322,
        829,
        963,
        242,
        157,
        498,
        987,
        288,
        956,
        623,
        509,
        980,
        602,
        993,
        254,
        181,
        316,
        588,
        200,
        842,
        284,
        82,
        393,
        183,
        39,
        703,
        681,
        732,
        548,
        747,
        437,
        760,
        889,
        988,
        453,
        210,
        781,
        864,
        958,
        372,
        996,
        786,
        937,
        900,
        371,
        430,
        808,
        736,
        45,
        236,
        151,
        276,
        305,
        520,
        358,
        500,
        883,
        140,
        770,
        720,
        391,
        96,
        186,
        406,
        440,
        286,
        601,
        127,
        421,
        365,
        154,
        646,
        860,
        237,
        179,
        369,
        807,
        296,
        758,
        400,
        359,
        945,
        979,
        364,
        448,
        308,
        56,
        121,
        504,
        345,
        790,
        967,
        392,
        533,
        811,
        838,
        444,
        25,
        521,
        907,
        620,
        97,
        740,
        663,
        636,
        473,
        57,
        666,
        691,
        161,
        404,
        739,
        713,
        756,
        542,
        66,
        201,
        724,
        167,
        499,
        765,
        20,
        743,
        92,
        915,
        745,
        516,
        733,
        774,
        35,
        374,
        897,
        938,
        567,
        880,
        449,
        447,
        802,
        850,
        913,
        726,
        17,
        6,
        159,
        443,
        652,
        311,
        592,
        968,
        791,
        194,
        370,
        783,
        148,
        306,
        809,
        715,
        54,
        461,
        111,
        417,
        784,
        218,
        571,
        741,
        606,
        490,
        839,
        338,
        537,
        119,
        704,
        753,
        456,
        618,
        750,
        664,
        748,
        697,
        914,
        137,
        278,
        983,
        106,
        553,
        547,
        928,
        912,
        107,
        384,
        38,
        299,
        112,
        480,
        680,
        378,
        891,
        344,
        619,
        477,
        290,
        441,
        445,
        173,
        565,
        583,
        558,
        513,
        801,
        494,
        714,
        204,
        329,
        814,
        685,
        712,
        197,
        165,
        706,
        637,
        29,
        465,
        965,
        721,
        621,
        14,
        462,
        228,
        863,
        667,
        394,
        944,
        44,
        723,
        75,
        605,
        961,
        150,
        74,
        162,
        250,
        804,
        93,
        812,
        589,
        595,
        992,
        653,
        674,
        177,
        423,
        906,
        26,
        488,
        55,
        213,
        771,
        68,
        36,
        647,
        629,
        527,
        463,
        815,
        7,
        192,
        510,
        43,
        360,
        633,
        895,
        766,
        539,
        564,
        285,
        631,
        507,
        59,
        294,
        684,
        220,
        347,
        508,
        117,
        428,
        640,
        933,
        902,
        994,
        348,
        582,
        12,
        735,
        203,
        146,
        27,
        690,
        314,
        199,
        475,
        300,
        15,
        264,
        41,
        184,
        707,
        261,
        169,
        885,
        939,
        434,
        803,
        275,
        225,
        273,
        327,
        262,
        834,
        873,
        363,
        930,
        47,
        266,
        550,
        61,
        156,
        292,
        120,
        105,
        942,
        957,
        486,
        570,
        336,
        817,
        396,
        999,
        235,
        282,
        295,
        315,
        694,
        484,
        625,
        211,
        468,
        214,
        133,
        824,
        645,
        231,
        806,
        144,
        683,
        538,
        174,
        469,
        867,
        451,
        73,
        672,
        351,
        922,
        143,
        991,
        546,
        166,
        821,
        118,
        32,
        350,
        693,
        335,
        919,
        865,
        769,
        717,
        969,
        33,
        796,
        452,
        485,
        215,
        737,
        634,
        86,
        495,
        212,
        935,
        349,
        28,
        560,
        985,
        671,
        759,
        126,
        439,
        776,
        505,
        635,
        616,
        679,
        584
    ],
    "Nb of functions evaluations": 200010,
    "Computational time in seconds": 2817.6653294563293,
    "Stopping criterion in evaluations": 200000
}