23° run output:
{
    "Function": "kroB500.tsp",
    "Problem dimension": [
        75,
        391,
        207,
        27,
        157,
        453,
        342,
        9,
        291,
        262,
        110,
        334,
        167,
        32,
        20,
        98,
        11,
        245,
        377,
        433,
        102,
        266,
        485,
        101,
        228,
        361,
        94,
        434,
        194,
        191,
        420,
        329,
        429,
        295,
        405,
        305,
        73,
        103,
        143,
        49,
        272,
        215,
        202,
        115,
        85,
        410,
        33,
        211,
        255,
        91,
        16,
        18,
        150,
        397,
        494,
        13,
        274,
        281,
        135,
        121,
        448,
        466,
        6,
        297,
        248,
        53,
        417,
        106,
        195,
        464,
        292,
        260,
        43,
        294,
        125,
        44,
        203,
        360,
        156,
        204,
        413,
        477,
        253,
        172,
        407,
        233,
        179,
        446,
        343,
        493,
        469,
        270,
        322,
        300,
        475,
        178,
        336,
        497,
        425,
        81,
        78,
        269,
        324,
        268,
        299,
        58,
        160,
        77,
        252,
        132,
        112,
        457,
        320,
        335,
        42,
        474,
        394,
        498,
        174,
        100,
        376,
        468,
        332,
        96,
        312,
        247,
        213,
        358,
        284,
        455,
        162,
        65,
        71,
        22,
        436,
        3,
        72,
        198,
        139,
        314,
        93,
        364,
        116,
        450,
        161,
        181,
        242,
        307,
        39,
        86,
        246,
        210,
        460,
        454,
        318,
        84,
        421,
        414,
        224,
        52,
        209,
        145,
        374,
        369,
        452,
        435,
        419,
        486,
        21,
        316,
        227,
        8,
        151,
        80,
        378,
        256,
        313,
        290,
        126,
        465,
        406,
        401,
        155,
        495,
        451,
        64,
        463,
        192,
        367,
        351,
        237,
        104,
        29,
        250,
        244,
        267,
        221,
        166,
        275,
        185,
        389,
        372,
        117,
        411,
        180,
        25,
        456,
        422,
        131,
        445,
        99,
        197,
        340,
        142,
        347,
        223,
        326,
        184,
        30,
        293,
        491,
        129,
        70,
        168,
        51,
        388,
        280,
        83,
        345,
        109,
        124,
        432,
        118,
        447,
        254,
        483,
        153,
        385,
        226,
        136,
        366,
        353,
        241,
        67,
        190,
        437,
        430,
        95,
        201,
        273,
        408,
        426,
        382,
        265,
        63,
        200,
        355,
        50,
        359,
        392,
        28,
        90,
        289,
        487,
        222,
        46,
        0,
        301,
        163,
        176,
        134,
        186,
        396,
        76,
        1,
        302,
        261,
        441,
        154,
        182,
        341,
        128,
        459,
        337,
        34,
        499,
        368,
        443,
        15,
        315,
        461,
        370,
        323,
        481,
        97,
        7,
        423,
        108,
        371,
        57,
        235,
        257,
        88,
        278,
        217,
        219,
        380,
        120,
        205,
        259,
        31,
        92,
        74,
        193,
        68,
        310,
        373,
        59,
        387,
        236,
        339,
        41,
        375,
        5,
        234,
        384,
        338,
        206,
        62,
        138,
        403,
        89,
        37,
        478,
        24,
        133,
        123,
        238,
        87,
        158,
        164,
        365,
        130,
        428,
        349,
        152,
        352,
        38,
        381,
        431,
        328,
        170,
        283,
        287,
        424,
        346,
        395,
        82,
        279,
        105,
        311,
        306,
        264,
        490,
        462,
        449,
        177,
        286,
        140,
        271,
        440,
        188,
        243,
        476,
        114,
        409,
        141,
        196,
        69,
        415,
        60,
        171,
        79,
        19,
        398,
        348,
        479,
        399,
        230,
        331,
        12,
        119,
        225,
        288,
        354,
        458,
        48,
        199,
        216,
        472,
        309,
        416,
        304,
        285,
        296,
        232,
        480,
        418,
        393,
        439,
        14,
        404,
        111,
        208,
        482,
        36,
        144,
        350,
        229,
        473,
        173,
        45,
        442,
        148,
        496,
        282,
        402,
        2,
        363,
        327,
        467,
        218,
        357,
        321,
        107,
        212,
        317,
        127,
        330,
        214,
        390,
        183,
        159,
        489,
        258,
        61,
        113,
        444,
        492,
        356,
        263,
        412,
        277,
        325,
        149,
        56,
        17,
        333,
        386,
        187,
        240,
        146,
        10,
        137,
        484,
        55,
        308,
        54,
        147,
        35,
        40,
        470,
        488,
        122,
        344,
        303,
        189,
        383,
        276,
        23,
        471,
        66,
        165,
        231,
        4,
        427,
        379,
        249,
        438,
        26,
        169,
        239,
        251,
        400,
        319,
        47,
        175,
        362,
        220,
        298
    ],
    "Global Optimum": 0,
    "Algorithm": "Genetic algorithm",
    "Parameters": {
        "population": 30,
        "offspring": 30,
        "mutation probability": 0.002,
        "crossover probability": 0.9
    },
    "Fitness": 566893,
    "Solution": [
        75,
        391,
        207,
        27,
        157,
        453,
        342,
        9,
        291,
        262,
        110,
        334,
        167,
        32,
        20,
        98,
        11,
        245,
        377,
        433,
        102,
        266,
        485,
        101,
        228,
        361,
        94,
        434,
        194,
        191,
        420,
        329,
        429,
        295,
        405,
        305,
        73,
        103,
        143,
        49,
        272,
        215,
        202,
        115,
        85,
        410,
        33,
        211,
        255,
        91,
        16,
        18,
        150,
        397,
        494,
        13,
        274,
        281,
        135,
        121,
        448,
        466,
        6,
        297,
        248,
        53,
        417,
        106,
        195,
        464,
        292,
        260,
        43,
        294,
        125,
        44,
        203,
        360,
        156,
        204,
        413,
        477,
        253,
        172,
        407,
        233,
        179,
        446,
        343,
        493,
        469,
        270,
        322,
        300,
        475,
        178,
        336,
        497,
        425,
        81,
        78,
        269,
        324,
        268,
        299,
        58,
        160,
        77,
        252,
        132,
        112,
        457,
        320,
        335,
        42,
        474,
        394,
        498,
        174,
        100,
        376,
        468,
        332,
        96,
        312,
        247,
        213,
        358,
        284,
        455,
        162,
        65,
        71,
        22,
        436,
        3,
        72,
        198,
        139,
        314,
        93,
        364,
        116,
        450,
        161,
        181,
        242,
        307,
        39,
        86,
        246,
        210,
        460,
        454,
        318,
        84,
        421,
        414,
        224,
        52,
        209,
        145,
        374,
        369,
        452,
        435,
        419,
        486,
        21,
        316,
        227,
        8,
        151,
        80,
        378,
        256,
        313,
        290,
        126,
        465,
        406,
        401,
        155,
        495,
        451,
        64,
        463,
        192,
        367,
        351,
        237,
        104,
        29,
        250,
        244,
        267,
        221,
        166,
        275,
        185,
        389,
        372,
        117,
        411,
        180,
        25,
        456,
        422,
        131,
        445,
        99,
        197,
        340,
        142,
        347,
        223,
        326,
        184,
        30,
        293,
        491,
        129,
        70,
        168,
        51,
        388,
        280,
        83,
        345,
        109,
        124,
        432,
        118,
        447,
        254,
        483,
        153,
        385,
        226,
        136,
        366,
        353,
        241,
        67,
        190,
        437,
        430,
        95,
        201,
        273,
        408,
        426,
        382,
        265,
        63,
        200,
        355,
        50,
        359,
        392,
        28,
        90,
        289,
        487,
        222,
        46,
        0,
        301,
        163,
        176,
        134,
        186,
        396,
        76,
        1,
        302,
        261,
        441,
        154,
        182,
        341,
        128,
        459,
        337,
        34,
        499,
        368,
        443,
        15,
        315,
        461,
        370,
        323,
        481,
        97,
        7,
        423,
        108,
        371,
        57,
        235,
        257,
        88,
        278,
        217,
        219,
        380,
        120,
        205,
        259,
        31,
        92,
        74,
        193,
        68,
        310,
        373,
        59,
        387,
        236,
        339,
        41,
        375,
        5,
        234,
        384,
        338,
        206,
        62,
        138,
        403,
        89,
        37,
        478,
        24,
        133,
        123,
        238,
        87,
        158,
        164,
        365,
        130,
        428,
        349,
        152,
        352,
        38,
        381,
        431,
        328,
        170,
        283,
        287,
        424,
        346,
        395,
        82,
        279,
        105,
        311,
        306,
        264,
        490,
        462,
        449,
        177,
        286,
        140,
        271,
        440,
        188,
        243,
        476,
        114,
        409,
        141,
        196,
        69,
        415,
        60,
        171,
        79,
        19,
        398,
        348,
        479,
        399,
        230,
        331,
        12,
        119,
        225,
        288,
        354,
        458,
        48,
        199,
        216,
        472,
        309,
        416,
        304,
        285,
        296,
        232,
        480,
        418,
        393,
        439,
        14,
        404,
        111,
        208,
        482,
        36,
        144,
        350,
        229,
        473,
        173,
        45,
        442,
        148,
        496,
        282,
        402,
        2,
        363,
        327,
        467,
        218,
        357,
        321,
        107,
        212,
        317,
        127,
        330,
        214,
        390,
        183,
        159,
        489,
        258,
        61,
        113,
        444,
        492,
        356,
        263,
        412,
        277,
        325,
        149,
        56,
        17,
        333,
        386,
        187,
        240,
        146,
        10,
        137,
        484,
        55,
        308,
        54,
        147,
        35,
        40,
        470,
        488,
        122,
        344,
        303,
        189,
        383,
        276,
        23,
        471,
        66,
        165,
        231,
        4,
        427,
        379,
        249,
        438,
        26,
        169,
        239,
        251,
        400,
        319,
        47,
        175,
        362,
        220,
        298
    ],
    "Nb of functions evaluations": 200010,
    "Computational time in seconds": 848.4613862037659,
    "Stopping criterion in evaluations": 200000
}