29° run output:
{
    "Function": "kroB500.tsp",
    "Problem dimension": [
        437,
        12,
        328,
        156,
        132,
        145,
        141,
        208,
        318,
        316,
        162,
        388,
        205,
        230,
        153,
        417,
        415,
        69,
        325,
        273,
        51,
        386,
        176,
        199,
        233,
        84,
        337,
        243,
        409,
        378,
        258,
        480,
        17,
        139,
        227,
        408,
        402,
        454,
        475,
        465,
        488,
        350,
        282,
        460,
        178,
        287,
        87,
        238,
        281,
        473,
        67,
        372,
        135,
        474,
        137,
        222,
        152,
        237,
        40,
        457,
        321,
        32,
        304,
        142,
        279,
        493,
        329,
        36,
        411,
        425,
        191,
        196,
        394,
        235,
        288,
        428,
        171,
        324,
        391,
        97,
        174,
        414,
        407,
        115,
        259,
        395,
        211,
        354,
        300,
        366,
        478,
        380,
        136,
        463,
        248,
        146,
        120,
        436,
        495,
        241,
        220,
        461,
        71,
        38,
        188,
        148,
        186,
        49,
        116,
        4,
        434,
        334,
        66,
        268,
        34,
        387,
        470,
        167,
        185,
        360,
        60,
        390,
        8,
        379,
        225,
        284,
        403,
        246,
        122,
        247,
        357,
        96,
        398,
        169,
        110,
        416,
        383,
        37,
        29,
        133,
        65,
        202,
        267,
        206,
        117,
        190,
        413,
        175,
        332,
        274,
        90,
        7,
        28,
        393,
        423,
        234,
        232,
        150,
        62,
        382,
        95,
        239,
        313,
        157,
        420,
        164,
        177,
        198,
        356,
        305,
        181,
        48,
        254,
        149,
        293,
        361,
        330,
        197,
        438,
        317,
        109,
        11,
        33,
        464,
        216,
        292,
        20,
        128,
        338,
        271,
        486,
        419,
        472,
        432,
        195,
        57,
        404,
        385,
        143,
        134,
        43,
        277,
        256,
        80,
        496,
        308,
        159,
        242,
        343,
        46,
        140,
        14,
        302,
        79,
        412,
        54,
        249,
        339,
        64,
        61,
        427,
        303,
        214,
        63,
        158,
        264,
        213,
        70,
        276,
        15,
        340,
        319,
        100,
        183,
        260,
        363,
        444,
        101,
        22,
        458,
        221,
        377,
        86,
        326,
        431,
        19,
        83,
        353,
        262,
        400,
        26,
        89,
        347,
        217,
        73,
        433,
        291,
        275,
        439,
        228,
        91,
        310,
        251,
        2,
        448,
        455,
        151,
        168,
        3,
        371,
        349,
        405,
        113,
        327,
        131,
        482,
        72,
        342,
        476,
        491,
        138,
        430,
        466,
        498,
        487,
        297,
        468,
        35,
        219,
        10,
        286,
        18,
        42,
        194,
        311,
        397,
        265,
        58,
        422,
        209,
        253,
        348,
        452,
        469,
        27,
        450,
        335,
        346,
        244,
        485,
        323,
        447,
        236,
        384,
        1,
        443,
        296,
        456,
        50,
        477,
        21,
        435,
        367,
        45,
        257,
        359,
        41,
        129,
        381,
        499,
        442,
        445,
        55,
        224,
        358,
        333,
        285,
        203,
        53,
        180,
        85,
        56,
        336,
        210,
        441,
        365,
        301,
        370,
        351,
        426,
        497,
        440,
        111,
        81,
        331,
        489,
        294,
        126,
        479,
        160,
        309,
        364,
        23,
        314,
        207,
        125,
        289,
        462,
        24,
        179,
        406,
        401,
        270,
        392,
        16,
        192,
        76,
        201,
        74,
        98,
        218,
        240,
        290,
        374,
        78,
        315,
        261,
        215,
        5,
        494,
        163,
        166,
        173,
        345,
        252,
        471,
        118,
        396,
        212,
        295,
        155,
        172,
        263,
        123,
        75,
        453,
        0,
        312,
        39,
        490,
        124,
        108,
        170,
        147,
        154,
        467,
        280,
        451,
        399,
        459,
        106,
        352,
        187,
        368,
        114,
        223,
        189,
        94,
        299,
        245,
        107,
        376,
        278,
        483,
        272,
        119,
        130,
        481,
        307,
        165,
        231,
        13,
        421,
        283,
        375,
        449,
        369,
        200,
        193,
        112,
        52,
        298,
        6,
        182,
        161,
        322,
        105,
        92,
        204,
        99,
        320,
        362,
        144,
        93,
        373,
        250,
        184,
        269,
        229,
        341,
        266,
        492,
        424,
        306,
        226,
        127,
        102,
        88,
        59,
        47,
        82,
        77,
        484,
        418,
        104,
        44,
        103,
        30,
        429,
        255,
        121,
        344,
        31,
        9,
        25,
        410,
        68,
        446,
        355,
        389
    ],
    "Global Optimum": 0,
    "Algorithm": "Genetic algorithm",
    "Parameters": {
        "population": 30,
        "offspring": 30,
        "mutation probability": 0.002,
        "crossover probability": 0.9
    },
    "Fitness": 587741,
    "Solution": [
        437,
        12,
        328,
        156,
        132,
        145,
        141,
        208,
        318,
        316,
        162,
        388,
        205,
        230,
        153,
        417,
        415,
        69,
        325,
        273,
        51,
        386,
        176,
        199,
        233,
        84,
        337,
        243,
        409,
        378,
        258,
        480,
        17,
        139,
        227,
        408,
        402,
        454,
        475,
        465,
        488,
        350,
        282,
        460,
        178,
        287,
        87,
        238,
        281,
        473,
        67,
        372,
        135,
        474,
        137,
        222,
        152,
        237,
        40,
        457,
        321,
        32,
        304,
        142,
        279,
        493,
        329,
        36,
        411,
        425,
        191,
        196,
        394,
        235,
        288,
        428,
        171,
        324,
        391,
        97,
        174,
        414,
        407,
        115,
        259,
        395,
        211,
        354,
        300,
        366,
        478,
        380,
        136,
        463,
        248,
        146,
        120,
        436,
        495,
        241,
        220,
        461,
        71,
        38,
        188,
        148,
        186,
        49,
        116,
        4,
        434,
        334,
        66,
        268,
        34,
        387,
        470,
        167,
        185,
        360,
        60,
        390,
        8,
        379,
        225,
        284,
        403,
        246,
        122,
        247,
        357,
        96,
        398,
        169,
        110,
        416,
        383,
        37,
        29,
        133,
        65,
        202,
        267,
        206,
        117,
        190,
        413,
        175,
        332,
        274,
        90,
        7,
        28,
        393,
        423,
        234,
        232,
        150,
        62,
        382,
        95,
        239,
        313,
        157,
        420,
        164,
        177,
        198,
        356,
        305,
        181,
        48,
        254,
        149,
        293,
        361,
        330,
        197,
        438,
        317,
        109,
        11,
        33,
        464,
        216,
        292,
        20,
        128,
        338,
        271,
        486,
        419,
        472,
        432,
        195,
        57,
        404,
        385,
        143,
        134,
        43,
        277,
        256,
        80,
        496,
        308,
        159,
        242,
        343,
        46,
        140,
        14,
        302,
        79,
        412,
        54,
        249,
        339,
        64,
        61,
        427,
        303,
        214,
        63,
        158,
        264,
        213,
        70,
        276,
        15,
        340,
        319,
        100,
        183,
        260,
        363,
        444,
        101,
        22,
        458,
        221,
        377,
        86,
        326,
        431,
        19,
        83,
        353,
        262,
        400,
        26,
        89,
        347,
        217,
        73,
        433,
        291,
        275,
        439,
        228,
        91,
        310,
        251,
        2,
        448,
        455,
        151,
        168,
        3,
        371,
        349,
        405,
        113,
        327,
        131,
        482,
        72,
        342,
        476,
        491,
        138,
        430,
        466,
        498,
        487,
        297,
        468,
        35,
        219,
        10,
        286,
        18,
        42,
        194,
        311,
        397,
        265,
        58,
        422,
        209,
        253,
        348,
        452,
        469,
        27,
        450,
        335,
        346,
        244,
        485,
        323,
        447,
        236,
        384,
        1,
        443,
        296,
        456,
        50,
        477,
        21,
        435,
        367,
        45,
        257,
        359,
        41,
        129,
        381,
        499,
        442,
        445,
        55,
        224,
        358,
        333,
        285,
        203,
        53,
        180,
        85,
        56,
        336,
        210,
        441,
        365,
        301,
        370,
        351,
        426,
        497,
        440,
        111,
        81,
        331,
        489,
        294,
        126,
        479,
        160,
        309,
        364,
        23,
        314,
        207,
        125,
        289,
        462,
        24,
        179,
        406,
        401,
        270,
        392,
        16,
        192,
        76,
        201,
        74,
        98,
        218,
        240,
        290,
        374,
        78,
        315,
        261,
        215,
        5,
        494,
        163,
        166,
        173,
        345,
        252,
        471,
        118,
        396,
        212,
        295,
        155,
        172,
        263,
        123,
        75,
        453,
        0,
        312,
        39,
        490,
        124,
        108,
        170,
        147,
        154,
        467,
        280,
        451,
        399,
        459,
        106,
        352,
        187,
        368,
        114,
        223,
        189,
        94,
        299,
        245,
        107,
        376,
        278,
        483,
        272,
        119,
        130,
        481,
        307,
        165,
        231,
        13,
        421,
        283,
        375,
        449,
        369,
        200,
        193,
        112,
        52,
        298,
        6,
        182,
        161,
        322,
        105,
        92,
        204,
        99,
        320,
        362,
        144,
        93,
        373,
        250,
        184,
        269,
        229,
        341,
        266,
        492,
        424,
        306,
        226,
        127,
        102,
        88,
        59,
        47,
        82,
        77,
        484,
        418,
        104,
        44,
        103,
        30,
        429,
        255,
        121,
        344,
        31,
        9,
        25,
        410,
        68,
        446,
        355,
        389
    ],
    "Nb of functions evaluations": 200010,
    "Computational time in seconds": 848.0040321350098,
    "Stopping criterion in evaluations": 200000
}