3° run output:
{
    "Function": "kroB500.tsp",
    "Problem dimension": [
        407,
        39,
        370,
        230,
        124,
        42,
        319,
        282,
        447,
        76,
        243,
        477,
        343,
        354,
        90,
        44,
        464,
        144,
        431,
        263,
        320,
        237,
        170,
        194,
        109,
        479,
        68,
        416,
        58,
        220,
        248,
        413,
        192,
        83,
        89,
        268,
        369,
        287,
        375,
        371,
        294,
        160,
        70,
        65,
        272,
        73,
        102,
        228,
        338,
        88,
        193,
        169,
        98,
        97,
        38,
        324,
        264,
        35,
        276,
        54,
        471,
        186,
        51,
        198,
        423,
        66,
        92,
        299,
        81,
        222,
        87,
        345,
        17,
        395,
        119,
        135,
        218,
        133,
        61,
        422,
        387,
        497,
        151,
        145,
        483,
        289,
        492,
        199,
        468,
        390,
        312,
        244,
        346,
        46,
        349,
        229,
        484,
        426,
        12,
        384,
        24,
        45,
        347,
        269,
        80,
        112,
        327,
        363,
        438,
        329,
        19,
        159,
        139,
        380,
        190,
        391,
        405,
        356,
        333,
        397,
        163,
        306,
        360,
        158,
        5,
        191,
        451,
        314,
        207,
        41,
        93,
        435,
        298,
        123,
        78,
        180,
        31,
        10,
        246,
        104,
        183,
        273,
        475,
        410,
        485,
        480,
        353,
        461,
        292,
        425,
        127,
        111,
        67,
        219,
        184,
        142,
        368,
        379,
        490,
        138,
        427,
        453,
        137,
        37,
        23,
        182,
        108,
        16,
        295,
        113,
        155,
        274,
        146,
        469,
        212,
        30,
        439,
        394,
        495,
        372,
        211,
        342,
        455,
        318,
        140,
        239,
        452,
        25,
        302,
        399,
        234,
        120,
        456,
        432,
        208,
        157,
        27,
        383,
        153,
        428,
        204,
        434,
        96,
        249,
        262,
        436,
        47,
        270,
        412,
        173,
        60,
        33,
        259,
        463,
        118,
        364,
        459,
        28,
        166,
        400,
        348,
        450,
        280,
        322,
        408,
        340,
        69,
        224,
        445,
        357,
        231,
        114,
        296,
        481,
        486,
        378,
        307,
        253,
        117,
        478,
        214,
        63,
        13,
        411,
        365,
        179,
        26,
        283,
        85,
        84,
        217,
        498,
        285,
        143,
        21,
        361,
        129,
        15,
        77,
        36,
        467,
        20,
        362,
        406,
        440,
        443,
        43,
        441,
        2,
        168,
        392,
        154,
        487,
        205,
        14,
        420,
        401,
        175,
        466,
        250,
        233,
        161,
        11,
        200,
        232,
        414,
        305,
        473,
        110,
        442,
        189,
        303,
        317,
        150,
        266,
        18,
        377,
        260,
        178,
        482,
        236,
        367,
        6,
        56,
        300,
        72,
        225,
        290,
        297,
        181,
        288,
        254,
        251,
        335,
        174,
        308,
        94,
        341,
        309,
        241,
        275,
        267,
        206,
        332,
        50,
        304,
        351,
        344,
        437,
        488,
        382,
        105,
        71,
        279,
        417,
        86,
        136,
        418,
        352,
        156,
        59,
        293,
        213,
        126,
        449,
        171,
        336,
        311,
        238,
        310,
        366,
        32,
        393,
        62,
        257,
        165,
        350,
        325,
        149,
        247,
        177,
        132,
        460,
        187,
        245,
        235,
        252,
        334,
        396,
        430,
        444,
        385,
        265,
        185,
        315,
        4,
        398,
        122,
        29,
        221,
        74,
        474,
        203,
        95,
        82,
        57,
        131,
        261,
        278,
        9,
        100,
        433,
        409,
        493,
        22,
        465,
        209,
        53,
        321,
        79,
        499,
        101,
        240,
        255,
        176,
        49,
        489,
        386,
        226,
        339,
        40,
        424,
        476,
        99,
        48,
        256,
        271,
        196,
        429,
        197,
        419,
        331,
        404,
        147,
        286,
        470,
        152,
        125,
        291,
        323,
        34,
        402,
        457,
        210,
        388,
        403,
        141,
        491,
        107,
        106,
        130,
        446,
        3,
        216,
        472,
        462,
        376,
        389,
        448,
        128,
        148,
        284,
        258,
        337,
        330,
        326,
        301,
        227,
        223,
        8,
        91,
        134,
        164,
        0,
        313,
        359,
        458,
        358,
        281,
        75,
        316,
        188,
        355,
        1,
        172,
        201,
        202,
        162,
        7,
        421,
        115,
        55,
        242,
        215,
        64,
        116,
        496,
        121,
        52,
        374,
        454,
        373,
        167,
        195,
        277,
        415,
        381,
        328,
        494,
        103
    ],
    "Global Optimum": 0,
    "Algorithm": "Genetic algorithm",
    "Parameters": {
        "population": 30,
        "offspring": 30,
        "mutation probability": 0.002,
        "crossover probability": 0.9
    },
    "Fitness": 567407,
    "Solution": [
        407,
        39,
        370,
        230,
        124,
        42,
        319,
        282,
        447,
        76,
        243,
        477,
        343,
        354,
        90,
        44,
        464,
        144,
        431,
        263,
        320,
        237,
        170,
        194,
        109,
        479,
        68,
        416,
        58,
        220,
        248,
        413,
        192,
        83,
        89,
        268,
        369,
        287,
        375,
        371,
        294,
        160,
        70,
        65,
        272,
        73,
        102,
        228,
        338,
        88,
        193,
        169,
        98,
        97,
        38,
        324,
        264,
        35,
        276,
        54,
        471,
        186,
        51,
        198,
        423,
        66,
        92,
        299,
        81,
        222,
        87,
        345,
        17,
        395,
        119,
        135,
        218,
        133,
        61,
        422,
        387,
        497,
        151,
        145,
        483,
        289,
        492,
        199,
        468,
        390,
        312,
        244,
        346,
        46,
        349,
        229,
        484,
        426,
        12,
        384,
        24,
        45,
        347,
        269,
        80,
        112,
        327,
        363,
        438,
        329,
        19,
        159,
        139,
        380,
        190,
        391,
        405,
        356,
        333,
        397,
        163,
        306,
        360,
        158,
        5,
        191,
        451,
        314,
        207,
        41,
        93,
        435,
        298,
        123,
        78,
        180,
        31,
        10,
        246,
        104,
        183,
        273,
        475,
        410,
        485,
        480,
        353,
        461,
        292,
        425,
        127,
        111,
        67,
        219,
        184,
        142,
        368,
        379,
        490,
        138,
        427,
        453,
        137,
        37,
        23,
        182,
        108,
        16,
        295,
        113,
        155,
        274,
        146,
        469,
        212,
        30,
        439,
        394,
        495,
        372,
        211,
        342,
        455,
        318,
        140,
        239,
        452,
        25,
        302,
        399,
        234,
        120,
        456,
        432,
        208,
        157,
        27,
        383,
        153,
        428,
        204,
        434,
        96,
        249,
        262,
        436,
        47,
        270,
        412,
        173,
        60,
        33,
        259,
        463,
        118,
        364,
        459,
        28,
        166,
        400,
        348,
        450,
        280,
        322,
        408,
        340,
        69,
        224,
        445,
        357,
        231,
        114,
        296,
        481,
        486,
        378,
        307,
        253,
        117,
        478,
        214,
        63,
        13,
        411,
        365,
        179,
        26,
        283,
        85,
        84,
        217,
        498,
        285,
        143,
        21,
        361,
        129,
        15,
        77,
        36,
        467,
        20,
        362,
        406,
        440,
        443,
        43,
        441,
        2,
        168,
        392,
        154,
        487,
        205,
        14,
        420,
        401,
        175,
        466,
        250,
        233,
        161,
        11,
        200,
        232,
        414,
        305,
        473,
        110,
        442,
        189,
        303,
        317,
        150,
        266,
        18,
        377,
        260,
        178,
        482,
        236,
        367,
        6,
        56,
        300,
        72,
        225,
        290,
        297,
        181,
        288,
        254,
        251,
        335,
        174,
        308,
        94,
        341,
        309,
        241,
        275,
        267,
        206,
        332,
        50,
        304,
        351,
        344,
        437,
        488,
        382,
        105,
        71,
        279,
        417,
        86,
        136,
        418,
        352,
        156,
        59,
        293,
        213,
        126,
        449,
        171,
        336,
        311,
        238,
        310,
        366,
        32,
        393,
        62,
        257,
        165,
        350,
        325,
        149,
        247,
        177,
        132,
        460,
        187,
        245,
        235,
        252,
        334,
        396,
        430,
        444,
        385,
        265,
        185,
        315,
        4,
        398,
        122,
        29,
        221,
        74,
        474,
        203,
        95,
        82,
        57,
        131,
        261,
        278,
        9,
        100,
        433,
        409,
        493,
        22,
        465,
        209,
        53,
        321,
        79,
        499,
        101,
        240,
        255,
        176,
        49,
        489,
        386,
        226,
        339,
        40,
        424,
        476,
        99,
        48,
        256,
        271,
        196,
        429,
        197,
        419,
        331,
        404,
        147,
        286,
        470,
        152,
        125,
        291,
        323,
        34,
        402,
        457,
        210,
        388,
        403,
        141,
        491,
        107,
        106,
        130,
        446,
        3,
        216,
        472,
        462,
        376,
        389,
        448,
        128,
        148,
        284,
        258,
        337,
        330,
        326,
        301,
        227,
        223,
        8,
        91,
        134,
        164,
        0,
        313,
        359,
        458,
        358,
        281,
        75,
        316,
        188,
        355,
        1,
        172,
        201,
        202,
        162,
        7,
        421,
        115,
        55,
        242,
        215,
        64,
        116,
        496,
        121,
        52,
        374,
        454,
        373,
        167,
        195,
        277,
        415,
        381,
        328,
        494,
        103
    ],
    "Nb of functions evaluations": 200010,
    "Computational time in seconds": 900.7663815021515,
    "Stopping criterion in evaluations": 200000
}