9° run output:
{
    "Function": "kroB500.tsp",
    "Problem dimension": [
        106,
        299,
        151,
        378,
        198,
        207,
        137,
        203,
        412,
        272,
        22,
        444,
        222,
        256,
        255,
        263,
        4,
        305,
        389,
        228,
        52,
        379,
        410,
        460,
        471,
        1,
        109,
        12,
        347,
        126,
        269,
        458,
        107,
        24,
        453,
        357,
        475,
        59,
        317,
        54,
        164,
        7,
        319,
        325,
        69,
        345,
        51,
        279,
        173,
        230,
        405,
        282,
        439,
        81,
        370,
        326,
        369,
        188,
        341,
        404,
        488,
        468,
        100,
        442,
        247,
        50,
        302,
        243,
        315,
        261,
        174,
        462,
        421,
        429,
        324,
        427,
        63,
        213,
        65,
        88,
        371,
        143,
        155,
        77,
        264,
        425,
        37,
        122,
        355,
        287,
        144,
        238,
        49,
        159,
        150,
        301,
        489,
        115,
        220,
        283,
        280,
        362,
        33,
        413,
        215,
        118,
        216,
        250,
        176,
        339,
        380,
        35,
        199,
        338,
        320,
        237,
        13,
        331,
        265,
        217,
        344,
        469,
        328,
        182,
        349,
        465,
        390,
        179,
        116,
        189,
        96,
        298,
        434,
        165,
        430,
        441,
        140,
        66,
        376,
        194,
        5,
        336,
        491,
        307,
        163,
        294,
        270,
        62,
        10,
        38,
        64,
        9,
        75,
        466,
        185,
        358,
        239,
        312,
        92,
        417,
        6,
        129,
        418,
        397,
        492,
        23,
        83,
        470,
        192,
        25,
        167,
        190,
        275,
        20,
        424,
        323,
        134,
        147,
        446,
        177,
        337,
        414,
        98,
        454,
        292,
        455,
        403,
        277,
        473,
        45,
        311,
        16,
        142,
        433,
        89,
        209,
        91,
        161,
        478,
        158,
        44,
        47,
        360,
        111,
        322,
        124,
        191,
        289,
        196,
        99,
        156,
        383,
        82,
        86,
        3,
        497,
        304,
        236,
        76,
        204,
        145,
        329,
        443,
        105,
        178,
        327,
        41,
        419,
        244,
        97,
        36,
        353,
        120,
        395,
        332,
        202,
        396,
        485,
        0,
        266,
        125,
        119,
        262,
        14,
        206,
        375,
        43,
        423,
        249,
        232,
        95,
        356,
        104,
        286,
        448,
        251,
        218,
        227,
        233,
        152,
        260,
        184,
        382,
        39,
        141,
        499,
        68,
        308,
        368,
        212,
        274,
        226,
        121,
        321,
        208,
        110,
        245,
        436,
        169,
        472,
        8,
        351,
        112,
        193,
        197,
        253,
        74,
        476,
        487,
        223,
        26,
        70,
        482,
        486,
        180,
        132,
        377,
        30,
        333,
        205,
        426,
        200,
        90,
        281,
        342,
        310,
        402,
        422,
        398,
        415,
        80,
        445,
        34,
        113,
        138,
        290,
        67,
        257,
        464,
        29,
        407,
        285,
        108,
        343,
        102,
        484,
        175,
        431,
        258,
        32,
        313,
        46,
        300,
        335,
        481,
        31,
        387,
        160,
        229,
        363,
        309,
        224,
        374,
        461,
        195,
        367,
        267,
        296,
        291,
        240,
        103,
        297,
        11,
        187,
        148,
        28,
        128,
        114,
        406,
        73,
        316,
        53,
        364,
        183,
        56,
        42,
        432,
        55,
        408,
        384,
        136,
        201,
        84,
        352,
        483,
        318,
        334,
        354,
        19,
        131,
        273,
        276,
        48,
        474,
        211,
        340,
        127,
        130,
        101,
        21,
        451,
        456,
        93,
        467,
        359,
        495,
        149,
        186,
        401,
        457,
        346,
        94,
        394,
        146,
        252,
        399,
        268,
        27,
        2,
        293,
        449,
        171,
        306,
        480,
        234,
        214,
        162,
        248,
        498,
        479,
        72,
        157,
        61,
        385,
        392,
        348,
        259,
        366,
        435,
        153,
        231,
        391,
        170,
        386,
        452,
        400,
        85,
        372,
        242,
        493,
        181,
        235,
        58,
        459,
        117,
        388,
        496,
        284,
        420,
        477,
        17,
        437,
        219,
        139,
        428,
        154,
        381,
        373,
        40,
        15,
        225,
        133,
        494,
        221,
        303,
        79,
        123,
        490,
        87,
        416,
        18,
        241,
        438,
        440,
        409,
        57,
        450,
        288,
        393,
        411,
        78,
        271,
        314,
        361,
        135,
        60,
        295,
        350,
        365,
        463,
        168,
        210,
        246,
        447,
        71,
        172,
        254,
        166,
        278,
        330
    ],
    "Global Optimum": 0,
    "Algorithm": "Genetic algorithm",
    "Parameters": {
        "population": 30,
        "offspring": 30,
        "mutation probability": 0.002,
        "crossover probability": 0.9
    },
    "Fitness": 568919,
    "Solution": [
        106,
        299,
        151,
        378,
        198,
        207,
        137,
        203,
        412,
        272,
        22,
        444,
        222,
        256,
        255,
        263,
        4,
        305,
        389,
        228,
        52,
        379,
        410,
        460,
        471,
        1,
        109,
        12,
        347,
        126,
        269,
        458,
        107,
        24,
        453,
        357,
        475,
        59,
        317,
        54,
        164,
        7,
        319,
        325,
        69,
        345,
        51,
        279,
        173,
        230,
        405,
        282,
        439,
        81,
        370,
        326,
        369,
        188,
        341,
        404,
        488,
        468,
        100,
        442,
        247,
        50,
        302,
        243,
        315,
        261,
        174,
        462,
        421,
        429,
        324,
        427,
        63,
        213,
        65,
        88,
        371,
        143,
        155,
        77,
        264,
        425,
        37,
        122,
        355,
        287,
        144,
        238,
        49,
        159,
        150,
        301,
        489,
        115,
        220,
        283,
        280,
        362,
        33,
        413,
        215,
        118,
        216,
        250,
        176,
        339,
        380,
        35,
        199,
        338,
        320,
        237,
        13,
        331,
        265,
        217,
        344,
        469,
        328,
        182,
        349,
        465,
        390,
        179,
        116,
        189,
        96,
        298,
        434,
        165,
        430,
        441,
        140,
        66,
        376,
        194,
        5,
        336,
        491,
        307,
        163,
        294,
        270,
        62,
        10,
        38,
        64,
        9,
        75,
        466,
        185,
        358,
        239,
        312,
        92,
        417,
        6,
        129,
        418,
        397,
        492,
        23,
        83,
        470,
        192,
        25,
        167,
        190,
        275,
        20,
        424,
        323,
        134,
        147,
        446,
        177,
        337,
        414,
        98,
        454,
        292,
        455,
        403,
        277,
        473,
        45,
        311,
        16,
        142,
        433,
        89,
        209,
        91,
        161,
        478,
        158,
        44,
        47,
        360,
        111,
        322,
        124,
        191,
        289,
        196,
        99,
        156,
        383,
        82,
        86,
        3,
        497,
        304,
        236,
        76,
        204,
        145,
        329,
        443,
        105,
        178,
        327,
        41,
        419,
        244,
        97,
        36,
        353,
        120,
        395,
        332,
        202,
        396,
        485,
        0,
        266,
        125,
        119,
        262,
        14,
        206,
        375,
        43,
        423,
        249,
        232,
        95,
        356,
        104,
        286,
        448,
        251,
        218,
        227,
        233,
        152,
        260,
        184,
        382,
        39,
        141,
        499,
        68,
        308,
        368,
        212,
        274,
        226,
        121,
        321,
        208,
        110,
        245,
        436,
        169,
        472,
        8,
        351,
        112,
        193,
        197,
        253,
        74,
        476,
        487,
        223,
        26,
        70,
        482,
        486,
        180,
        132,
        377,
        30,
        333,
        205,
        426,
        200,
        90,
        281,
        342,
        310,
        402,
        422,
        398,
        415,
        80,
        445,
        34,
        113,
        138,
        290,
        67,
        257,
        464,
        29,
        407,
        285,
        108,
        343,
        102,
        484,
        175,
        431,
        258,
        32,
        313,
        46,
        300,
        335,
        481,
        31,
        387,
        160,
        229,
        363,
        309,
        224,
        374,
        461,
        195,
        367,
        267,
        296,
        291,
        240,
        103,
        297,
        11,
        187,
        148,
        28,
        128,
        114,
        406,
        73,
        316,
        53,
        364,
        183,
        56,
        42,
        432,
        55,
        408,
        384,
        136,
        201,
        84,
        352,
        483,
        318,
        334,
        354,
        19,
        131,
        273,
        276,
        48,
        474,
        211,
        340,
        127,
        130,
        101,
        21,
        451,
        456,
        93,
        467,
        359,
        495,
        149,
        186,
        401,
        457,
        346,
        94,
        394,
        146,
        252,
        399,
        268,
        27,
        2,
        293,
        449,
        171,
        306,
        480,
        234,
        214,
        162,
        248,
        498,
        479,
        72,
        157,
        61,
        385,
        392,
        348,
        259,
        366,
        435,
        153,
        231,
        391,
        170,
        386,
        452,
        400,
        85,
        372,
        242,
        493,
        181,
        235,
        58,
        459,
        117,
        388,
        496,
        284,
        420,
        477,
        17,
        437,
        219,
        139,
        428,
        154,
        381,
        373,
        40,
        15,
        225,
        133,
        494,
        221,
        303,
        79,
        123,
        490,
        87,
        416,
        18,
        241,
        438,
        440,
        409,
        57,
        450,
        288,
        393,
        411,
        78,
        271,
        314,
        361,
        135,
        60,
        295,
        350,
        365,
        463,
        168,
        210,
        246,
        447,
        71,
        172,
        254,
        166,
        278,
        330
    ],
    "Nb of functions evaluations": 200010,
    "Computational time in seconds": 869.7050046920776,
    "Stopping criterion in evaluations": 200000
}