30° run output:
{
    "Function": "kroB1000.tsp",
    "Problem dimension": [
        758,
        703,
        460,
        717,
        178,
        404,
        201,
        54,
        12,
        998,
        753,
        672,
        410,
        798,
        913,
        911,
        60,
        156,
        394,
        3,
        38,
        52,
        941,
        814,
        217,
        960,
        58,
        96,
        323,
        469,
        928,
        20,
        635,
        732,
        886,
        770,
        774,
        218,
        671,
        723,
        456,
        734,
        687,
        285,
        704,
        694,
        658,
        708,
        699,
        631,
        565,
        686,
        367,
        929,
        206,
        13,
        581,
        389,
        718,
        168,
        948,
        379,
        967,
        578,
        627,
        588,
        514,
        221,
        315,
        260,
        305,
        491,
        803,
        475,
        840,
        81,
        827,
        50,
        647,
        477,
        958,
        265,
        747,
        289,
        614,
        257,
        613,
        210,
        461,
        997,
        942,
        406,
        991,
        923,
        223,
        152,
        816,
        523,
        746,
        606,
        340,
        744,
        355,
        503,
        618,
        862,
        353,
        961,
        597,
        11,
        188,
        374,
        510,
        575,
        932,
        771,
        761,
        808,
        675,
        480,
        290,
        823,
        584,
        284,
        762,
        186,
        639,
        180,
        888,
        45,
        70,
        493,
        319,
        166,
        287,
        738,
        400,
        632,
        518,
        49,
        33,
        592,
        29,
        843,
        546,
        84,
        793,
        411,
        195,
        517,
        175,
        117,
        42,
        702,
        91,
        904,
        600,
        100,
        768,
        274,
        692,
        128,
        275,
        434,
        46,
        392,
        925,
        662,
        969,
        483,
        884,
        529,
        587,
        710,
        248,
        215,
        525,
        789,
        885,
        677,
        133,
        841,
        306,
        111,
        339,
        943,
        423,
        53,
        119,
        176,
        947,
        19,
        805,
        322,
        283,
        324,
        36,
        479,
        573,
        99,
        844,
        666,
        976,
        996,
        446,
        881,
        125,
        931,
        370,
        907,
        253,
        473,
        110,
        826,
        320,
        838,
        26,
        707,
        880,
        516,
        999,
        80,
        902,
        828,
        170,
        648,
        296,
        954,
        107,
        190,
        273,
        680,
        879,
        652,
        502,
        810,
        98,
        993,
        321,
        184,
        552,
        232,
        464,
        682,
        665,
        670,
        603,
        633,
        891,
        543,
        149,
        198,
        970,
        468,
        255,
        129,
        959,
        968,
        829,
        741,
        994,
        102,
        191,
        470,
        655,
        915,
        524,
        956,
        86,
        651,
        234,
        955,
        35,
        272,
        89,
        435,
        855,
        279,
        304,
        616,
        570,
        281,
        256,
        37,
        303,
        174,
        360,
        722,
        908,
        540,
        521,
        949,
        628,
        919,
        226,
        228,
        920,
        553,
        721,
        432,
        172,
        872,
        346,
        462,
        197,
        751,
        329,
        142,
        430,
        165,
        868,
        773,
        636,
        244,
        689,
        978,
        813,
        887,
        701,
        41,
        900,
        78,
        799,
        48,
        422,
        439,
        506,
        328,
        438,
        63,
        835,
        589,
        383,
        509,
        623,
        122,
        345,
        714,
        807,
        856,
        476,
        211,
        449,
        227,
        313,
        27,
        177,
        951,
        820,
        767,
        390,
        163,
        413,
        607,
        536,
        472,
        59,
        189,
        620,
        182,
        763,
        76,
        490,
        834,
        242,
        822,
        849,
        940,
        247,
        889,
        251,
        974,
        725,
        679,
        235,
        794,
        194,
        541,
        457,
        626,
        371,
        18,
        930,
        291,
        796,
        437,
        262,
        944,
        302,
        154,
        661,
        299,
        645,
        229,
        140,
        352,
        69,
        4,
        981,
        203,
        564,
        551,
        988,
        44,
        135,
        560,
        373,
        123,
        118,
        660,
        791,
        179,
        109,
        200,
        317,
        238,
        779,
        222,
        202,
        213,
        308,
        263,
        797,
        112,
        972,
        735,
        922,
        877,
        690,
        953,
        782,
        604,
        24,
        368,
        387,
        668,
        417,
        676,
        916,
        485,
        608,
        131,
        21,
        15,
        864,
        739,
        673,
        57,
        528,
        728,
        649,
        585,
        625,
        205,
        376,
        989,
        870,
        663,
        361,
        638,
        583,
        892,
        539,
        548,
        561,
        598,
        459,
        706,
        669,
        310,
        55,
        609,
        910,
        141,
        330,
        258,
        204,
        146,
        193,
        452,
        134,
        754,
        777,
        359,
        650,
        487,
        199,
        830,
        740,
        806,
        8,
        667,
        32,
        716,
        936,
        209,
        489,
        530,
        500,
        421,
        153,
        162,
        615,
        444,
        507,
        983,
        839,
        409,
        985,
        688,
        576,
        351,
        494,
        605,
        833,
        729,
        520,
        236,
        567,
        769,
        899,
        582,
        641,
        727,
        445,
        745,
        1,
        440,
        171,
        7,
        685,
        577,
        25,
        415,
        454,
        104,
        280,
        984,
        408,
        148,
        939,
        646,
        496,
        9,
        126,
        654,
        683,
        599,
        568,
        34,
        691,
        314,
        97,
        505,
        318,
        66,
        169,
        220,
        898,
        847,
        800,
        760,
        88,
        62,
        715,
        106,
        945,
        139,
        377,
        343,
        501,
        269,
        412,
        766,
        73,
        963,
        23,
        556,
        407,
        259,
        466,
        819,
        101,
        30,
        301,
        792,
        895,
        243,
        499,
        241,
        419,
        629,
        765,
        143,
        558,
        380,
        547,
        397,
        71,
        612,
        569,
        674,
        736,
        857,
        401,
        366,
        890,
        664,
        894,
        905,
        486,
        403,
        399,
        384,
        559,
        764,
        484,
        776,
        787,
        225,
        912,
        74,
        921,
        185,
        965,
        495,
        5,
        212,
        713,
        388,
        497,
        356,
        571,
        130,
        14,
        850,
        533,
        845,
        610,
        393,
        995,
        51,
        431,
        331,
        427,
        519,
        292,
        105,
        266,
        297,
        572,
        756,
        161,
        586,
        817,
        327,
        92,
        252,
        842,
        557,
        875,
        354,
        982,
        733,
        848,
        602,
        451,
        183,
        595,
        83,
        231,
        300,
        804,
        173,
        755,
        937,
        818,
        865,
        405,
        737,
        743,
        442,
        731,
        276,
        312,
        980,
        534,
        643,
        934,
        966,
        515,
        593,
        853,
        594,
        778,
        357,
        748,
        116,
        962,
        349,
        591,
        443,
        267,
        65,
        876,
        22,
        513,
        364,
        619,
        450,
        208,
        824,
        897,
        124,
        219,
        698,
        726,
        420,
        742,
        696,
        214,
        67,
        144,
        334,
        338,
        637,
        138,
        326,
        957,
        545,
        526,
        630,
        16,
        837,
        465,
        424,
        724,
        867,
        365,
        990,
        336,
        832,
        975,
        574,
        482,
        369,
        537,
        441,
        812,
        790,
        772,
        950,
        809,
        511,
        396,
        463,
        642,
        596,
        801,
        75,
        28,
        429,
        474,
        391,
        579,
        498,
        10,
        378,
        453,
        711,
        333,
        709,
        531,
        264,
        137,
        858,
        659,
        657,
        883,
        512,
        952,
        693,
        795,
        398,
        938,
        781,
        77,
        40,
        700,
        866,
        580,
        918,
        61,
        821,
        250,
        935,
        471,
        425,
        426,
        640,
        611,
        924,
        893,
        254,
        933,
        17,
        311,
        337,
        522,
        386,
        207,
        720,
        542,
        395,
        433,
        31,
        854,
        554,
        224,
        103,
        775,
        544,
        93,
        508,
        358,
        538,
        624,
        39,
        527,
        332,
        344,
        903,
        681,
        977,
        447,
        233,
        684,
        56,
        757,
        164,
        566,
        492,
        293,
        316,
        869,
        873,
        780,
        147,
        43,
        906,
        0,
        245,
        270,
        549,
        874,
        550,
        277,
        385,
        115,
        719,
        458,
        278,
        246,
        309,
        859,
        861,
        785,
        239,
        964,
        946,
        150,
        68,
        532,
        151,
        249,
        617,
        294,
        90,
        535,
        992,
        695,
        926,
        350,
        160,
        783,
        622,
        192,
        325,
        705,
        481,
        414,
        2,
        971,
        120,
        712,
        562,
        158,
        240,
        601,
        467,
        455,
        831,
        372,
        295,
        282,
        802,
        730,
        871,
        987,
        882,
        634,
        159,
        909,
        863,
        750,
        268,
        288,
        95,
        749,
        428,
        82,
        6,
        362,
        811,
        653,
        504,
        298,
        590,
        347,
        335,
        363,
        563,
        555,
        901,
        656,
        382,
        113,
        132,
        759,
        155,
        786,
        418,
        94,
        271,
        448,
        79,
        121,
        488,
        85,
        342,
        87,
        402,
        621,
        230,
        478,
        878,
        261,
        127,
        697,
        196,
        72,
        852,
        108,
        917,
        896,
        979,
        986,
        788,
        375,
        644,
        752,
        181,
        237,
        114,
        678,
        914,
        436,
        145,
        136,
        187,
        815,
        836,
        851,
        348,
        47,
        341,
        846,
        784,
        381,
        825,
        973,
        167,
        416,
        157,
        64,
        927,
        286,
        216,
        307,
        860
    ],
    "Global Optimum": 0,
    "Algorithm": "Genetic algorithm",
    "Parameters": {
        "population": 30,
        "offspring": 30,
        "mutation probability": 0.001,
        "crossover probability": 0.9
    },
    "Fitness": 1283148,
    "Solution": [
        758,
        703,
        460,
        717,
        178,
        404,
        201,
        54,
        12,
        998,
        753,
        672,
        410,
        798,
        913,
        911,
        60,
        156,
        394,
        3,
        38,
        52,
        941,
        814,
        217,
        960,
        58,
        96,
        323,
        469,
        928,
        20,
        635,
        732,
        886,
        770,
        774,
        218,
        671,
        723,
        456,
        734,
        687,
        285,
        704,
        694,
        658,
        708,
        699,
        631,
        565,
        686,
        367,
        929,
        206,
        13,
        581,
        389,
        718,
        168,
        948,
        379,
        967,
        578,
        627,
        588,
        514,
        221,
        315,
        260,
        305,
        491,
        803,
        475,
        840,
        81,
        827,
        50,
        647,
        477,
        958,
        265,
        747,
        289,
        614,
        257,
        613,
        210,
        461,
        997,
        942,
        406,
        991,
        923,
        223,
        152,
        816,
        523,
        746,
        606,
        340,
        744,
        355,
        503,
        618,
        862,
        353,
        961,
        597,
        11,
        188,
        374,
        510,
        575,
        932,
        771,
        761,
        808,
        675,
        480,
        290,
        823,
        584,
        284,
        762,
        186,
        639,
        180,
        888,
        45,
        70,
        493,
        319,
        166,
        287,
        738,
        400,
        632,
        518,
        49,
        33,
        592,
        29,
        843,
        546,
        84,
        793,
        411,
        195,
        517,
        175,
        117,
        42,
        702,
        91,
        904,
        600,
        100,
        768,
        274,
        692,
        128,
        275,
        434,
        46,
        392,
        925,
        662,
        969,
        483,
        884,
        529,
        587,
        710,
        248,
        215,
        525,
        789,
        885,
        677,
        133,
        841,
        306,
        111,
        339,
        943,
        423,
        53,
        119,
        176,
        947,
        19,
        805,
        322,
        283,
        324,
        36,
        479,
        573,
        99,
        844,
        666,
        976,
        996,
        446,
        881,
        125,
        931,
        370,
        907,
        253,
        473,
        110,
        826,
        320,
        838,
        26,
        707,
        880,
        516,
        999,
        80,
        902,
        828,
        170,
        648,
        296,
        954,
        107,
        190,
        273,
        680,
        879,
        652,
        502,
        810,
        98,
        993,
        321,
        184,
        552,
        232,
        464,
        682,
        665,
        670,
        603,
        633,
        891,
        543,
        149,
        198,
        970,
        468,
        255,
        129,
        959,
        968,
        829,
        741,
        994,
        102,
        191,
        470,
        655,
        915,
        524,
        956,
        86,
        651,
        234,
        955,
        35,
        272,
        89,
        435,
        855,
        279,
        304,
        616,
        570,
        281,
        256,
        37,
        303,
        174,
        360,
        722,
        908,
        540,
        521,
        949,
        628,
        919,
        226,
        228,
        920,
        553,
        721,
        432,
        172,
        872,
        346,
        462,
        197,
        751,
        329,
        142,
        430,
        165,
        868,
        773,
        636,
        244,
        689,
        978,
        813,
        887,
        701,
        41,
        900,
        78,
        799,
        48,
        422,
        439,
        506,
        328,
        438,
        63,
        835,
        589,
        383,
        509,
        623,
        122,
        345,
        714,
        807,
        856,
        476,
        211,
        449,
        227,
        313,
        27,
        177,
        951,
        820,
        767,
        390,
        163,
        413,
        607,
        536,
        472,
        59,
        189,
        620,
        182,
        763,
        76,
        490,
        834,
        242,
        822,
        849,
        940,
        247,
        889,
        251,
        974,
        725,
        679,
        235,
        794,
        194,
        541,
        457,
        626,
        371,
        18,
        930,
        291,
        796,
        437,
        262,
        944,
        302,
        154,
        661,
        299,
        645,
        229,
        140,
        352,
        69,
        4,
        981,
        203,
        564,
        551,
        988,
        44,
        135,
        560,
        373,
        123,
        118,
        660,
        791,
        179,
        109,
        200,
        317,
        238,
        779,
        222,
        202,
        213,
        308,
        263,
        797,
        112,
        972,
        735,
        922,
        877,
        690,
        953,
        782,
        604,
        24,
        368,
        387,
        668,
        417,
        676,
        916,
        485,
        608,
        131,
        21,
        15,
        864,
        739,
        673,
        57,
        528,
        728,
        649,
        585,
        625,
        205,
        376,
        989,
        870,
        663,
        361,
        638,
        583,
        892,
        539,
        548,
        561,
        598,
        459,
        706,
        669,
        310,
        55,
        609,
        910,
        141,
        330,
        258,
        204,
        146,
        193,
        452,
        134,
        754,
        777,
        359,
        650,
        487,
        199,
        830,
        740,
        806,
        8,
        667,
        32,
        716,
        936,
        209,
        489,
        530,
        500,
        421,
        153,
        162,
        615,
        444,
        507,
        983,
        839,
        409,
        985,
        688,
        576,
        351,
        494,
        605,
        833,
        729,
        520,
        236,
        567,
        769,
        899,
        582,
        641,
        727,
        445,
        745,
        1,
        440,
        171,
        7,
        685,
        577,
        25,
        415,
        454,
        104,
        280,
        984,
        408,
        148,
        939,
        646,
        496,
        9,
        126,
        654,
        683,
        599,
        568,
        34,
        691,
        314,
        97,
        505,
        318,
        66,
        169,
        220,
        898,
        847,
        800,
        760,
        88,
        62,
        715,
        106,
        945,
        139,
        377,
        343,
        501,
        269,
        412,
        766,
        73,
        963,
        23,
        556,
        407,
        259,
        466,
        819,
        101,
        30,
        301,
        792,
        895,
        243,
        499,
        241,
        419,
        629,
        765,
        143,
        558,
        380,
        547,
        397,
        71,
        612,
        569,
        674,
        736,
        857,
        401,
        366,
        890,
        664,
        894,
        905,
        486,
        403,
        399,
        384,
        559,
        764,
        484,
        776,
        787,
        225,
        912,
        74,
        921,
        185,
        965,
        495,
        5,
        212,
        713,
        388,
        497,
        356,
        571,
        130,
        14,
        850,
        533,
        845,
        610,
        393,
        995,
        51,
        431,
        331,
        427,
        519,
        292,
        105,
        266,
        297,
        572,
        756,
        161,
        586,
        817,
        327,
        92,
        252,
        842,
        557,
        875,
        354,
        982,
        733,
        848,
        602,
        451,
        183,
        595,
        83,
        231,
        300,
        804,
        173,
        755,
        937,
        818,
        865,
        405,
        737,
        743,
        442,
        731,
        276,
        312,
        980,
        534,
        643,
        934,
        966,
        515,
        593,
        853,
        594,
        778,
        357,
        748,
        116,
        962,
        349,
        591,
        443,
        267,
        65,
        876,
        22,
        513,
        364,
        619,
        450,
        208,
        824,
        897,
        124,
        219,
        698,
        726,
        420,
        742,
        696,
        214,
        67,
        144,
        334,
        338,
        637,
        138,
        326,
        957,
        545,
        526,
        630,
        16,
        837,
        465,
        424,
        724,
        867,
        365,
        990,
        336,
        832,
        975,
        574,
        482,
        369,
        537,
        441,
        812,
        790,
        772,
        950,
        809,
        511,
        396,
        463,
        642,
        596,
        801,
        75,
        28,
        429,
        474,
        391,
        579,
        498,
        10,
        378,
        453,
        711,
        333,
        709,
        531,
        264,
        137,
        858,
        659,
        657,
        883,
        512,
        952,
        693,
        795,
        398,
        938,
        781,
        77,
        40,
        700,
        866,
        580,
        918,
        61,
        821,
        250,
        935,
        471,
        425,
        426,
        640,
        611,
        924,
        893,
        254,
        933,
        17,
        311,
        337,
        522,
        386,
        207,
        720,
        542,
        395,
        433,
        31,
        854,
        554,
        224,
        103,
        775,
        544,
        93,
        508,
        358,
        538,
        624,
        39,
        527,
        332,
        344,
        903,
        681,
        977,
        447,
        233,
        684,
        56,
        757,
        164,
        566,
        492,
        293,
        316,
        869,
        873,
        780,
        147,
        43,
        906,
        0,
        245,
        270,
        549,
        874,
        550,
        277,
        385,
        115,
        719,
        458,
        278,
        246,
        309,
        859,
        861,
        785,
        239,
        964,
        946,
        150,
        68,
        532,
        151,
        249,
        617,
        294,
        90,
        535,
        992,
        695,
        926,
        350,
        160,
        783,
        622,
        192,
        325,
        705,
        481,
        414,
        2,
        971,
        120,
        712,
        562,
        158,
        240,
        601,
        467,
        455,
        831,
        372,
        295,
        282,
        802,
        730,
        871,
        987,
        882,
        634,
        159,
        909,
        863,
        750,
        268,
        288,
        95,
        749,
        428,
        82,
        6,
        362,
        811,
        653,
        504,
        298,
        590,
        347,
        335,
        363,
        563,
        555,
        901,
        656,
        382,
        113,
        132,
        759,
        155,
        786,
        418,
        94,
        271,
        448,
        79,
        121,
        488,
        85,
        342,
        87,
        402,
        621,
        230,
        478,
        878,
        261,
        127,
        697,
        196,
        72,
        852,
        108,
        917,
        896,
        979,
        986,
        788,
        375,
        644,
        752,
        181,
        237,
        114,
        678,
        914,
        436,
        145,
        136,
        187,
        815,
        836,
        851,
        348,
        47,
        341,
        846,
        784,
        381,
        825,
        973,
        167,
        416,
        157,
        64,
        927,
        286,
        216,
        307,
        860
    ],
    "Nb of functions evaluations": 400020,
    "Computational time in seconds": 6797.371105194092,
    "Stopping criterion in evaluations": 400000
}