29° run output:
{
    "Function": "kroB1000.tsp",
    "Problem dimension": [
        606,
        145,
        642,
        938,
        923,
        75,
        627,
        221,
        111,
        756,
        380,
        511,
        932,
        815,
        997,
        321,
        675,
        185,
        63,
        858,
        797,
        805,
        6,
        140,
        352,
        623,
        993,
        706,
        322,
        446,
        976,
        163,
        480,
        451,
        693,
        29,
        788,
        900,
        261,
        431,
        317,
        630,
        47,
        260,
        287,
        434,
        131,
        295,
        659,
        820,
        466,
        602,
        892,
        17,
        561,
        198,
        921,
        777,
        617,
        79,
        101,
        909,
        647,
        176,
        998,
        167,
        402,
        0,
        684,
        418,
        525,
        252,
        941,
        330,
        829,
        782,
        638,
        238,
        397,
        328,
        82,
        225,
        836,
        236,
        959,
        870,
        994,
        839,
        127,
        724,
        783,
        535,
        588,
        494,
        175,
        491,
        912,
        21,
        329,
        888,
        873,
        42,
        445,
        319,
        123,
        577,
        731,
        609,
        717,
        241,
        966,
        436,
        293,
        178,
        849,
        507,
        222,
        596,
        950,
        586,
        315,
        846,
        249,
        344,
        18,
        510,
        582,
        694,
        103,
        500,
        39,
        942,
        862,
        310,
        382,
        134,
        979,
        56,
        967,
        673,
        141,
        632,
        311,
        857,
        774,
        351,
        929,
        492,
        953,
        32,
        766,
        697,
        910,
        85,
        66,
        895,
        173,
        557,
        213,
        757,
        978,
        366,
        87,
        725,
        916,
        784,
        741,
        860,
        727,
        153,
        218,
        802,
        116,
        968,
        558,
        234,
        5,
        499,
        851,
        920,
        859,
        307,
        138,
        399,
        308,
        80,
        683,
        38,
        341,
        335,
        708,
        739,
        52,
        759,
        53,
        44,
        440,
        348,
        476,
        117,
        332,
        30,
        813,
        360,
        779,
        384,
        718,
        207,
        456,
        81,
        155,
        551,
        564,
        875,
        125,
        964,
        2,
        688,
        733,
        928,
        672,
        306,
        769,
        728,
        437,
        154,
        389,
        516,
        250,
        229,
        294,
        55,
        936,
        778,
        664,
        394,
        428,
        714,
        546,
        450,
        955,
        631,
        755,
        657,
        245,
        742,
        506,
        291,
        381,
        188,
        571,
        585,
        889,
        700,
        648,
        444,
        237,
        651,
        903,
        156,
        981,
        148,
        390,
        801,
        323,
        357,
        787,
        378,
        682,
        616,
        205,
        139,
        803,
        591,
        121,
        342,
        415,
        12,
        216,
        89,
        735,
        804,
        874,
        460,
        972,
        988,
        448,
        957,
        745,
        517,
        696,
        150,
        576,
        169,
        223,
        72,
        533,
        160,
        368,
        112,
        847,
        303,
        23,
        864,
        452,
        531,
        749,
        999,
        242,
        481,
        884,
        426,
        458,
        807,
        973,
        587,
        65,
        730,
        709,
        652,
        527,
        433,
        484,
        566,
        629,
        253,
        324,
        703,
        358,
        944,
        177,
        852,
        124,
        600,
        488,
        462,
        798,
        183,
        867,
        760,
        406,
        233,
        189,
        318,
        502,
        376,
        812,
        809,
        611,
        375,
        331,
        555,
        705,
        272,
        989,
        391,
        987,
        43,
        3,
        946,
        835,
        939,
        738,
        686,
        721,
        848,
        819,
        958,
        562,
        646,
        199,
        219,
        469,
        670,
        392,
        438,
        474,
        419,
        255,
        48,
        251,
        789,
        27,
        674,
        599,
        457,
        711,
        822,
        977,
        943,
        54,
        170,
        881,
        593,
        191,
        422,
        948,
        265,
        292,
        441,
        427,
        814,
        220,
        744,
        644,
        13,
        732,
        227,
        84,
        541,
        489,
        157,
        486,
        408,
        209,
        639,
        355,
        707,
        662,
        771,
        106,
        934,
        890,
        144,
        540,
        20,
        100,
        22,
        878,
        479,
        601,
        681,
        195,
        128,
        603,
        149,
        534,
        283,
        400,
        346,
        581,
        663,
        791,
        614,
        554,
        901,
        9,
        919,
        887,
        876,
        995,
        990,
        28,
        187,
        825,
        552,
        575,
        908,
        135,
        922,
        568,
        443,
        933,
        590,
        872,
        420,
        699,
        192,
        206,
        550,
        36,
        930,
        519,
        650,
        386,
        102,
        407,
        51,
        831,
        826,
        203,
        678,
        97,
        951,
        194,
        316,
        57,
        806,
        970,
        60,
        838,
        37,
        92,
        544,
        952,
        645,
        559,
        597,
        424,
        246,
        388,
        74,
        300,
        393,
        926,
        490,
        904,
        863,
        861,
        915,
        64,
        67,
        842,
        658,
        326,
        305,
        891,
        656,
        618,
        818,
        845,
        695,
        230,
        503,
        15,
        298,
        95,
        432,
        464,
        454,
        239,
        455,
        105,
        924,
        91,
        243,
        937,
        772,
        665,
        536,
        633,
        289,
        359,
        569,
        404,
        182,
        313,
        750,
        349,
        775,
        162,
        71,
        911,
        620,
        830,
        166,
        765,
        579,
        118,
        792,
        181,
        86,
        365,
        565,
        768,
        35,
        625,
        840,
        578,
        447,
        370,
        720,
        523,
        179,
        962,
        583,
        743,
        518,
        719,
        61,
        975,
        164,
        530,
        918,
        275,
        626,
        231,
        279,
        379,
        985,
        312,
        504,
        514,
        963,
        11,
        26,
        339,
        353,
        882,
        885,
        7,
        274,
        14,
        19,
        495,
        795,
        263,
        567,
        667,
        837,
        180,
        90,
        334,
        46,
        628,
        268,
        146,
        794,
        461,
        373,
        277,
        257,
        159,
        723,
        340,
        793,
        896,
        196,
        619,
        282,
        304,
        425,
        104,
        478,
        716,
        811,
        605,
        931,
        76,
        320,
        24,
        610,
        515,
        25,
        841,
        286,
        574,
        465,
        649,
        369,
        459,
        496,
        88,
        871,
        508,
        262,
        356,
        692,
        405,
        907,
        669,
        641,
        595,
        290,
        666,
        193,
        327,
        421,
        4,
        810,
        314,
        267,
        296,
        130,
        636,
        371,
        899,
        935,
        653,
        288,
        608,
        572,
        712,
        573,
        374,
        58,
        493,
        828,
        856,
        781,
        729,
        753,
        343,
        190,
        62,
        640,
        285,
        361,
        73,
        165,
        545,
        570,
        410,
        498,
        301,
        367,
        204,
        548,
        762,
        129,
        799,
        363,
        612,
        917,
        865,
        906,
        505,
        41,
        902,
        136,
        147,
        607,
        115,
        423,
        473,
        947,
        475,
        737,
        589,
        354,
        107,
        553,
        383,
        816,
        560,
        168,
        509,
        833,
        537,
        823,
        276,
        949,
        338,
        761,
        698,
        945,
        463,
        215,
        767,
        442,
        954,
        113,
        409,
        986,
        258,
        96,
        785,
        68,
        345,
        598,
        142,
        880,
        137,
        99,
        773,
        687,
        539,
        228,
        350,
        49,
        485,
        704,
        790,
        158,
        10,
        93,
        883,
        643,
        680,
        528,
        161,
        248,
        897,
        758,
        270,
        240,
        8,
        827,
        961,
        470,
        398,
        853,
        905,
        347,
        992,
        886,
        556,
        337,
        898,
        45,
        654,
        483,
        866,
        151,
        621,
        362,
        40,
        467,
        477,
        914,
        713,
        224,
        622,
        974,
        273,
        133,
        850,
        77,
        108,
        624,
        387,
        396,
        395,
        701,
        710,
        333,
        594,
        613,
        786,
        132,
        482,
        877,
        522,
        247,
        280,
        325,
        677,
        70,
        655,
        526,
        202,
        893,
        691,
        824,
        748,
        364,
        256,
        549,
        403,
        184,
        960,
        615,
        637,
        271,
        211,
        259,
        417,
        927,
        468,
        414,
        592,
        171,
        940,
        33,
        435,
        563,
        879,
        547,
        449,
        94,
        689,
        965,
        996,
        832,
        201,
        635,
        991,
        119,
        226,
        266,
        764,
        122,
        634,
        532,
        913,
        299,
        661,
        834,
        983,
        660,
        232,
        401,
        808,
        780,
        174,
        297,
        925,
        513,
        604,
        210,
        98,
        690,
        868,
        208,
        982,
        512,
        472,
        309,
        821,
        264,
        109,
        734,
        984,
        385,
        1,
        521,
        580,
        855,
        114,
        412,
        702,
        336,
        754,
        377,
        143,
        284,
        120,
        152,
        722,
        676,
        679,
        416,
        843,
        212,
        736,
        894,
        413,
        969,
        110,
        278,
        543,
        69,
        78,
        186,
        471,
        126,
        869,
        372,
        854,
        430,
        16,
        752,
        524,
        747,
        31,
        501,
        817,
        956,
        217,
        726,
        429,
        281,
        197,
        83,
        244,
        542,
        34,
        529,
        770,
        487,
        254,
        796,
        50,
        971,
        302,
        584,
        763,
        980,
        671,
        751,
        214,
        172,
        776,
        453,
        800,
        200,
        685,
        411,
        520,
        59,
        439,
        497,
        746,
        844,
        668,
        235,
        715,
        740,
        538,
        269
    ],
    "Global Optimum": 0,
    "Algorithm": "Genetic algorithm",
    "Parameters": {
        "population": 30,
        "offspring": 30,
        "mutation probability": 0.001,
        "crossover probability": 0.9
    },
    "Fitness": 1319008,
    "Solution": [
        606,
        145,
        642,
        938,
        923,
        75,
        627,
        221,
        111,
        756,
        380,
        511,
        932,
        815,
        997,
        321,
        675,
        185,
        63,
        858,
        797,
        805,
        6,
        140,
        352,
        623,
        993,
        706,
        322,
        446,
        976,
        163,
        480,
        451,
        693,
        29,
        788,
        900,
        261,
        431,
        317,
        630,
        47,
        260,
        287,
        434,
        131,
        295,
        659,
        820,
        466,
        602,
        892,
        17,
        561,
        198,
        921,
        777,
        617,
        79,
        101,
        909,
        647,
        176,
        998,
        167,
        402,
        0,
        684,
        418,
        525,
        252,
        941,
        330,
        829,
        782,
        638,
        238,
        397,
        328,
        82,
        225,
        836,
        236,
        959,
        870,
        994,
        839,
        127,
        724,
        783,
        535,
        588,
        494,
        175,
        491,
        912,
        21,
        329,
        888,
        873,
        42,
        445,
        319,
        123,
        577,
        731,
        609,
        717,
        241,
        966,
        436,
        293,
        178,
        849,
        507,
        222,
        596,
        950,
        586,
        315,
        846,
        249,
        344,
        18,
        510,
        582,
        694,
        103,
        500,
        39,
        942,
        862,
        310,
        382,
        134,
        979,
        56,
        967,
        673,
        141,
        632,
        311,
        857,
        774,
        351,
        929,
        492,
        953,
        32,
        766,
        697,
        910,
        85,
        66,
        895,
        173,
        557,
        213,
        757,
        978,
        366,
        87,
        725,
        916,
        784,
        741,
        860,
        727,
        153,
        218,
        802,
        116,
        968,
        558,
        234,
        5,
        499,
        851,
        920,
        859,
        307,
        138,
        399,
        308,
        80,
        683,
        38,
        341,
        335,
        708,
        739,
        52,
        759,
        53,
        44,
        440,
        348,
        476,
        117,
        332,
        30,
        813,
        360,
        779,
        384,
        718,
        207,
        456,
        81,
        155,
        551,
        564,
        875,
        125,
        964,
        2,
        688,
        733,
        928,
        672,
        306,
        769,
        728,
        437,
        154,
        389,
        516,
        250,
        229,
        294,
        55,
        936,
        778,
        664,
        394,
        428,
        714,
        546,
        450,
        955,
        631,
        755,
        657,
        245,
        742,
        506,
        291,
        381,
        188,
        571,
        585,
        889,
        700,
        648,
        444,
        237,
        651,
        903,
        156,
        981,
        148,
        390,
        801,
        323,
        357,
        787,
        378,
        682,
        616,
        205,
        139,
        803,
        591,
        121,
        342,
        415,
        12,
        216,
        89,
        735,
        804,
        874,
        460,
        972,
        988,
        448,
        957,
        745,
        517,
        696,
        150,
        576,
        169,
        223,
        72,
        533,
        160,
        368,
        112,
        847,
        303,
        23,
        864,
        452,
        531,
        749,
        999,
        242,
        481,
        884,
        426,
        458,
        807,
        973,
        587,
        65,
        730,
        709,
        652,
        527,
        433,
        484,
        566,
        629,
        253,
        324,
        703,
        358,
        944,
        177,
        852,
        124,
        600,
        488,
        462,
        798,
        183,
        867,
        760,
        406,
        233,
        189,
        318,
        502,
        376,
        812,
        809,
        611,
        375,
        331,
        555,
        705,
        272,
        989,
        391,
        987,
        43,
        3,
        946,
        835,
        939,
        738,
        686,
        721,
        848,
        819,
        958,
        562,
        646,
        199,
        219,
        469,
        670,
        392,
        438,
        474,
        419,
        255,
        48,
        251,
        789,
        27,
        674,
        599,
        457,
        711,
        822,
        977,
        943,
        54,
        170,
        881,
        593,
        191,
        422,
        948,
        265,
        292,
        441,
        427,
        814,
        220,
        744,
        644,
        13,
        732,
        227,
        84,
        541,
        489,
        157,
        486,
        408,
        209,
        639,
        355,
        707,
        662,
        771,
        106,
        934,
        890,
        144,
        540,
        20,
        100,
        22,
        878,
        479,
        601,
        681,
        195,
        128,
        603,
        149,
        534,
        283,
        400,
        346,
        581,
        663,
        791,
        614,
        554,
        901,
        9,
        919,
        887,
        876,
        995,
        990,
        28,
        187,
        825,
        552,
        575,
        908,
        135,
        922,
        568,
        443,
        933,
        590,
        872,
        420,
        699,
        192,
        206,
        550,
        36,
        930,
        519,
        650,
        386,
        102,
        407,
        51,
        831,
        826,
        203,
        678,
        97,
        951,
        194,
        316,
        57,
        806,
        970,
        60,
        838,
        37,
        92,
        544,
        952,
        645,
        559,
        597,
        424,
        246,
        388,
        74,
        300,
        393,
        926,
        490,
        904,
        863,
        861,
        915,
        64,
        67,
        842,
        658,
        326,
        305,
        891,
        656,
        618,
        818,
        845,
        695,
        230,
        503,
        15,
        298,
        95,
        432,
        464,
        454,
        239,
        455,
        105,
        924,
        91,
        243,
        937,
        772,
        665,
        536,
        633,
        289,
        359,
        569,
        404,
        182,
        313,
        750,
        349,
        775,
        162,
        71,
        911,
        620,
        830,
        166,
        765,
        579,
        118,
        792,
        181,
        86,
        365,
        565,
        768,
        35,
        625,
        840,
        578,
        447,
        370,
        720,
        523,
        179,
        962,
        583,
        743,
        518,
        719,
        61,
        975,
        164,
        530,
        918,
        275,
        626,
        231,
        279,
        379,
        985,
        312,
        504,
        514,
        963,
        11,
        26,
        339,
        353,
        882,
        885,
        7,
        274,
        14,
        19,
        495,
        795,
        263,
        567,
        667,
        837,
        180,
        90,
        334,
        46,
        628,
        268,
        146,
        794,
        461,
        373,
        277,
        257,
        159,
        723,
        340,
        793,
        896,
        196,
        619,
        282,
        304,
        425,
        104,
        478,
        716,
        811,
        605,
        931,
        76,
        320,
        24,
        610,
        515,
        25,
        841,
        286,
        574,
        465,
        649,
        369,
        459,
        496,
        88,
        871,
        508,
        262,
        356,
        692,
        405,
        907,
        669,
        641,
        595,
        290,
        666,
        193,
        327,
        421,
        4,
        810,
        314,
        267,
        296,
        130,
        636,
        371,
        899,
        935,
        653,
        288,
        608,
        572,
        712,
        573,
        374,
        58,
        493,
        828,
        856,
        781,
        729,
        753,
        343,
        190,
        62,
        640,
        285,
        361,
        73,
        165,
        545,
        570,
        410,
        498,
        301,
        367,
        204,
        548,
        762,
        129,
        799,
        363,
        612,
        917,
        865,
        906,
        505,
        41,
        902,
        136,
        147,
        607,
        115,
        423,
        473,
        947,
        475,
        737,
        589,
        354,
        107,
        553,
        383,
        816,
        560,
        168,
        509,
        833,
        537,
        823,
        276,
        949,
        338,
        761,
        698,
        945,
        463,
        215,
        767,
        442,
        954,
        113,
        409,
        986,
        258,
        96,
        785,
        68,
        345,
        598,
        142,
        880,
        137,
        99,
        773,
        687,
        539,
        228,
        350,
        49,
        485,
        704,
        790,
        158,
        10,
        93,
        883,
        643,
        680,
        528,
        161,
        248,
        897,
        758,
        270,
        240,
        8,
        827,
        961,
        470,
        398,
        853,
        905,
        347,
        992,
        886,
        556,
        337,
        898,
        45,
        654,
        483,
        866,
        151,
        621,
        362,
        40,
        467,
        477,
        914,
        713,
        224,
        622,
        974,
        273,
        133,
        850,
        77,
        108,
        624,
        387,
        396,
        395,
        701,
        710,
        333,
        594,
        613,
        786,
        132,
        482,
        877,
        522,
        247,
        280,
        325,
        677,
        70,
        655,
        526,
        202,
        893,
        691,
        824,
        748,
        364,
        256,
        549,
        403,
        184,
        960,
        615,
        637,
        271,
        211,
        259,
        417,
        927,
        468,
        414,
        592,
        171,
        940,
        33,
        435,
        563,
        879,
        547,
        449,
        94,
        689,
        965,
        996,
        832,
        201,
        635,
        991,
        119,
        226,
        266,
        764,
        122,
        634,
        532,
        913,
        299,
        661,
        834,
        983,
        660,
        232,
        401,
        808,
        780,
        174,
        297,
        925,
        513,
        604,
        210,
        98,
        690,
        868,
        208,
        982,
        512,
        472,
        309,
        821,
        264,
        109,
        734,
        984,
        385,
        1,
        521,
        580,
        855,
        114,
        412,
        702,
        336,
        754,
        377,
        143,
        284,
        120,
        152,
        722,
        676,
        679,
        416,
        843,
        212,
        736,
        894,
        413,
        969,
        110,
        278,
        543,
        69,
        78,
        186,
        471,
        126,
        869,
        372,
        854,
        430,
        16,
        752,
        524,
        747,
        31,
        501,
        817,
        956,
        217,
        726,
        429,
        281,
        197,
        83,
        244,
        542,
        34,
        529,
        770,
        487,
        254,
        796,
        50,
        971,
        302,
        584,
        763,
        980,
        671,
        751,
        214,
        172,
        776,
        453,
        800,
        200,
        685,
        411,
        520,
        59,
        439,
        497,
        746,
        844,
        668,
        235,
        715,
        740,
        538,
        269
    ],
    "Nb of functions evaluations": 400020,
    "Computational time in seconds": 6736.653592824936,
    "Stopping criterion in evaluations": 400000
}