24° run output:
{
    "Function": "kroB300.tsp",
    "Problem dimension": [
        113,
        156,
        225,
        167,
        77,
        152,
        143,
        220,
        45,
        210,
        254,
        21,
        17,
        147,
        101,
        88,
        288,
        42,
        292,
        46,
        178,
        232,
        202,
        59,
        200,
        245,
        280,
        212,
        127,
        207,
        249,
        112,
        140,
        233,
        290,
        117,
        285,
        260,
        246,
        192,
        80,
        70,
        171,
        239,
        173,
        294,
        115,
        205,
        155,
        206,
        222,
        154,
        124,
        86,
        276,
        139,
        291,
        190,
        284,
        126,
        196,
        90,
        128,
        278,
        58,
        299,
        217,
        293,
        283,
        60,
        270,
        105,
        109,
        186,
        159,
        258,
        96,
        92,
        10,
        211,
        188,
        180,
        214,
        153,
        83,
        208,
        78,
        55,
        99,
        230,
        108,
        76,
        252,
        238,
        134,
        16,
        161,
        23,
        91,
        175,
        287,
        8,
        145,
        227,
        204,
        2,
        137,
        151,
        110,
        268,
        69,
        269,
        20,
        94,
        89,
        33,
        244,
        84,
        197,
        72,
        64,
        133,
        165,
        231,
        160,
        148,
        193,
        61,
        256,
        224,
        28,
        31,
        135,
        66,
        100,
        98,
        223,
        168,
        250,
        5,
        111,
        235,
        259,
        0,
        142,
        114,
        79,
        183,
        14,
        73,
        106,
        187,
        93,
        198,
        247,
        216,
        279,
        54,
        221,
        209,
        176,
        203,
        289,
        19,
        251,
        67,
        85,
        229,
        68,
        253,
        130,
        295,
        215,
        12,
        62,
        201,
        1,
        120,
        243,
        271,
        4,
        131,
        163,
        119,
        265,
        226,
        219,
        296,
        146,
        267,
        181,
        32,
        263,
        141,
        255,
        27,
        97,
        74,
        29,
        25,
        298,
        24,
        240,
        281,
        121,
        218,
        7,
        213,
        22,
        87,
        172,
        15,
        286,
        158,
        82,
        65,
        53,
        138,
        257,
        35,
        13,
        272,
        164,
        71,
        277,
        149,
        47,
        234,
        104,
        264,
        136,
        18,
        266,
        199,
        191,
        194,
        50,
        81,
        41,
        95,
        182,
        236,
        30,
        274,
        75,
        157,
        282,
        241,
        195,
        170,
        49,
        63,
        57,
        39,
        36,
        123,
        26,
        189,
        273,
        122,
        11,
        174,
        179,
        177,
        51,
        6,
        297,
        129,
        150,
        56,
        185,
        144,
        38,
        9,
        166,
        3,
        248,
        43,
        237,
        228,
        125,
        118,
        40,
        242,
        44,
        103,
        184,
        162,
        37,
        169,
        52,
        34,
        275,
        48,
        116,
        107,
        261,
        102,
        262,
        132
    ],
    "Global Optimum": 0,
    "Algorithm": "Genetic algorithm",
    "Parameters": {
        "population": 30,
        "offspring": 30,
        "mutation probability": 0.0033333333333333335,
        "crossover probability": 0.9
    },
    "Fitness": 250383,
    "Solution": [
        113,
        156,
        225,
        167,
        77,
        152,
        143,
        220,
        45,
        210,
        254,
        21,
        17,
        147,
        101,
        88,
        288,
        42,
        292,
        46,
        178,
        232,
        202,
        59,
        200,
        245,
        280,
        212,
        127,
        207,
        249,
        112,
        140,
        233,
        290,
        117,
        285,
        260,
        246,
        192,
        80,
        70,
        171,
        239,
        173,
        294,
        115,
        205,
        155,
        206,
        222,
        154,
        124,
        86,
        276,
        139,
        291,
        190,
        284,
        126,
        196,
        90,
        128,
        278,
        58,
        299,
        217,
        293,
        283,
        60,
        270,
        105,
        109,
        186,
        159,
        258,
        96,
        92,
        10,
        211,
        188,
        180,
        214,
        153,
        83,
        208,
        78,
        55,
        99,
        230,
        108,
        76,
        252,
        238,
        134,
        16,
        161,
        23,
        91,
        175,
        287,
        8,
        145,
        227,
        204,
        2,
        137,
        151,
        110,
        268,
        69,
        269,
        20,
        94,
        89,
        33,
        244,
        84,
        197,
        72,
        64,
        133,
        165,
        231,
        160,
        148,
        193,
        61,
        256,
        224,
        28,
        31,
        135,
        66,
        100,
        98,
        223,
        168,
        250,
        5,
        111,
        235,
        259,
        0,
        142,
        114,
        79,
        183,
        14,
        73,
        106,
        187,
        93,
        198,
        247,
        216,
        279,
        54,
        221,
        209,
        176,
        203,
        289,
        19,
        251,
        67,
        85,
        229,
        68,
        253,
        130,
        295,
        215,
        12,
        62,
        201,
        1,
        120,
        243,
        271,
        4,
        131,
        163,
        119,
        265,
        226,
        219,
        296,
        146,
        267,
        181,
        32,
        263,
        141,
        255,
        27,
        97,
        74,
        29,
        25,
        298,
        24,
        240,
        281,
        121,
        218,
        7,
        213,
        22,
        87,
        172,
        15,
        286,
        158,
        82,
        65,
        53,
        138,
        257,
        35,
        13,
        272,
        164,
        71,
        277,
        149,
        47,
        234,
        104,
        264,
        136,
        18,
        266,
        199,
        191,
        194,
        50,
        81,
        41,
        95,
        182,
        236,
        30,
        274,
        75,
        157,
        282,
        241,
        195,
        170,
        49,
        63,
        57,
        39,
        36,
        123,
        26,
        189,
        273,
        122,
        11,
        174,
        179,
        177,
        51,
        6,
        297,
        129,
        150,
        56,
        185,
        144,
        38,
        9,
        166,
        3,
        248,
        43,
        237,
        228,
        125,
        118,
        40,
        242,
        44,
        103,
        184,
        162,
        37,
        169,
        52,
        34,
        275,
        48,
        116,
        107,
        261,
        102,
        262,
        132
    ],
    "Nb of functions evaluations": 400020,
    "Computational time in seconds": 744.0819673538208,
    "Stopping criterion in evaluations": 400000
}