7° run output:
{
    "Function": "kroB300.tsp",
    "Problem dimension": [
        13,
        203,
        18,
        260,
        129,
        181,
        113,
        225,
        14,
        65,
        280,
        174,
        96,
        90,
        109,
        236,
        285,
        125,
        137,
        196,
        148,
        257,
        42,
        182,
        131,
        67,
        271,
        198,
        241,
        157,
        121,
        48,
        204,
        39,
        55,
        101,
        234,
        62,
        76,
        138,
        94,
        268,
        253,
        249,
        200,
        66,
        61,
        183,
        161,
        212,
        51,
        214,
        83,
        71,
        240,
        21,
        95,
        237,
        297,
        152,
        35,
        124,
        108,
        292,
        230,
        81,
        5,
        106,
        195,
        32,
        202,
        12,
        215,
        77,
        163,
        6,
        185,
        132,
        173,
        79,
        221,
        270,
        102,
        296,
        120,
        289,
        33,
        37,
        282,
        60,
        58,
        135,
        175,
        139,
        262,
        208,
        171,
        84,
        28,
        75,
        7,
        31,
        130,
        213,
        252,
        8,
        293,
        218,
        103,
        87,
        209,
        217,
        70,
        278,
        231,
        245,
        23,
        201,
        49,
        276,
        286,
        259,
        156,
        98,
        2,
        281,
        188,
        118,
        147,
        199,
        134,
        123,
        180,
        229,
        46,
        112,
        4,
        78,
        178,
        68,
        151,
        287,
        45,
        30,
        274,
        107,
        133,
        235,
        288,
        186,
        228,
        54,
        85,
        145,
        24,
        72,
        100,
        242,
        17,
        43,
        291,
        115,
        57,
        256,
        269,
        88,
        41,
        216,
        142,
        168,
        210,
        19,
        207,
        127,
        47,
        16,
        86,
        119,
        105,
        104,
        248,
        53,
        177,
        128,
        92,
        110,
        250,
        82,
        73,
        255,
        56,
        140,
        279,
        144,
        160,
        164,
        294,
        143,
        91,
        205,
        146,
        59,
        22,
        80,
        258,
        227,
        273,
        149,
        190,
        238,
        265,
        267,
        226,
        36,
        263,
        247,
        167,
        295,
        284,
        114,
        254,
        219,
        153,
        220,
        275,
        179,
        52,
        38,
        126,
        122,
        141,
        26,
        277,
        99,
        9,
        11,
        223,
        162,
        264,
        154,
        97,
        27,
        89,
        283,
        0,
        299,
        117,
        63,
        3,
        194,
        93,
        15,
        222,
        155,
        206,
        40,
        232,
        233,
        29,
        172,
        246,
        261,
        197,
        169,
        189,
        239,
        74,
        34,
        20,
        165,
        184,
        158,
        44,
        150,
        290,
        64,
        243,
        176,
        187,
        251,
        244,
        211,
        193,
        116,
        111,
        50,
        191,
        159,
        136,
        192,
        266,
        1,
        170,
        25,
        224,
        69,
        298,
        10,
        166,
        272
    ],
    "Global Optimum": 0,
    "Algorithm": "Genetic algorithm",
    "Parameters": {
        "population": 30,
        "offspring": 30,
        "mutation probability": 0.0033333333333333335,
        "crossover probability": 0.9
    },
    "Fitness": 270828,
    "Solution": [
        13,
        203,
        18,
        260,
        129,
        181,
        113,
        225,
        14,
        65,
        280,
        174,
        96,
        90,
        109,
        236,
        285,
        125,
        137,
        196,
        148,
        257,
        42,
        182,
        131,
        67,
        271,
        198,
        241,
        157,
        121,
        48,
        204,
        39,
        55,
        101,
        234,
        62,
        76,
        138,
        94,
        268,
        253,
        249,
        200,
        66,
        61,
        183,
        161,
        212,
        51,
        214,
        83,
        71,
        240,
        21,
        95,
        237,
        297,
        152,
        35,
        124,
        108,
        292,
        230,
        81,
        5,
        106,
        195,
        32,
        202,
        12,
        215,
        77,
        163,
        6,
        185,
        132,
        173,
        79,
        221,
        270,
        102,
        296,
        120,
        289,
        33,
        37,
        282,
        60,
        58,
        135,
        175,
        139,
        262,
        208,
        171,
        84,
        28,
        75,
        7,
        31,
        130,
        213,
        252,
        8,
        293,
        218,
        103,
        87,
        209,
        217,
        70,
        278,
        231,
        245,
        23,
        201,
        49,
        276,
        286,
        259,
        156,
        98,
        2,
        281,
        188,
        118,
        147,
        199,
        134,
        123,
        180,
        229,
        46,
        112,
        4,
        78,
        178,
        68,
        151,
        287,
        45,
        30,
        274,
        107,
        133,
        235,
        288,
        186,
        228,
        54,
        85,
        145,
        24,
        72,
        100,
        242,
        17,
        43,
        291,
        115,
        57,
        256,
        269,
        88,
        41,
        216,
        142,
        168,
        210,
        19,
        207,
        127,
        47,
        16,
        86,
        119,
        105,
        104,
        248,
        53,
        177,
        128,
        92,
        110,
        250,
        82,
        73,
        255,
        56,
        140,
        279,
        144,
        160,
        164,
        294,
        143,
        91,
        205,
        146,
        59,
        22,
        80,
        258,
        227,
        273,
        149,
        190,
        238,
        265,
        267,
        226,
        36,
        263,
        247,
        167,
        295,
        284,
        114,
        254,
        219,
        153,
        220,
        275,
        179,
        52,
        38,
        126,
        122,
        141,
        26,
        277,
        99,
        9,
        11,
        223,
        162,
        264,
        154,
        97,
        27,
        89,
        283,
        0,
        299,
        117,
        63,
        3,
        194,
        93,
        15,
        222,
        155,
        206,
        40,
        232,
        233,
        29,
        172,
        246,
        261,
        197,
        169,
        189,
        239,
        74,
        34,
        20,
        165,
        184,
        158,
        44,
        150,
        290,
        64,
        243,
        176,
        187,
        251,
        244,
        211,
        193,
        116,
        111,
        50,
        191,
        159,
        136,
        192,
        266,
        1,
        170,
        25,
        224,
        69,
        298,
        10,
        166,
        272
    ],
    "Nb of functions evaluations": 400020,
    "Computational time in seconds": 677.1419794559479,
    "Stopping criterion in evaluations": 400000
}