8° run output:
{
    "Function": "kroB300.tsp",
    "Problem dimension": [
        47,
        158,
        20,
        174,
        299,
        72,
        175,
        11,
        58,
        96,
        198,
        249,
        279,
        281,
        92,
        90,
        269,
        144,
        177,
        34,
        275,
        195,
        56,
        126,
        100,
        172,
        83,
        257,
        276,
        54,
        156,
        60,
        228,
        150,
        41,
        124,
        234,
        13,
        120,
        23,
        252,
        179,
        140,
        66,
        148,
        121,
        106,
        53,
        168,
        271,
        67,
        110,
        259,
        294,
        170,
        149,
        86,
        94,
        176,
        6,
        284,
        238,
        291,
        272,
        262,
        59,
        292,
        5,
        63,
        76,
        201,
        185,
        226,
        146,
        288,
        142,
        162,
        229,
        221,
        209,
        256,
        10,
        97,
        261,
        87,
        22,
        155,
        267,
        166,
        293,
        52,
        39,
        37,
        57,
        61,
        188,
        85,
        264,
        95,
        219,
        143,
        286,
        109,
        205,
        12,
        91,
        199,
        101,
        289,
        206,
        167,
        17,
        197,
        25,
        241,
        160,
        132,
        1,
        184,
        82,
        113,
        223,
        137,
        80,
        210,
        115,
        282,
        9,
        169,
        239,
        116,
        287,
        218,
        298,
        236,
        212,
        15,
        45,
        231,
        283,
        98,
        7,
        104,
        40,
        111,
        208,
        48,
        260,
        43,
        136,
        35,
        44,
        50,
        266,
        21,
        246,
        237,
        118,
        77,
        173,
        211,
        268,
        145,
        51,
        204,
        38,
        138,
        102,
        117,
        163,
        131,
        183,
        165,
        141,
        157,
        224,
        189,
        24,
        127,
        62,
        30,
        274,
        194,
        227,
        112,
        68,
        178,
        46,
        243,
        153,
        27,
        128,
        65,
        88,
        235,
        123,
        99,
        4,
        193,
        273,
        215,
        154,
        125,
        32,
        186,
        248,
        242,
        240,
        133,
        122,
        135,
        245,
        295,
        258,
        290,
        233,
        26,
        73,
        114,
        250,
        203,
        225,
        200,
        31,
        18,
        147,
        191,
        181,
        130,
        2,
        217,
        280,
        70,
        278,
        213,
        192,
        297,
        247,
        75,
        29,
        180,
        19,
        36,
        187,
        49,
        105,
        220,
        33,
        164,
        3,
        81,
        14,
        216,
        270,
        254,
        42,
        182,
        190,
        171,
        214,
        207,
        119,
        108,
        296,
        139,
        103,
        71,
        232,
        161,
        134,
        79,
        253,
        244,
        69,
        251,
        89,
        152,
        129,
        265,
        159,
        78,
        196,
        28,
        107,
        93,
        230,
        16,
        202,
        263,
        64,
        84,
        255,
        277,
        74,
        55,
        0,
        151,
        8,
        285,
        222
    ],
    "Global Optimum": 0,
    "Algorithm": "Genetic algorithm",
    "Parameters": {
        "population": 30,
        "offspring": 30,
        "mutation probability": 0.0033333333333333335,
        "crossover probability": 0.9
    },
    "Fitness": 276357,
    "Solution": [
        47,
        158,
        20,
        174,
        299,
        72,
        175,
        11,
        58,
        96,
        198,
        249,
        279,
        281,
        92,
        90,
        269,
        144,
        177,
        34,
        275,
        195,
        56,
        126,
        100,
        172,
        83,
        257,
        276,
        54,
        156,
        60,
        228,
        150,
        41,
        124,
        234,
        13,
        120,
        23,
        252,
        179,
        140,
        66,
        148,
        121,
        106,
        53,
        168,
        271,
        67,
        110,
        259,
        294,
        170,
        149,
        86,
        94,
        176,
        6,
        284,
        238,
        291,
        272,
        262,
        59,
        292,
        5,
        63,
        76,
        201,
        185,
        226,
        146,
        288,
        142,
        162,
        229,
        221,
        209,
        256,
        10,
        97,
        261,
        87,
        22,
        155,
        267,
        166,
        293,
        52,
        39,
        37,
        57,
        61,
        188,
        85,
        264,
        95,
        219,
        143,
        286,
        109,
        205,
        12,
        91,
        199,
        101,
        289,
        206,
        167,
        17,
        197,
        25,
        241,
        160,
        132,
        1,
        184,
        82,
        113,
        223,
        137,
        80,
        210,
        115,
        282,
        9,
        169,
        239,
        116,
        287,
        218,
        298,
        236,
        212,
        15,
        45,
        231,
        283,
        98,
        7,
        104,
        40,
        111,
        208,
        48,
        260,
        43,
        136,
        35,
        44,
        50,
        266,
        21,
        246,
        237,
        118,
        77,
        173,
        211,
        268,
        145,
        51,
        204,
        38,
        138,
        102,
        117,
        163,
        131,
        183,
        165,
        141,
        157,
        224,
        189,
        24,
        127,
        62,
        30,
        274,
        194,
        227,
        112,
        68,
        178,
        46,
        243,
        153,
        27,
        128,
        65,
        88,
        235,
        123,
        99,
        4,
        193,
        273,
        215,
        154,
        125,
        32,
        186,
        248,
        242,
        240,
        133,
        122,
        135,
        245,
        295,
        258,
        290,
        233,
        26,
        73,
        114,
        250,
        203,
        225,
        200,
        31,
        18,
        147,
        191,
        181,
        130,
        2,
        217,
        280,
        70,
        278,
        213,
        192,
        297,
        247,
        75,
        29,
        180,
        19,
        36,
        187,
        49,
        105,
        220,
        33,
        164,
        3,
        81,
        14,
        216,
        270,
        254,
        42,
        182,
        190,
        171,
        214,
        207,
        119,
        108,
        296,
        139,
        103,
        71,
        232,
        161,
        134,
        79,
        253,
        244,
        69,
        251,
        89,
        152,
        129,
        265,
        159,
        78,
        196,
        28,
        107,
        93,
        230,
        16,
        202,
        263,
        64,
        84,
        255,
        277,
        74,
        55,
        0,
        151,
        8,
        285,
        222
    ],
    "Nb of functions evaluations": 400020,
    "Computational time in seconds": 674.504269361496,
    "Stopping criterion in evaluations": 400000
}