28° run output:
{
    "Function": "kroB300.tsp",
    "Problem dimension": [
        237,
        63,
        213,
        75,
        34,
        132,
        265,
        225,
        135,
        27,
        70,
        282,
        130,
        249,
        177,
        235,
        257,
        51,
        42,
        205,
        206,
        5,
        6,
        240,
        140,
        56,
        88,
        212,
        50,
        234,
        62,
        47,
        272,
        164,
        53,
        224,
        197,
        173,
        223,
        29,
        271,
        78,
        161,
        134,
        150,
        184,
        32,
        81,
        263,
        122,
        110,
        254,
        138,
        145,
        60,
        296,
        274,
        104,
        191,
        35,
        136,
        118,
        275,
        90,
        128,
        250,
        49,
        285,
        236,
        109,
        120,
        288,
        247,
        115,
        190,
        181,
        215,
        238,
        294,
        183,
        163,
        162,
        93,
        113,
        101,
        102,
        45,
        107,
        79,
        8,
        174,
        299,
        82,
        279,
        18,
        232,
        270,
        73,
        83,
        139,
        3,
        229,
        74,
        68,
        95,
        43,
        186,
        30,
        40,
        289,
        182,
        172,
        57,
        9,
        4,
        193,
        196,
        131,
        25,
        149,
        284,
        167,
        147,
        264,
        201,
        12,
        111,
        146,
        91,
        158,
        231,
        84,
        7,
        86,
        241,
        253,
        291,
        41,
        16,
        266,
        262,
        185,
        114,
        209,
        133,
        94,
        0,
        85,
        52,
        151,
        166,
        64,
        255,
        36,
        33,
        252,
        22,
        192,
        87,
        153,
        65,
        214,
        218,
        298,
        97,
        11,
        220,
        297,
        260,
        248,
        154,
        219,
        17,
        23,
        112,
        217,
        96,
        156,
        160,
        31,
        100,
        188,
        61,
        204,
        116,
        256,
        39,
        55,
        227,
        187,
        165,
        210,
        243,
        226,
        119,
        13,
        230,
        59,
        80,
        258,
        143,
        76,
        14,
        155,
        199,
        233,
        180,
        178,
        142,
        105,
        44,
        228,
        203,
        202,
        71,
        126,
        277,
        123,
        261,
        276,
        222,
        152,
        290,
        66,
        239,
        67,
        69,
        38,
        221,
        171,
        295,
        179,
        189,
        148,
        98,
        207,
        198,
        170,
        15,
        124,
        77,
        194,
        216,
        195,
        137,
        168,
        176,
        292,
        280,
        245,
        144,
        48,
        46,
        19,
        117,
        267,
        127,
        24,
        268,
        293,
        99,
        208,
        175,
        259,
        37,
        20,
        89,
        251,
        28,
        278,
        157,
        287,
        273,
        10,
        2,
        72,
        281,
        141,
        283,
        26,
        106,
        200,
        58,
        244,
        92,
        246,
        103,
        21,
        129,
        125,
        54,
        159,
        286,
        242,
        121,
        211,
        269,
        169,
        108,
        1
    ],
    "Global Optimum": 0,
    "Algorithm": "Genetic algorithm",
    "Parameters": {
        "population": 30,
        "offspring": 30,
        "mutation probability": 0.0033333333333333335,
        "crossover probability": 0.9
    },
    "Fitness": 246384,
    "Solution": [
        237,
        63,
        213,
        75,
        34,
        132,
        265,
        225,
        135,
        27,
        70,
        282,
        130,
        249,
        177,
        235,
        257,
        51,
        42,
        205,
        206,
        5,
        6,
        240,
        140,
        56,
        88,
        212,
        50,
        234,
        62,
        47,
        272,
        164,
        53,
        224,
        197,
        173,
        223,
        29,
        271,
        78,
        161,
        134,
        150,
        184,
        32,
        81,
        263,
        122,
        110,
        254,
        138,
        145,
        60,
        296,
        274,
        104,
        191,
        35,
        136,
        118,
        275,
        90,
        128,
        250,
        49,
        285,
        236,
        109,
        120,
        288,
        247,
        115,
        190,
        181,
        215,
        238,
        294,
        183,
        163,
        162,
        93,
        113,
        101,
        102,
        45,
        107,
        79,
        8,
        174,
        299,
        82,
        279,
        18,
        232,
        270,
        73,
        83,
        139,
        3,
        229,
        74,
        68,
        95,
        43,
        186,
        30,
        40,
        289,
        182,
        172,
        57,
        9,
        4,
        193,
        196,
        131,
        25,
        149,
        284,
        167,
        147,
        264,
        201,
        12,
        111,
        146,
        91,
        158,
        231,
        84,
        7,
        86,
        241,
        253,
        291,
        41,
        16,
        266,
        262,
        185,
        114,
        209,
        133,
        94,
        0,
        85,
        52,
        151,
        166,
        64,
        255,
        36,
        33,
        252,
        22,
        192,
        87,
        153,
        65,
        214,
        218,
        298,
        97,
        11,
        220,
        297,
        260,
        248,
        154,
        219,
        17,
        23,
        112,
        217,
        96,
        156,
        160,
        31,
        100,
        188,
        61,
        204,
        116,
        256,
        39,
        55,
        227,
        187,
        165,
        210,
        243,
        226,
        119,
        13,
        230,
        59,
        80,
        258,
        143,
        76,
        14,
        155,
        199,
        233,
        180,
        178,
        142,
        105,
        44,
        228,
        203,
        202,
        71,
        126,
        277,
        123,
        261,
        276,
        222,
        152,
        290,
        66,
        239,
        67,
        69,
        38,
        221,
        171,
        295,
        179,
        189,
        148,
        98,
        207,
        198,
        170,
        15,
        124,
        77,
        194,
        216,
        195,
        137,
        168,
        176,
        292,
        280,
        245,
        144,
        48,
        46,
        19,
        117,
        267,
        127,
        24,
        268,
        293,
        99,
        208,
        175,
        259,
        37,
        20,
        89,
        251,
        28,
        278,
        157,
        287,
        273,
        10,
        2,
        72,
        281,
        141,
        283,
        26,
        106,
        200,
        58,
        244,
        92,
        246,
        103,
        21,
        129,
        125,
        54,
        159,
        286,
        242,
        121,
        211,
        269,
        169,
        108,
        1
    ],
    "Nb of functions evaluations": 400020,
    "Computational time in seconds": 740.189145565033,
    "Stopping criterion in evaluations": 400000
}