9° run output:
{
    "Function": "kroB300.tsp",
    "Problem dimension": [
        233,
        51,
        270,
        102,
        101,
        43,
        237,
        192,
        297,
        142,
        229,
        277,
        123,
        25,
        227,
        55,
        126,
        165,
        24,
        224,
        66,
        232,
        154,
        210,
        209,
        253,
        158,
        13,
        238,
        49,
        88,
        124,
        117,
        42,
        214,
        3,
        111,
        226,
        120,
        213,
        259,
        92,
        133,
        67,
        135,
        189,
        137,
        29,
        248,
        15,
        1,
        291,
        198,
        250,
        171,
        207,
        130,
        230,
        41,
        30,
        296,
        47,
        89,
        28,
        90,
        281,
        239,
        206,
        266,
        235,
        294,
        279,
        272,
        36,
        122,
        7,
        173,
        223,
        252,
        65,
        285,
        125,
        62,
        191,
        161,
        205,
        14,
        190,
        180,
        151,
        79,
        263,
        71,
        93,
        177,
        164,
        0,
        268,
        145,
        140,
        138,
        240,
        246,
        265,
        5,
        32,
        35,
        136,
        40,
        118,
        194,
        160,
        11,
        176,
        274,
        50,
        147,
        16,
        170,
        261,
        150,
        53,
        153,
        68,
        20,
        221,
        139,
        81,
        292,
        34,
        162,
        78,
        100,
        148,
        196,
        149,
        19,
        184,
        241,
        10,
        128,
        278,
        211,
        72,
        31,
        58,
        57,
        276,
        21,
        18,
        129,
        17,
        91,
        134,
        104,
        86,
        59,
        132,
        195,
        273,
        204,
        255,
        37,
        282,
        97,
        169,
        231,
        110,
        52,
        188,
        85,
        251,
        293,
        106,
        215,
        95,
        286,
        219,
        76,
        218,
        157,
        27,
        131,
        193,
        141,
        84,
        64,
        199,
        260,
        63,
        280,
        225,
        75,
        96,
        182,
        257,
        222,
        258,
        116,
        220,
        172,
        295,
        247,
        299,
        175,
        179,
        127,
        234,
        87,
        275,
        8,
        45,
        181,
        216,
        186,
        228,
        105,
        262,
        119,
        12,
        77,
        108,
        208,
        217,
        2,
        203,
        202,
        23,
        152,
        82,
        73,
        156,
        245,
        249,
        113,
        38,
        174,
        98,
        166,
        200,
        143,
        159,
        22,
        254,
        44,
        201,
        109,
        264,
        289,
        236,
        46,
        243,
        183,
        298,
        244,
        121,
        80,
        187,
        178,
        269,
        39,
        9,
        99,
        74,
        256,
        103,
        146,
        155,
        267,
        212,
        288,
        185,
        54,
        163,
        115,
        56,
        33,
        60,
        107,
        48,
        287,
        112,
        290,
        168,
        83,
        242,
        114,
        271,
        61,
        197,
        6,
        167,
        144,
        69,
        4,
        94,
        283,
        26,
        70,
        284
    ],
    "Global Optimum": 0,
    "Algorithm": "Genetic algorithm",
    "Parameters": {
        "population": 30,
        "offspring": 30,
        "mutation probability": 0.0033333333333333335,
        "crossover probability": 0.9
    },
    "Fitness": 240546,
    "Solution": [
        233,
        51,
        270,
        102,
        101,
        43,
        237,
        192,
        297,
        142,
        229,
        277,
        123,
        25,
        227,
        55,
        126,
        165,
        24,
        224,
        66,
        232,
        154,
        210,
        209,
        253,
        158,
        13,
        238,
        49,
        88,
        124,
        117,
        42,
        214,
        3,
        111,
        226,
        120,
        213,
        259,
        92,
        133,
        67,
        135,
        189,
        137,
        29,
        248,
        15,
        1,
        291,
        198,
        250,
        171,
        207,
        130,
        230,
        41,
        30,
        296,
        47,
        89,
        28,
        90,
        281,
        239,
        206,
        266,
        235,
        294,
        279,
        272,
        36,
        122,
        7,
        173,
        223,
        252,
        65,
        285,
        125,
        62,
        191,
        161,
        205,
        14,
        190,
        180,
        151,
        79,
        263,
        71,
        93,
        177,
        164,
        0,
        268,
        145,
        140,
        138,
        240,
        246,
        265,
        5,
        32,
        35,
        136,
        40,
        118,
        194,
        160,
        11,
        176,
        274,
        50,
        147,
        16,
        170,
        261,
        150,
        53,
        153,
        68,
        20,
        221,
        139,
        81,
        292,
        34,
        162,
        78,
        100,
        148,
        196,
        149,
        19,
        184,
        241,
        10,
        128,
        278,
        211,
        72,
        31,
        58,
        57,
        276,
        21,
        18,
        129,
        17,
        91,
        134,
        104,
        86,
        59,
        132,
        195,
        273,
        204,
        255,
        37,
        282,
        97,
        169,
        231,
        110,
        52,
        188,
        85,
        251,
        293,
        106,
        215,
        95,
        286,
        219,
        76,
        218,
        157,
        27,
        131,
        193,
        141,
        84,
        64,
        199,
        260,
        63,
        280,
        225,
        75,
        96,
        182,
        257,
        222,
        258,
        116,
        220,
        172,
        295,
        247,
        299,
        175,
        179,
        127,
        234,
        87,
        275,
        8,
        45,
        181,
        216,
        186,
        228,
        105,
        262,
        119,
        12,
        77,
        108,
        208,
        217,
        2,
        203,
        202,
        23,
        152,
        82,
        73,
        156,
        245,
        249,
        113,
        38,
        174,
        98,
        166,
        200,
        143,
        159,
        22,
        254,
        44,
        201,
        109,
        264,
        289,
        236,
        46,
        243,
        183,
        298,
        244,
        121,
        80,
        187,
        178,
        269,
        39,
        9,
        99,
        74,
        256,
        103,
        146,
        155,
        267,
        212,
        288,
        185,
        54,
        163,
        115,
        56,
        33,
        60,
        107,
        48,
        287,
        112,
        290,
        168,
        83,
        242,
        114,
        271,
        61,
        197,
        6,
        167,
        144,
        69,
        4,
        94,
        283,
        26,
        70,
        284
    ],
    "Nb of functions evaluations": 400020,
    "Computational time in seconds": 675.4497709274292,
    "Stopping criterion in evaluations": 400000
}