15° run output:
{
    "Function": "kroB300.tsp",
    "Problem dimension": [
        28,
        174,
        283,
        75,
        227,
        273,
        53,
        238,
        197,
        256,
        131,
        250,
        116,
        211,
        200,
        106,
        71,
        166,
        217,
        218,
        231,
        73,
        62,
        205,
        105,
        182,
        290,
        91,
        237,
        43,
        108,
        137,
        176,
        242,
        87,
        109,
        248,
        161,
        246,
        229,
        68,
        39,
        224,
        103,
        150,
        136,
        219,
        284,
        232,
        281,
        10,
        128,
        299,
        58,
        282,
        251,
        97,
        252,
        177,
        279,
        57,
        298,
        19,
        188,
        245,
        220,
        45,
        168,
        8,
        72,
        67,
        160,
        60,
        223,
        74,
        183,
        153,
        26,
        115,
        216,
        234,
        125,
        13,
        56,
        24,
        33,
        241,
        21,
        159,
        134,
        18,
        104,
        20,
        98,
        157,
        34,
        156,
        192,
        258,
        64,
        126,
        263,
        63,
        296,
        1,
        272,
        230,
        280,
        195,
        130,
        274,
        212,
        111,
        127,
        22,
        172,
        228,
        35,
        95,
        129,
        207,
        144,
        90,
        27,
        271,
        40,
        101,
        203,
        278,
        7,
        185,
        254,
        285,
        266,
        3,
        32,
        14,
        155,
        267,
        41,
        215,
        288,
        84,
        293,
        121,
        69,
        193,
        37,
        100,
        94,
        83,
        138,
        112,
        239,
        66,
        4,
        38,
        247,
        88,
        51,
        151,
        46,
        149,
        180,
        29,
        132,
        295,
        59,
        194,
        202,
        81,
        135,
        79,
        287,
        221,
        48,
        165,
        114,
        276,
        270,
        286,
        257,
        262,
        164,
        275,
        70,
        210,
        184,
        139,
        265,
        47,
        236,
        186,
        16,
        107,
        133,
        55,
        269,
        244,
        110,
        80,
        204,
        201,
        214,
        6,
        253,
        93,
        85,
        240,
        162,
        142,
        44,
        30,
        147,
        50,
        17,
        154,
        191,
        297,
        123,
        25,
        292,
        15,
        65,
        167,
        213,
        225,
        268,
        52,
        148,
        198,
        261,
        89,
        5,
        226,
        120,
        206,
        260,
        152,
        124,
        49,
        42,
        179,
        190,
        170,
        294,
        208,
        2,
        31,
        140,
        187,
        119,
        291,
        175,
        233,
        143,
        54,
        118,
        199,
        0,
        96,
        173,
        9,
        122,
        92,
        141,
        76,
        23,
        243,
        277,
        189,
        61,
        36,
        209,
        78,
        178,
        145,
        171,
        11,
        264,
        222,
        117,
        235,
        86,
        163,
        158,
        99,
        255,
        259,
        181,
        249,
        82,
        146,
        102,
        289,
        12,
        77,
        113,
        196,
        169
    ],
    "Global Optimum": 0,
    "Algorithm": "Genetic algorithm",
    "Parameters": {
        "population": 30,
        "offspring": 30,
        "mutation probability": 0.0033333333333333335,
        "crossover probability": 0.9
    },
    "Fitness": 261191,
    "Solution": [
        28,
        174,
        283,
        75,
        227,
        273,
        53,
        238,
        197,
        256,
        131,
        250,
        116,
        211,
        200,
        106,
        71,
        166,
        217,
        218,
        231,
        73,
        62,
        205,
        105,
        182,
        290,
        91,
        237,
        43,
        108,
        137,
        176,
        242,
        87,
        109,
        248,
        161,
        246,
        229,
        68,
        39,
        224,
        103,
        150,
        136,
        219,
        284,
        232,
        281,
        10,
        128,
        299,
        58,
        282,
        251,
        97,
        252,
        177,
        279,
        57,
        298,
        19,
        188,
        245,
        220,
        45,
        168,
        8,
        72,
        67,
        160,
        60,
        223,
        74,
        183,
        153,
        26,
        115,
        216,
        234,
        125,
        13,
        56,
        24,
        33,
        241,
        21,
        159,
        134,
        18,
        104,
        20,
        98,
        157,
        34,
        156,
        192,
        258,
        64,
        126,
        263,
        63,
        296,
        1,
        272,
        230,
        280,
        195,
        130,
        274,
        212,
        111,
        127,
        22,
        172,
        228,
        35,
        95,
        129,
        207,
        144,
        90,
        27,
        271,
        40,
        101,
        203,
        278,
        7,
        185,
        254,
        285,
        266,
        3,
        32,
        14,
        155,
        267,
        41,
        215,
        288,
        84,
        293,
        121,
        69,
        193,
        37,
        100,
        94,
        83,
        138,
        112,
        239,
        66,
        4,
        38,
        247,
        88,
        51,
        151,
        46,
        149,
        180,
        29,
        132,
        295,
        59,
        194,
        202,
        81,
        135,
        79,
        287,
        221,
        48,
        165,
        114,
        276,
        270,
        286,
        257,
        262,
        164,
        275,
        70,
        210,
        184,
        139,
        265,
        47,
        236,
        186,
        16,
        107,
        133,
        55,
        269,
        244,
        110,
        80,
        204,
        201,
        214,
        6,
        253,
        93,
        85,
        240,
        162,
        142,
        44,
        30,
        147,
        50,
        17,
        154,
        191,
        297,
        123,
        25,
        292,
        15,
        65,
        167,
        213,
        225,
        268,
        52,
        148,
        198,
        261,
        89,
        5,
        226,
        120,
        206,
        260,
        152,
        124,
        49,
        42,
        179,
        190,
        170,
        294,
        208,
        2,
        31,
        140,
        187,
        119,
        291,
        175,
        233,
        143,
        54,
        118,
        199,
        0,
        96,
        173,
        9,
        122,
        92,
        141,
        76,
        23,
        243,
        277,
        189,
        61,
        36,
        209,
        78,
        178,
        145,
        171,
        11,
        264,
        222,
        117,
        235,
        86,
        163,
        158,
        99,
        255,
        259,
        181,
        249,
        82,
        146,
        102,
        289,
        12,
        77,
        113,
        196,
        169
    ],
    "Nb of functions evaluations": 400020,
    "Computational time in seconds": 677.6369972229004,
    "Stopping criterion in evaluations": 400000
}