20° run output:
{
    "Function": "kroB300.tsp",
    "Problem dimension": [
        210,
        99,
        148,
        20,
        175,
        113,
        296,
        236,
        1,
        3,
        179,
        198,
        214,
        194,
        108,
        146,
        47,
        62,
        33,
        241,
        66,
        211,
        38,
        131,
        52,
        188,
        282,
        277,
        271,
        180,
        98,
        92,
        169,
        172,
        161,
        215,
        77,
        104,
        199,
        18,
        118,
        44,
        119,
        163,
        53,
        281,
        244,
        27,
        39,
        126,
        258,
        246,
        185,
        195,
        298,
        72,
        293,
        121,
        2,
        157,
        90,
        78,
        290,
        233,
        80,
        227,
        45,
        253,
        184,
        158,
        276,
        37,
        67,
        107,
        229,
        4,
        269,
        224,
        55,
        156,
        272,
        58,
        135,
        231,
        137,
        110,
        252,
        297,
        81,
        203,
        54,
        242,
        29,
        143,
        181,
        154,
        134,
        133,
        84,
        254,
        21,
        264,
        41,
        130,
        243,
        160,
        64,
        204,
        100,
        255,
        123,
        57,
        115,
        168,
        279,
        207,
        225,
        286,
        192,
        140,
        221,
        294,
        176,
        142,
        248,
        91,
        261,
        257,
        46,
        187,
        87,
        263,
        13,
        43,
        129,
        237,
        228,
        6,
        250,
        213,
        132,
        51,
        17,
        103,
        222,
        147,
        40,
        167,
        268,
        75,
        217,
        200,
        28,
        280,
        226,
        164,
        238,
        144,
        245,
        249,
        171,
        19,
        209,
        114,
        247,
        189,
        273,
        15,
        265,
        50,
        22,
        219,
        191,
        201,
        124,
        234,
        117,
        153,
        284,
        10,
        275,
        173,
        218,
        220,
        56,
        83,
        34,
        287,
        230,
        262,
        177,
        295,
        239,
        193,
        151,
        285,
        212,
        59,
        235,
        102,
        240,
        196,
        116,
        74,
        122,
        278,
        94,
        0,
        42,
        49,
        138,
        178,
        112,
        256,
        8,
        274,
        63,
        120,
        12,
        202,
        170,
        136,
        95,
        266,
        101,
        267,
        206,
        259,
        60,
        32,
        105,
        35,
        16,
        232,
        208,
        97,
        292,
        205,
        109,
        127,
        14,
        289,
        159,
        190,
        223,
        73,
        71,
        165,
        48,
        251,
        145,
        26,
        25,
        61,
        68,
        85,
        89,
        288,
        23,
        150,
        182,
        139,
        186,
        30,
        106,
        299,
        174,
        93,
        270,
        36,
        183,
        24,
        197,
        69,
        162,
        79,
        149,
        9,
        31,
        65,
        86,
        88,
        152,
        260,
        5,
        283,
        70,
        141,
        7,
        166,
        96,
        128,
        11,
        76,
        155,
        125,
        111,
        291,
        82,
        216
    ],
    "Global Optimum": 0,
    "Algorithm": "Genetic algorithm",
    "Parameters": {
        "population": 30,
        "offspring": 30,
        "mutation probability": 0.0033333333333333335,
        "crossover probability": 0.9
    },
    "Fitness": 254108,
    "Solution": [
        210,
        99,
        148,
        20,
        175,
        113,
        296,
        236,
        1,
        3,
        179,
        198,
        214,
        194,
        108,
        146,
        47,
        62,
        33,
        241,
        66,
        211,
        38,
        131,
        52,
        188,
        282,
        277,
        271,
        180,
        98,
        92,
        169,
        172,
        161,
        215,
        77,
        104,
        199,
        18,
        118,
        44,
        119,
        163,
        53,
        281,
        244,
        27,
        39,
        126,
        258,
        246,
        185,
        195,
        298,
        72,
        293,
        121,
        2,
        157,
        90,
        78,
        290,
        233,
        80,
        227,
        45,
        253,
        184,
        158,
        276,
        37,
        67,
        107,
        229,
        4,
        269,
        224,
        55,
        156,
        272,
        58,
        135,
        231,
        137,
        110,
        252,
        297,
        81,
        203,
        54,
        242,
        29,
        143,
        181,
        154,
        134,
        133,
        84,
        254,
        21,
        264,
        41,
        130,
        243,
        160,
        64,
        204,
        100,
        255,
        123,
        57,
        115,
        168,
        279,
        207,
        225,
        286,
        192,
        140,
        221,
        294,
        176,
        142,
        248,
        91,
        261,
        257,
        46,
        187,
        87,
        263,
        13,
        43,
        129,
        237,
        228,
        6,
        250,
        213,
        132,
        51,
        17,
        103,
        222,
        147,
        40,
        167,
        268,
        75,
        217,
        200,
        28,
        280,
        226,
        164,
        238,
        144,
        245,
        249,
        171,
        19,
        209,
        114,
        247,
        189,
        273,
        15,
        265,
        50,
        22,
        219,
        191,
        201,
        124,
        234,
        117,
        153,
        284,
        10,
        275,
        173,
        218,
        220,
        56,
        83,
        34,
        287,
        230,
        262,
        177,
        295,
        239,
        193,
        151,
        285,
        212,
        59,
        235,
        102,
        240,
        196,
        116,
        74,
        122,
        278,
        94,
        0,
        42,
        49,
        138,
        178,
        112,
        256,
        8,
        274,
        63,
        120,
        12,
        202,
        170,
        136,
        95,
        266,
        101,
        267,
        206,
        259,
        60,
        32,
        105,
        35,
        16,
        232,
        208,
        97,
        292,
        205,
        109,
        127,
        14,
        289,
        159,
        190,
        223,
        73,
        71,
        165,
        48,
        251,
        145,
        26,
        25,
        61,
        68,
        85,
        89,
        288,
        23,
        150,
        182,
        139,
        186,
        30,
        106,
        299,
        174,
        93,
        270,
        36,
        183,
        24,
        197,
        69,
        162,
        79,
        149,
        9,
        31,
        65,
        86,
        88,
        152,
        260,
        5,
        283,
        70,
        141,
        7,
        166,
        96,
        128,
        11,
        76,
        155,
        125,
        111,
        291,
        82,
        216
    ],
    "Nb of functions evaluations": 400020,
    "Computational time in seconds": 748.4802582263947,
    "Stopping criterion in evaluations": 400000
}