29° run output:
{
    "Function": "kroB300.tsp",
    "Problem dimension": [
        50,
        81,
        101,
        154,
        119,
        181,
        159,
        261,
        204,
        131,
        100,
        47,
        30,
        296,
        4,
        61,
        256,
        281,
        275,
        171,
        217,
        106,
        246,
        129,
        91,
        202,
        109,
        33,
        70,
        156,
        132,
        223,
        209,
        32,
        164,
        49,
        115,
        190,
        53,
        9,
        55,
        133,
        244,
        0,
        31,
        93,
        208,
        144,
        234,
        15,
        222,
        108,
        62,
        105,
        167,
        114,
        277,
        250,
        97,
        299,
        166,
        121,
        22,
        276,
        95,
        142,
        54,
        136,
        272,
        14,
        76,
        66,
        7,
        10,
        8,
        88,
        185,
        153,
        258,
        273,
        210,
        252,
        259,
        143,
        134,
        18,
        63,
        184,
        290,
        243,
        199,
        161,
        297,
        248,
        87,
        139,
        102,
        282,
        213,
        60,
        149,
        255,
        160,
        19,
        146,
        226,
        17,
        191,
        289,
        152,
        192,
        103,
        163,
        233,
        46,
        78,
        126,
        218,
        94,
        269,
        172,
        80,
        227,
        26,
        34,
        130,
        237,
        266,
        177,
        148,
        189,
        239,
        169,
        263,
        271,
        84,
        186,
        150,
        44,
        40,
        236,
        216,
        228,
        264,
        64,
        25,
        182,
        155,
        205,
        127,
        111,
        117,
        165,
        229,
        145,
        56,
        200,
        11,
        85,
        99,
        178,
        52,
        38,
        39,
        193,
        110,
        207,
        82,
        295,
        235,
        77,
        265,
        170,
        69,
        293,
        90,
        75,
        37,
        83,
        254,
        257,
        267,
        206,
        21,
        242,
        240,
        168,
        220,
        238,
        42,
        291,
        194,
        35,
        219,
        51,
        123,
        187,
        5,
        13,
        294,
        58,
        231,
        141,
        72,
        140,
        92,
        135,
        224,
        197,
        112,
        74,
        107,
        79,
        260,
        118,
        124,
        262,
        241,
        6,
        214,
        195,
        225,
        175,
        179,
        284,
        173,
        157,
        138,
        29,
        68,
        116,
        230,
        1,
        12,
        285,
        215,
        162,
        71,
        221,
        45,
        268,
        251,
        57,
        270,
        201,
        279,
        36,
        183,
        151,
        20,
        122,
        174,
        283,
        65,
        292,
        198,
        245,
        249,
        280,
        86,
        137,
        180,
        23,
        147,
        43,
        125,
        16,
        287,
        247,
        28,
        211,
        196,
        176,
        158,
        286,
        104,
        3,
        96,
        98,
        48,
        253,
        2,
        67,
        188,
        24,
        59,
        73,
        298,
        128,
        27,
        278,
        89,
        288,
        113,
        212,
        274,
        120,
        232,
        41,
        203
    ],
    "Global Optimum": 0,
    "Algorithm": "Genetic algorithm",
    "Parameters": {
        "population": 30,
        "offspring": 30,
        "mutation probability": 0.0033333333333333335,
        "crossover probability": 0.9
    },
    "Fitness": 258949,
    "Solution": [
        50,
        81,
        101,
        154,
        119,
        181,
        159,
        261,
        204,
        131,
        100,
        47,
        30,
        296,
        4,
        61,
        256,
        281,
        275,
        171,
        217,
        106,
        246,
        129,
        91,
        202,
        109,
        33,
        70,
        156,
        132,
        223,
        209,
        32,
        164,
        49,
        115,
        190,
        53,
        9,
        55,
        133,
        244,
        0,
        31,
        93,
        208,
        144,
        234,
        15,
        222,
        108,
        62,
        105,
        167,
        114,
        277,
        250,
        97,
        299,
        166,
        121,
        22,
        276,
        95,
        142,
        54,
        136,
        272,
        14,
        76,
        66,
        7,
        10,
        8,
        88,
        185,
        153,
        258,
        273,
        210,
        252,
        259,
        143,
        134,
        18,
        63,
        184,
        290,
        243,
        199,
        161,
        297,
        248,
        87,
        139,
        102,
        282,
        213,
        60,
        149,
        255,
        160,
        19,
        146,
        226,
        17,
        191,
        289,
        152,
        192,
        103,
        163,
        233,
        46,
        78,
        126,
        218,
        94,
        269,
        172,
        80,
        227,
        26,
        34,
        130,
        237,
        266,
        177,
        148,
        189,
        239,
        169,
        263,
        271,
        84,
        186,
        150,
        44,
        40,
        236,
        216,
        228,
        264,
        64,
        25,
        182,
        155,
        205,
        127,
        111,
        117,
        165,
        229,
        145,
        56,
        200,
        11,
        85,
        99,
        178,
        52,
        38,
        39,
        193,
        110,
        207,
        82,
        295,
        235,
        77,
        265,
        170,
        69,
        293,
        90,
        75,
        37,
        83,
        254,
        257,
        267,
        206,
        21,
        242,
        240,
        168,
        220,
        238,
        42,
        291,
        194,
        35,
        219,
        51,
        123,
        187,
        5,
        13,
        294,
        58,
        231,
        141,
        72,
        140,
        92,
        135,
        224,
        197,
        112,
        74,
        107,
        79,
        260,
        118,
        124,
        262,
        241,
        6,
        214,
        195,
        225,
        175,
        179,
        284,
        173,
        157,
        138,
        29,
        68,
        116,
        230,
        1,
        12,
        285,
        215,
        162,
        71,
        221,
        45,
        268,
        251,
        57,
        270,
        201,
        279,
        36,
        183,
        151,
        20,
        122,
        174,
        283,
        65,
        292,
        198,
        245,
        249,
        280,
        86,
        137,
        180,
        23,
        147,
        43,
        125,
        16,
        287,
        247,
        28,
        211,
        196,
        176,
        158,
        286,
        104,
        3,
        96,
        98,
        48,
        253,
        2,
        67,
        188,
        24,
        59,
        73,
        298,
        128,
        27,
        278,
        89,
        288,
        113,
        212,
        274,
        120,
        232,
        41,
        203
    ],
    "Nb of functions evaluations": 400020,
    "Computational time in seconds": 738.211030960083,
    "Stopping criterion in evaluations": 400000
}