18° run output:
{
    "Function": "kroA200.tsp",
    "Problem dimension": [
        51,
        47,
        165,
        81,
        59,
        127,
        14,
        119,
        102,
        57,
        5,
        75,
        104,
        89,
        170,
        113,
        93,
        84,
        144,
        159,
        103,
        13,
        80,
        167,
        129,
        87,
        90,
        96,
        130,
        71,
        150,
        166,
        9,
        174,
        17,
        88,
        153,
        124,
        172,
        151,
        108,
        76,
        125,
        198,
        152,
        15,
        117,
        169,
        95,
        105,
        83,
        8,
        41,
        46,
        128,
        53,
        180,
        106,
        133,
        184,
        82,
        28,
        23,
        66,
        190,
        192,
        162,
        73,
        78,
        63,
        197,
        25,
        77,
        114,
        101,
        31,
        6,
        123,
        187,
        148,
        3,
        65,
        121,
        10,
        26,
        195,
        49,
        94,
        141,
        179,
        91,
        178,
        196,
        155,
        177,
        56,
        68,
        55,
        112,
        175,
        140,
        97,
        176,
        2,
        20,
        69,
        58,
        12,
        188,
        98,
        120,
        173,
        109,
        40,
        168,
        72,
        143,
        67,
        34,
        61,
        37,
        70,
        19,
        160,
        38,
        194,
        29,
        186,
        145,
        136,
        16,
        157,
        39,
        11,
        54,
        100,
        181,
        131,
        0,
        158,
        36,
        193,
        183,
        122,
        134,
        74,
        1,
        22,
        24,
        199,
        154,
        30,
        111,
        147,
        110,
        137,
        18,
        32,
        35,
        191,
        156,
        126,
        52,
        149,
        48,
        99,
        92,
        79,
        85,
        4,
        27,
        64,
        164,
        44,
        7,
        161,
        182,
        146,
        135,
        138,
        132,
        42,
        21,
        163,
        139,
        142,
        115,
        86,
        43,
        62,
        171,
        60,
        118,
        107,
        50,
        45,
        189,
        185,
        33,
        116
    ],
    "Global Optimum": 0,
    "Algorithm": "Genetic algorithm",
    "Parameters": {
        "population": 30,
        "offspring": 30,
        "mutation probability": 0.005,
        "crossover probability": 0.9
    },
    "Fitness": 204562,
    "Solution": [
        51,
        47,
        165,
        81,
        59,
        127,
        14,
        119,
        102,
        57,
        5,
        75,
        104,
        89,
        170,
        113,
        93,
        84,
        144,
        159,
        103,
        13,
        80,
        167,
        129,
        87,
        90,
        96,
        130,
        71,
        150,
        166,
        9,
        174,
        17,
        88,
        153,
        124,
        172,
        151,
        108,
        76,
        125,
        198,
        152,
        15,
        117,
        169,
        95,
        105,
        83,
        8,
        41,
        46,
        128,
        53,
        180,
        106,
        133,
        184,
        82,
        28,
        23,
        66,
        190,
        192,
        162,
        73,
        78,
        63,
        197,
        25,
        77,
        114,
        101,
        31,
        6,
        123,
        187,
        148,
        3,
        65,
        121,
        10,
        26,
        195,
        49,
        94,
        141,
        179,
        91,
        178,
        196,
        155,
        177,
        56,
        68,
        55,
        112,
        175,
        140,
        97,
        176,
        2,
        20,
        69,
        58,
        12,
        188,
        98,
        120,
        173,
        109,
        40,
        168,
        72,
        143,
        67,
        34,
        61,
        37,
        70,
        19,
        160,
        38,
        194,
        29,
        186,
        145,
        136,
        16,
        157,
        39,
        11,
        54,
        100,
        181,
        131,
        0,
        158,
        36,
        193,
        183,
        122,
        134,
        74,
        1,
        22,
        24,
        199,
        154,
        30,
        111,
        147,
        110,
        137,
        18,
        32,
        35,
        191,
        156,
        126,
        52,
        149,
        48,
        99,
        92,
        79,
        85,
        4,
        27,
        64,
        164,
        44,
        7,
        161,
        182,
        146,
        135,
        138,
        132,
        42,
        21,
        163,
        139,
        142,
        115,
        86,
        43,
        62,
        171,
        60,
        118,
        107,
        50,
        45,
        189,
        185,
        33,
        116
    ],
    "Nb of functions evaluations": 50010,
    "Computational time in seconds": 69.4657371044159,
    "Stopping criterion in evaluations": 50000
}