22° run output:
{
    "Function": "kroA300.tsp",
    "Problem dimension": [
        108,
        249,
        30,
        228,
        104,
        97,
        299,
        24,
        257,
        248,
        47,
        251,
        95,
        135,
        36,
        123,
        25,
        247,
        111,
        119,
        46,
        64,
        232,
        203,
        99,
        245,
        83,
        207,
        261,
        29,
        212,
        81,
        60,
        292,
        18,
        272,
        166,
        264,
        80,
        169,
        148,
        210,
        33,
        54,
        5,
        58,
        222,
        75,
        2,
        297,
        21,
        142,
        147,
        240,
        149,
        160,
        285,
        199,
        235,
        282,
        230,
        137,
        50,
        145,
        253,
        84,
        78,
        63,
        45,
        204,
        1,
        19,
        277,
        294,
        233,
        4,
        179,
        273,
        67,
        260,
        43,
        157,
        259,
        258,
        252,
        77,
        286,
        12,
        182,
        128,
        244,
        256,
        202,
        122,
        105,
        130,
        56,
        237,
        298,
        183,
        27,
        138,
        112,
        151,
        42,
        96,
        51,
        213,
        74,
        133,
        255,
        242,
        158,
        188,
        241,
        6,
        206,
        155,
        32,
        107,
        186,
        226,
        35,
        114,
        116,
        39,
        191,
        187,
        274,
        214,
        132,
        170,
        150,
        159,
        171,
        121,
        59,
        270,
        154,
        189,
        263,
        98,
        91,
        127,
        11,
        197,
        218,
        167,
        236,
        113,
        265,
        211,
        94,
        20,
        266,
        73,
        88,
        168,
        141,
        7,
        89,
        267,
        161,
        23,
        291,
        70,
        87,
        238,
        134,
        125,
        225,
        26,
        131,
        28,
        205,
        115,
        165,
        62,
        86,
        271,
        61,
        215,
        9,
        8,
        196,
        65,
        153,
        192,
        13,
        284,
        120,
        173,
        152,
        129,
        55,
        227,
        185,
        229,
        176,
        279,
        34,
        278,
        276,
        102,
        156,
        243,
        10,
        38,
        184,
        139,
        219,
        293,
        181,
        290,
        209,
        40,
        100,
        79,
        76,
        194,
        288,
        52,
        144,
        14,
        0,
        124,
        101,
        93,
        90,
        143,
        82,
        140,
        57,
        16,
        106,
        92,
        3,
        162,
        289,
        44,
        103,
        221,
        69,
        66,
        268,
        296,
        15,
        295,
        41,
        22,
        201,
        49,
        250,
        118,
        220,
        269,
        31,
        283,
        195,
        177,
        136,
        180,
        163,
        71,
        85,
        175,
        172,
        216,
        117,
        287,
        174,
        126,
        110,
        178,
        246,
        280,
        262,
        223,
        200,
        164,
        193,
        275,
        198,
        231,
        37,
        281,
        208,
        68,
        72,
        234,
        109,
        17,
        224,
        217,
        254,
        53,
        239,
        48,
        146,
        190
    ],
    "Global Optimum": 0,
    "Algorithm": "Genetic algorithm",
    "Parameters": {
        "population": 30,
        "offspring": 30,
        "mutation probability": 0.0033333333333333335,
        "crossover probability": 0.9
    },
    "Fitness": 297801,
    "Solution": [
        108,
        249,
        30,
        228,
        104,
        97,
        299,
        24,
        257,
        248,
        47,
        251,
        95,
        135,
        36,
        123,
        25,
        247,
        111,
        119,
        46,
        64,
        232,
        203,
        99,
        245,
        83,
        207,
        261,
        29,
        212,
        81,
        60,
        292,
        18,
        272,
        166,
        264,
        80,
        169,
        148,
        210,
        33,
        54,
        5,
        58,
        222,
        75,
        2,
        297,
        21,
        142,
        147,
        240,
        149,
        160,
        285,
        199,
        235,
        282,
        230,
        137,
        50,
        145,
        253,
        84,
        78,
        63,
        45,
        204,
        1,
        19,
        277,
        294,
        233,
        4,
        179,
        273,
        67,
        260,
        43,
        157,
        259,
        258,
        252,
        77,
        286,
        12,
        182,
        128,
        244,
        256,
        202,
        122,
        105,
        130,
        56,
        237,
        298,
        183,
        27,
        138,
        112,
        151,
        42,
        96,
        51,
        213,
        74,
        133,
        255,
        242,
        158,
        188,
        241,
        6,
        206,
        155,
        32,
        107,
        186,
        226,
        35,
        114,
        116,
        39,
        191,
        187,
        274,
        214,
        132,
        170,
        150,
        159,
        171,
        121,
        59,
        270,
        154,
        189,
        263,
        98,
        91,
        127,
        11,
        197,
        218,
        167,
        236,
        113,
        265,
        211,
        94,
        20,
        266,
        73,
        88,
        168,
        141,
        7,
        89,
        267,
        161,
        23,
        291,
        70,
        87,
        238,
        134,
        125,
        225,
        26,
        131,
        28,
        205,
        115,
        165,
        62,
        86,
        271,
        61,
        215,
        9,
        8,
        196,
        65,
        153,
        192,
        13,
        284,
        120,
        173,
        152,
        129,
        55,
        227,
        185,
        229,
        176,
        279,
        34,
        278,
        276,
        102,
        156,
        243,
        10,
        38,
        184,
        139,
        219,
        293,
        181,
        290,
        209,
        40,
        100,
        79,
        76,
        194,
        288,
        52,
        144,
        14,
        0,
        124,
        101,
        93,
        90,
        143,
        82,
        140,
        57,
        16,
        106,
        92,
        3,
        162,
        289,
        44,
        103,
        221,
        69,
        66,
        268,
        296,
        15,
        295,
        41,
        22,
        201,
        49,
        250,
        118,
        220,
        269,
        31,
        283,
        195,
        177,
        136,
        180,
        163,
        71,
        85,
        175,
        172,
        216,
        117,
        287,
        174,
        126,
        110,
        178,
        246,
        280,
        262,
        223,
        200,
        164,
        193,
        275,
        198,
        231,
        37,
        281,
        208,
        68,
        72,
        234,
        109,
        17,
        224,
        217,
        254,
        53,
        239,
        48,
        146,
        190
    ],
    "Nb of functions evaluations": 200010,
    "Computational time in seconds": 321.9283494949341,
    "Stopping criterion in evaluations": 200000
}