17° run output:
{
    "Function": "kroA300.tsp",
    "Problem dimension": [
        201,
        61,
        224,
        42,
        195,
        156,
        45,
        174,
        40,
        127,
        145,
        210,
        56,
        121,
        50,
        13,
        47,
        178,
        66,
        161,
        69,
        250,
        108,
        186,
        54,
        296,
        221,
        21,
        81,
        230,
        282,
        204,
        191,
        246,
        111,
        142,
        238,
        297,
        215,
        196,
        280,
        132,
        112,
        235,
        267,
        93,
        180,
        168,
        163,
        293,
        29,
        64,
        5,
        57,
        214,
        194,
        160,
        88,
        268,
        263,
        236,
        136,
        138,
        226,
        55,
        281,
        38,
        227,
        185,
        78,
        198,
        298,
        109,
        83,
        245,
        90,
        94,
        211,
        208,
        216,
        151,
        102,
        140,
        86,
        51,
        15,
        31,
        23,
        120,
        256,
        91,
        98,
        243,
        285,
        272,
        289,
        44,
        248,
        223,
        276,
        262,
        279,
        175,
        228,
        167,
        199,
        33,
        126,
        286,
        283,
        190,
        154,
        27,
        288,
        294,
        299,
        113,
        4,
        75,
        166,
        128,
        7,
        264,
        150,
        269,
        158,
        36,
        212,
        241,
        205,
        59,
        209,
        49,
        203,
        162,
        46,
        159,
        184,
        255,
        101,
        188,
        273,
        179,
        234,
        32,
        258,
        95,
        18,
        173,
        41,
        92,
        207,
        65,
        284,
        14,
        117,
        292,
        25,
        43,
        106,
        119,
        85,
        177,
        76,
        34,
        229,
        53,
        278,
        122,
        114,
        189,
        6,
        200,
        252,
        157,
        73,
        9,
        287,
        48,
        148,
        123,
        8,
        60,
        275,
        2,
        259,
        164,
        130,
        10,
        19,
        197,
        295,
        62,
        147,
        133,
        291,
        105,
        193,
        110,
        135,
        115,
        170,
        149,
        22,
        266,
        213,
        220,
        58,
        153,
        96,
        237,
        155,
        202,
        39,
        74,
        79,
        172,
        146,
        244,
        270,
        249,
        107,
        225,
        247,
        131,
        1,
        271,
        116,
        84,
        26,
        12,
        218,
        169,
        80,
        99,
        183,
        52,
        63,
        97,
        253,
        89,
        16,
        87,
        71,
        277,
        70,
        233,
        37,
        265,
        242,
        144,
        124,
        254,
        68,
        251,
        125,
        17,
        11,
        176,
        206,
        0,
        28,
        187,
        118,
        129,
        217,
        77,
        137,
        152,
        103,
        67,
        182,
        24,
        290,
        240,
        239,
        274,
        231,
        30,
        192,
        232,
        141,
        100,
        35,
        261,
        181,
        104,
        20,
        134,
        171,
        3,
        139,
        222,
        260,
        143,
        257,
        219,
        82,
        72,
        165
    ],
    "Global Optimum": 0,
    "Algorithm": "Genetic algorithm",
    "Parameters": {
        "population": 30,
        "offspring": 30,
        "mutation probability": 0.0033333333333333335,
        "crossover probability": 0.9
    },
    "Fitness": 287844,
    "Solution": [
        201,
        61,
        224,
        42,
        195,
        156,
        45,
        174,
        40,
        127,
        145,
        210,
        56,
        121,
        50,
        13,
        47,
        178,
        66,
        161,
        69,
        250,
        108,
        186,
        54,
        296,
        221,
        21,
        81,
        230,
        282,
        204,
        191,
        246,
        111,
        142,
        238,
        297,
        215,
        196,
        280,
        132,
        112,
        235,
        267,
        93,
        180,
        168,
        163,
        293,
        29,
        64,
        5,
        57,
        214,
        194,
        160,
        88,
        268,
        263,
        236,
        136,
        138,
        226,
        55,
        281,
        38,
        227,
        185,
        78,
        198,
        298,
        109,
        83,
        245,
        90,
        94,
        211,
        208,
        216,
        151,
        102,
        140,
        86,
        51,
        15,
        31,
        23,
        120,
        256,
        91,
        98,
        243,
        285,
        272,
        289,
        44,
        248,
        223,
        276,
        262,
        279,
        175,
        228,
        167,
        199,
        33,
        126,
        286,
        283,
        190,
        154,
        27,
        288,
        294,
        299,
        113,
        4,
        75,
        166,
        128,
        7,
        264,
        150,
        269,
        158,
        36,
        212,
        241,
        205,
        59,
        209,
        49,
        203,
        162,
        46,
        159,
        184,
        255,
        101,
        188,
        273,
        179,
        234,
        32,
        258,
        95,
        18,
        173,
        41,
        92,
        207,
        65,
        284,
        14,
        117,
        292,
        25,
        43,
        106,
        119,
        85,
        177,
        76,
        34,
        229,
        53,
        278,
        122,
        114,
        189,
        6,
        200,
        252,
        157,
        73,
        9,
        287,
        48,
        148,
        123,
        8,
        60,
        275,
        2,
        259,
        164,
        130,
        10,
        19,
        197,
        295,
        62,
        147,
        133,
        291,
        105,
        193,
        110,
        135,
        115,
        170,
        149,
        22,
        266,
        213,
        220,
        58,
        153,
        96,
        237,
        155,
        202,
        39,
        74,
        79,
        172,
        146,
        244,
        270,
        249,
        107,
        225,
        247,
        131,
        1,
        271,
        116,
        84,
        26,
        12,
        218,
        169,
        80,
        99,
        183,
        52,
        63,
        97,
        253,
        89,
        16,
        87,
        71,
        277,
        70,
        233,
        37,
        265,
        242,
        144,
        124,
        254,
        68,
        251,
        125,
        17,
        11,
        176,
        206,
        0,
        28,
        187,
        118,
        129,
        217,
        77,
        137,
        152,
        103,
        67,
        182,
        24,
        290,
        240,
        239,
        274,
        231,
        30,
        192,
        232,
        141,
        100,
        35,
        261,
        181,
        104,
        20,
        134,
        171,
        3,
        139,
        222,
        260,
        143,
        257,
        219,
        82,
        72,
        165
    ],
    "Nb of functions evaluations": 200010,
    "Computational time in seconds": 323.5755844116211,
    "Stopping criterion in evaluations": 200000
}