11° run output:
{
    "Function": "kroA300.tsp",
    "Problem dimension": [
        42,
        89,
        186,
        8,
        86,
        251,
        94,
        153,
        271,
        115,
        123,
        60,
        88,
        201,
        93,
        219,
        280,
        80,
        150,
        161,
        131,
        2,
        75,
        238,
        24,
        288,
        275,
        282,
        39,
        109,
        45,
        23,
        116,
        73,
        44,
        9,
        232,
        130,
        174,
        30,
        274,
        21,
        63,
        173,
        165,
        295,
        78,
        213,
        296,
        18,
        202,
        50,
        178,
        28,
        248,
        72,
        222,
        53,
        229,
        291,
        65,
        43,
        289,
        70,
        136,
        58,
        54,
        267,
        85,
        221,
        157,
        259,
        261,
        69,
        188,
        166,
        91,
        98,
        32,
        84,
        119,
        90,
        1,
        264,
        100,
        105,
        292,
        206,
        220,
        185,
        217,
        129,
        177,
        33,
        273,
        95,
        118,
        193,
        121,
        286,
        146,
        52,
        266,
        235,
        242,
        252,
        169,
        241,
        137,
        110,
        190,
        285,
        134,
        159,
        283,
        191,
        180,
        46,
        216,
        255,
        204,
        31,
        171,
        298,
        263,
        227,
        211,
        168,
        49,
        56,
        17,
        183,
        158,
        256,
        14,
        231,
        179,
        225,
        163,
        62,
        187,
        287,
        230,
        77,
        164,
        237,
        260,
        34,
        127,
        124,
        172,
        236,
        82,
        294,
        233,
        55,
        181,
        270,
        176,
        195,
        104,
        7,
        126,
        11,
        36,
        162,
        205,
        114,
        20,
        139,
        293,
        5,
        155,
        254,
        175,
        74,
        154,
        38,
        112,
        101,
        214,
        249,
        133,
        268,
        99,
        79,
        29,
        265,
        151,
        253,
        26,
        160,
        234,
        245,
        81,
        117,
        189,
        51,
        258,
        148,
        212,
        3,
        19,
        145,
        199,
        71,
        247,
        68,
        35,
        200,
        279,
        184,
        257,
        299,
        128,
        120,
        135,
        12,
        25,
        16,
        170,
        210,
        102,
        6,
        198,
        113,
        140,
        106,
        59,
        144,
        262,
        203,
        40,
        138,
        61,
        76,
        149,
        22,
        143,
        250,
        276,
        27,
        244,
        92,
        284,
        243,
        246,
        196,
        103,
        108,
        167,
        228,
        194,
        277,
        209,
        67,
        223,
        239,
        152,
        107,
        272,
        122,
        226,
        290,
        147,
        132,
        4,
        66,
        218,
        111,
        156,
        278,
        197,
        0,
        192,
        215,
        240,
        87,
        57,
        97,
        142,
        224,
        297,
        182,
        64,
        141,
        96,
        15,
        207,
        125,
        10,
        47,
        83,
        13,
        269,
        48,
        41,
        208,
        37,
        281
    ],
    "Global Optimum": 0,
    "Algorithm": "Genetic algorithm",
    "Parameters": {
        "population": 30,
        "offspring": 30,
        "mutation probability": 0.0033333333333333335,
        "crossover probability": 0.9
    },
    "Fitness": 293352,
    "Solution": [
        42,
        89,
        186,
        8,
        86,
        251,
        94,
        153,
        271,
        115,
        123,
        60,
        88,
        201,
        93,
        219,
        280,
        80,
        150,
        161,
        131,
        2,
        75,
        238,
        24,
        288,
        275,
        282,
        39,
        109,
        45,
        23,
        116,
        73,
        44,
        9,
        232,
        130,
        174,
        30,
        274,
        21,
        63,
        173,
        165,
        295,
        78,
        213,
        296,
        18,
        202,
        50,
        178,
        28,
        248,
        72,
        222,
        53,
        229,
        291,
        65,
        43,
        289,
        70,
        136,
        58,
        54,
        267,
        85,
        221,
        157,
        259,
        261,
        69,
        188,
        166,
        91,
        98,
        32,
        84,
        119,
        90,
        1,
        264,
        100,
        105,
        292,
        206,
        220,
        185,
        217,
        129,
        177,
        33,
        273,
        95,
        118,
        193,
        121,
        286,
        146,
        52,
        266,
        235,
        242,
        252,
        169,
        241,
        137,
        110,
        190,
        285,
        134,
        159,
        283,
        191,
        180,
        46,
        216,
        255,
        204,
        31,
        171,
        298,
        263,
        227,
        211,
        168,
        49,
        56,
        17,
        183,
        158,
        256,
        14,
        231,
        179,
        225,
        163,
        62,
        187,
        287,
        230,
        77,
        164,
        237,
        260,
        34,
        127,
        124,
        172,
        236,
        82,
        294,
        233,
        55,
        181,
        270,
        176,
        195,
        104,
        7,
        126,
        11,
        36,
        162,
        205,
        114,
        20,
        139,
        293,
        5,
        155,
        254,
        175,
        74,
        154,
        38,
        112,
        101,
        214,
        249,
        133,
        268,
        99,
        79,
        29,
        265,
        151,
        253,
        26,
        160,
        234,
        245,
        81,
        117,
        189,
        51,
        258,
        148,
        212,
        3,
        19,
        145,
        199,
        71,
        247,
        68,
        35,
        200,
        279,
        184,
        257,
        299,
        128,
        120,
        135,
        12,
        25,
        16,
        170,
        210,
        102,
        6,
        198,
        113,
        140,
        106,
        59,
        144,
        262,
        203,
        40,
        138,
        61,
        76,
        149,
        22,
        143,
        250,
        276,
        27,
        244,
        92,
        284,
        243,
        246,
        196,
        103,
        108,
        167,
        228,
        194,
        277,
        209,
        67,
        223,
        239,
        152,
        107,
        272,
        122,
        226,
        290,
        147,
        132,
        4,
        66,
        218,
        111,
        156,
        278,
        197,
        0,
        192,
        215,
        240,
        87,
        57,
        97,
        142,
        224,
        297,
        182,
        64,
        141,
        96,
        15,
        207,
        125,
        10,
        47,
        83,
        13,
        269,
        48,
        41,
        208,
        37,
        281
    ],
    "Nb of functions evaluations": 200010,
    "Computational time in seconds": 322.39299416542053,
    "Stopping criterion in evaluations": 200000
}