26° run output:
{
    "Function": "kroA300.tsp",
    "Problem dimension": [
        100,
        40,
        176,
        26,
        58,
        139,
        274,
        154,
        182,
        145,
        227,
        277,
        29,
        2,
        55,
        228,
        241,
        117,
        11,
        183,
        23,
        215,
        204,
        295,
        230,
        137,
        17,
        39,
        9,
        91,
        283,
        211,
        240,
        88,
        153,
        248,
        69,
        208,
        276,
        224,
        175,
        61,
        217,
        146,
        82,
        297,
        194,
        180,
        231,
        30,
        299,
        238,
        87,
        233,
        129,
        38,
        37,
        53,
        28,
        121,
        198,
        144,
        31,
        284,
        122,
        160,
        124,
        20,
        75,
        134,
        25,
        77,
        252,
        250,
        271,
        261,
        296,
        246,
        184,
        1,
        107,
        247,
        173,
        260,
        10,
        287,
        166,
        266,
        72,
        203,
        197,
        49,
        157,
        116,
        282,
        178,
        202,
        48,
        46,
        33,
        97,
        81,
        123,
        289,
        236,
        102,
        161,
        256,
        67,
        214,
        104,
        94,
        257,
        195,
        288,
        255,
        132,
        219,
        253,
        201,
        138,
        22,
        126,
        120,
        298,
        171,
        243,
        237,
        207,
        119,
        64,
        150,
        41,
        189,
        165,
        193,
        8,
        135,
        168,
        52,
        62,
        115,
        43,
        155,
        85,
        223,
        242,
        78,
        167,
        112,
        293,
        105,
        0,
        99,
        18,
        83,
        152,
        232,
        45,
        156,
        186,
        229,
        57,
        177,
        7,
        235,
        185,
        19,
        128,
        106,
        4,
        90,
        70,
        42,
        151,
        187,
        35,
        292,
        36,
        258,
        51,
        86,
        234,
        59,
        163,
        149,
        290,
        54,
        133,
        21,
        244,
        158,
        210,
        270,
        249,
        192,
        79,
        76,
        142,
        264,
        5,
        259,
        181,
        281,
        170,
        199,
        140,
        24,
        111,
        113,
        294,
        143,
        222,
        103,
        196,
        118,
        65,
        56,
        101,
        172,
        84,
        159,
        280,
        96,
        291,
        66,
        89,
        12,
        285,
        275,
        6,
        92,
        13,
        68,
        267,
        16,
        239,
        221,
        225,
        272,
        130,
        3,
        269,
        218,
        279,
        74,
        278,
        190,
        127,
        273,
        245,
        174,
        44,
        205,
        80,
        141,
        164,
        95,
        191,
        109,
        15,
        286,
        47,
        169,
        50,
        206,
        60,
        131,
        14,
        213,
        226,
        27,
        265,
        216,
        263,
        268,
        108,
        71,
        148,
        162,
        73,
        32,
        212,
        34,
        93,
        254,
        136,
        147,
        110,
        63,
        262,
        114,
        251,
        188,
        220,
        98,
        179,
        125,
        200,
        209
    ],
    "Global Optimum": 0,
    "Algorithm": "Genetic algorithm",
    "Parameters": {
        "population": 30,
        "offspring": 30,
        "mutation probability": 0.0033333333333333335,
        "crossover probability": 0.9
    },
    "Fitness": 284378,
    "Solution": [
        100,
        40,
        176,
        26,
        58,
        139,
        274,
        154,
        182,
        145,
        227,
        277,
        29,
        2,
        55,
        228,
        241,
        117,
        11,
        183,
        23,
        215,
        204,
        295,
        230,
        137,
        17,
        39,
        9,
        91,
        283,
        211,
        240,
        88,
        153,
        248,
        69,
        208,
        276,
        224,
        175,
        61,
        217,
        146,
        82,
        297,
        194,
        180,
        231,
        30,
        299,
        238,
        87,
        233,
        129,
        38,
        37,
        53,
        28,
        121,
        198,
        144,
        31,
        284,
        122,
        160,
        124,
        20,
        75,
        134,
        25,
        77,
        252,
        250,
        271,
        261,
        296,
        246,
        184,
        1,
        107,
        247,
        173,
        260,
        10,
        287,
        166,
        266,
        72,
        203,
        197,
        49,
        157,
        116,
        282,
        178,
        202,
        48,
        46,
        33,
        97,
        81,
        123,
        289,
        236,
        102,
        161,
        256,
        67,
        214,
        104,
        94,
        257,
        195,
        288,
        255,
        132,
        219,
        253,
        201,
        138,
        22,
        126,
        120,
        298,
        171,
        243,
        237,
        207,
        119,
        64,
        150,
        41,
        189,
        165,
        193,
        8,
        135,
        168,
        52,
        62,
        115,
        43,
        155,
        85,
        223,
        242,
        78,
        167,
        112,
        293,
        105,
        0,
        99,
        18,
        83,
        152,
        232,
        45,
        156,
        186,
        229,
        57,
        177,
        7,
        235,
        185,
        19,
        128,
        106,
        4,
        90,
        70,
        42,
        151,
        187,
        35,
        292,
        36,
        258,
        51,
        86,
        234,
        59,
        163,
        149,
        290,
        54,
        133,
        21,
        244,
        158,
        210,
        270,
        249,
        192,
        79,
        76,
        142,
        264,
        5,
        259,
        181,
        281,
        170,
        199,
        140,
        24,
        111,
        113,
        294,
        143,
        222,
        103,
        196,
        118,
        65,
        56,
        101,
        172,
        84,
        159,
        280,
        96,
        291,
        66,
        89,
        12,
        285,
        275,
        6,
        92,
        13,
        68,
        267,
        16,
        239,
        221,
        225,
        272,
        130,
        3,
        269,
        218,
        279,
        74,
        278,
        190,
        127,
        273,
        245,
        174,
        44,
        205,
        80,
        141,
        164,
        95,
        191,
        109,
        15,
        286,
        47,
        169,
        50,
        206,
        60,
        131,
        14,
        213,
        226,
        27,
        265,
        216,
        263,
        268,
        108,
        71,
        148,
        162,
        73,
        32,
        212,
        34,
        93,
        254,
        136,
        147,
        110,
        63,
        262,
        114,
        251,
        188,
        220,
        98,
        179,
        125,
        200,
        209
    ],
    "Nb of functions evaluations": 200010,
    "Computational time in seconds": 320.79280638694763,
    "Stopping criterion in evaluations": 200000
}