27° run output:
{
    "Function": "kroA300.tsp",
    "Problem dimension": [
        129,
        132,
        120,
        109,
        75,
        104,
        175,
        7,
        236,
        224,
        158,
        189,
        241,
        286,
        59,
        266,
        213,
        6,
        298,
        60,
        169,
        207,
        200,
        148,
        232,
        260,
        254,
        229,
        3,
        36,
        39,
        116,
        52,
        171,
        291,
        27,
        177,
        89,
        67,
        183,
        43,
        103,
        150,
        1,
        164,
        80,
        101,
        53,
        139,
        235,
        140,
        113,
        102,
        287,
        48,
        172,
        219,
        216,
        277,
        261,
        247,
        76,
        176,
        256,
        265,
        71,
        208,
        201,
        79,
        118,
        19,
        33,
        227,
        276,
        128,
        210,
        242,
        122,
        274,
        214,
        279,
        134,
        218,
        46,
        185,
        77,
        252,
        96,
        95,
        86,
        41,
        42,
        211,
        5,
        14,
        11,
        28,
        78,
        267,
        25,
        206,
        239,
        26,
        187,
        15,
        161,
        253,
        249,
        159,
        269,
        292,
        205,
        12,
        262,
        240,
        264,
        29,
        166,
        70,
        136,
        295,
        284,
        152,
        296,
        131,
        163,
        153,
        82,
        270,
        84,
        45,
        190,
        121,
        178,
        215,
        54,
        142,
        24,
        221,
        168,
        30,
        106,
        290,
        294,
        2,
        58,
        72,
        37,
        94,
        167,
        209,
        93,
        223,
        233,
        182,
        74,
        231,
        197,
        73,
        272,
        273,
        51,
        246,
        115,
        193,
        32,
        225,
        130,
        20,
        61,
        237,
        258,
        105,
        18,
        9,
        289,
        99,
        226,
        195,
        245,
        155,
        65,
        92,
        162,
        49,
        234,
        220,
        179,
        35,
        251,
        283,
        88,
        87,
        97,
        151,
        228,
        288,
        85,
        170,
        57,
        147,
        119,
        198,
        243,
        40,
        64,
        157,
        127,
        230,
        123,
        62,
        141,
        192,
        268,
        16,
        257,
        194,
        90,
        126,
        156,
        21,
        100,
        66,
        137,
        174,
        263,
        31,
        117,
        135,
        280,
        10,
        259,
        23,
        114,
        144,
        204,
        202,
        108,
        13,
        191,
        44,
        91,
        196,
        22,
        255,
        143,
        47,
        81,
        8,
        186,
        17,
        217,
        238,
        63,
        55,
        299,
        184,
        244,
        110,
        0,
        146,
        199,
        145,
        133,
        38,
        181,
        278,
        138,
        111,
        165,
        212,
        125,
        203,
        160,
        4,
        293,
        297,
        149,
        112,
        180,
        154,
        34,
        222,
        248,
        271,
        107,
        275,
        282,
        83,
        50,
        173,
        285,
        281,
        69,
        250,
        56,
        68,
        188,
        98,
        124
    ],
    "Global Optimum": 0,
    "Algorithm": "Genetic algorithm",
    "Parameters": {
        "population": 30,
        "offspring": 30,
        "mutation probability": 0.0033333333333333335,
        "crossover probability": 0.9
    },
    "Fitness": 306296,
    "Solution": [
        129,
        132,
        120,
        109,
        75,
        104,
        175,
        7,
        236,
        224,
        158,
        189,
        241,
        286,
        59,
        266,
        213,
        6,
        298,
        60,
        169,
        207,
        200,
        148,
        232,
        260,
        254,
        229,
        3,
        36,
        39,
        116,
        52,
        171,
        291,
        27,
        177,
        89,
        67,
        183,
        43,
        103,
        150,
        1,
        164,
        80,
        101,
        53,
        139,
        235,
        140,
        113,
        102,
        287,
        48,
        172,
        219,
        216,
        277,
        261,
        247,
        76,
        176,
        256,
        265,
        71,
        208,
        201,
        79,
        118,
        19,
        33,
        227,
        276,
        128,
        210,
        242,
        122,
        274,
        214,
        279,
        134,
        218,
        46,
        185,
        77,
        252,
        96,
        95,
        86,
        41,
        42,
        211,
        5,
        14,
        11,
        28,
        78,
        267,
        25,
        206,
        239,
        26,
        187,
        15,
        161,
        253,
        249,
        159,
        269,
        292,
        205,
        12,
        262,
        240,
        264,
        29,
        166,
        70,
        136,
        295,
        284,
        152,
        296,
        131,
        163,
        153,
        82,
        270,
        84,
        45,
        190,
        121,
        178,
        215,
        54,
        142,
        24,
        221,
        168,
        30,
        106,
        290,
        294,
        2,
        58,
        72,
        37,
        94,
        167,
        209,
        93,
        223,
        233,
        182,
        74,
        231,
        197,
        73,
        272,
        273,
        51,
        246,
        115,
        193,
        32,
        225,
        130,
        20,
        61,
        237,
        258,
        105,
        18,
        9,
        289,
        99,
        226,
        195,
        245,
        155,
        65,
        92,
        162,
        49,
        234,
        220,
        179,
        35,
        251,
        283,
        88,
        87,
        97,
        151,
        228,
        288,
        85,
        170,
        57,
        147,
        119,
        198,
        243,
        40,
        64,
        157,
        127,
        230,
        123,
        62,
        141,
        192,
        268,
        16,
        257,
        194,
        90,
        126,
        156,
        21,
        100,
        66,
        137,
        174,
        263,
        31,
        117,
        135,
        280,
        10,
        259,
        23,
        114,
        144,
        204,
        202,
        108,
        13,
        191,
        44,
        91,
        196,
        22,
        255,
        143,
        47,
        81,
        8,
        186,
        17,
        217,
        238,
        63,
        55,
        299,
        184,
        244,
        110,
        0,
        146,
        199,
        145,
        133,
        38,
        181,
        278,
        138,
        111,
        165,
        212,
        125,
        203,
        160,
        4,
        293,
        297,
        149,
        112,
        180,
        154,
        34,
        222,
        248,
        271,
        107,
        275,
        282,
        83,
        50,
        173,
        285,
        281,
        69,
        250,
        56,
        68,
        188,
        98,
        124
    ],
    "Nb of functions evaluations": 200010,
    "Computational time in seconds": 319.8303349018097,
    "Stopping criterion in evaluations": 200000
}