24° run output:
{
    "Function": "kroA100.tsp",
    "Problem dimension": [
        19,
        86,
        61,
        26,
        85,
        96,
        64,
        93,
        35,
        34,
        40,
        99,
        54,
        66,
        92,
        44,
        90,
        62,
        89,
        80,
        84,
        42,
        8,
        50,
        57,
        48,
        17,
        21,
        65,
        5,
        18,
        68,
        53,
        67,
        47,
        13,
        51,
        2,
        28,
        22,
        76,
        10,
        56,
        24,
        60,
        59,
        7,
        52,
        98,
        58,
        73,
        41,
        79,
        95,
        77,
        83,
        87,
        16,
        9,
        43,
        94,
        1,
        78,
        74,
        71,
        0,
        91,
        3,
        15,
        55,
        30,
        11,
        33,
        27,
        97,
        69,
        25,
        6,
        14,
        37,
        23,
        20,
        31,
        46,
        88,
        38,
        4,
        36,
        49,
        81,
        70,
        45,
        29,
        32,
        75,
        12,
        39,
        63,
        72,
        82
    ],
    "Global Optimum": 0,
    "Algorithm": "Genetic algorithm",
    "Parameters": {
        "population": 30,
        "offspring": 30,
        "mutation probability": 0.01,
        "crossover probability": 0.9
    },
    "Fitness": 89893,
    "Solution": [
        19,
        86,
        61,
        26,
        85,
        96,
        64,
        93,
        35,
        34,
        40,
        99,
        54,
        66,
        92,
        44,
        90,
        62,
        89,
        80,
        84,
        42,
        8,
        50,
        57,
        48,
        17,
        21,
        65,
        5,
        18,
        68,
        53,
        67,
        47,
        13,
        51,
        2,
        28,
        22,
        76,
        10,
        56,
        24,
        60,
        59,
        7,
        52,
        98,
        58,
        73,
        41,
        79,
        95,
        77,
        83,
        87,
        16,
        9,
        43,
        94,
        1,
        78,
        74,
        71,
        0,
        91,
        3,
        15,
        55,
        30,
        11,
        33,
        27,
        97,
        69,
        25,
        6,
        14,
        37,
        23,
        20,
        31,
        46,
        88,
        38,
        4,
        36,
        49,
        81,
        70,
        45,
        29,
        32,
        75,
        12,
        39,
        63,
        72,
        82
    ],
    "Nb of functions evaluations": 50010,
    "Computational time in seconds": 23.149170398712158,
    "Stopping criterion in evaluations": 50000
}