12° run output:
{
    "Function": "kroA100.tsp",
    "Problem dimension": [
        19,
        33,
        84,
        16,
        34,
        2,
        26,
        58,
        79,
        43,
        81,
        32,
        12,
        60,
        39,
        65,
        25,
        96,
        57,
        41,
        75,
        77,
        1,
        53,
        69,
        3,
        48,
        93,
        78,
        18,
        15,
        55,
        20,
        31,
        14,
        5,
        0,
        11,
        30,
        89,
        46,
        23,
        35,
        37,
        83,
        62,
        71,
        54,
        70,
        99,
        49,
        63,
        7,
        74,
        64,
        91,
        66,
        6,
        50,
        67,
        68,
        88,
        27,
        56,
        24,
        72,
        80,
        61,
        9,
        52,
        73,
        10,
        92,
        59,
        76,
        38,
        94,
        95,
        42,
        47,
        13,
        45,
        29,
        51,
        40,
        82,
        85,
        8,
        86,
        36,
        4,
        28,
        90,
        22,
        97,
        98,
        17,
        87,
        21,
        44
    ],
    "Global Optimum": 0,
    "Algorithm": "Genetic algorithm",
    "Parameters": {
        "population": 30,
        "offspring": 30,
        "mutation probability": 0.01,
        "crossover probability": 0.9
    },
    "Fitness": 87900,
    "Solution": [
        19,
        33,
        84,
        16,
        34,
        2,
        26,
        58,
        79,
        43,
        81,
        32,
        12,
        60,
        39,
        65,
        25,
        96,
        57,
        41,
        75,
        77,
        1,
        53,
        69,
        3,
        48,
        93,
        78,
        18,
        15,
        55,
        20,
        31,
        14,
        5,
        0,
        11,
        30,
        89,
        46,
        23,
        35,
        37,
        83,
        62,
        71,
        54,
        70,
        99,
        49,
        63,
        7,
        74,
        64,
        91,
        66,
        6,
        50,
        67,
        68,
        88,
        27,
        56,
        24,
        72,
        80,
        61,
        9,
        52,
        73,
        10,
        92,
        59,
        76,
        38,
        94,
        95,
        42,
        47,
        13,
        45,
        29,
        51,
        40,
        82,
        85,
        8,
        86,
        36,
        4,
        28,
        90,
        22,
        97,
        98,
        17,
        87,
        21,
        44
    ],
    "Nb of functions evaluations": 50010,
    "Computational time in seconds": 23.95535159111023,
    "Stopping criterion in evaluations": 50000
}