6° run output:
{
    "Function": "kroA100.tsp",
    "Problem dimension": [
        31,
        9,
        37,
        15,
        83,
        80,
        81,
        1,
        43,
        92,
        35,
        58,
        44,
        61,
        19,
        85,
        34,
        26,
        56,
        16,
        98,
        23,
        64,
        65,
        74,
        18,
        90,
        76,
        57,
        66,
        93,
        87,
        52,
        69,
        55,
        88,
        63,
        84,
        41,
        79,
        21,
        45,
        47,
        30,
        25,
        3,
        10,
        73,
        14,
        6,
        54,
        59,
        71,
        20,
        89,
        5,
        91,
        27,
        7,
        96,
        0,
        53,
        39,
        68,
        72,
        49,
        67,
        82,
        33,
        28,
        86,
        8,
        22,
        46,
        97,
        50,
        60,
        95,
        94,
        42,
        40,
        29,
        24,
        48,
        17,
        78,
        62,
        11,
        70,
        99,
        13,
        77,
        51,
        75,
        12,
        32,
        38,
        4,
        36,
        2
    ],
    "Global Optimum": 0,
    "Algorithm": "Genetic algorithm",
    "Parameters": {
        "population": 30,
        "offspring": 30,
        "mutation probability": 0.01,
        "crossover probability": 0.9
    },
    "Fitness": 76002,
    "Solution": [
        31,
        9,
        37,
        15,
        83,
        80,
        81,
        1,
        43,
        92,
        35,
        58,
        44,
        61,
        19,
        85,
        34,
        26,
        56,
        16,
        98,
        23,
        64,
        65,
        74,
        18,
        90,
        76,
        57,
        66,
        93,
        87,
        52,
        69,
        55,
        88,
        63,
        84,
        41,
        79,
        21,
        45,
        47,
        30,
        25,
        3,
        10,
        73,
        14,
        6,
        54,
        59,
        71,
        20,
        89,
        5,
        91,
        27,
        7,
        96,
        0,
        53,
        39,
        68,
        72,
        49,
        67,
        82,
        33,
        28,
        86,
        8,
        22,
        46,
        97,
        50,
        60,
        95,
        94,
        42,
        40,
        29,
        24,
        48,
        17,
        78,
        62,
        11,
        70,
        99,
        13,
        77,
        51,
        75,
        12,
        32,
        38,
        4,
        36,
        2
    ],
    "Nb of functions evaluations": 50010,
    "Computational time in seconds": 23.19118070602417,
    "Stopping criterion in evaluations": 50000
}