16° run output:
{
    "Function": "euclidB300.tsp",
    "Problem dimension": [
        64,
        211,
        46,
        37,
        105,
        91,
        65,
        273,
        57,
        276,
        92,
        148,
        63,
        236,
        83,
        123,
        27,
        175,
        76,
        118,
        209,
        268,
        154,
        88,
        186,
        18,
        0,
        108,
        32,
        153,
        208,
        283,
        296,
        206,
        212,
        12,
        245,
        36,
        16,
        249,
        117,
        197,
        128,
        218,
        239,
        131,
        53,
        107,
        156,
        26,
        191,
        139,
        73,
        277,
        137,
        286,
        219,
        141,
        74,
        172,
        299,
        278,
        106,
        205,
        262,
        216,
        149,
        167,
        143,
        125,
        101,
        241,
        294,
        159,
        171,
        41,
        132,
        96,
        164,
        201,
        138,
        70,
        34,
        173,
        279,
        1,
        136,
        270,
        150,
        289,
        103,
        166,
        135,
        98,
        15,
        221,
        77,
        185,
        158,
        5,
        78,
        280,
        192,
        217,
        224,
        177,
        62,
        250,
        281,
        200,
        104,
        220,
        244,
        264,
        222,
        196,
        85,
        225,
        112,
        227,
        170,
        203,
        17,
        10,
        119,
        168,
        120,
        134,
        24,
        56,
        287,
        95,
        21,
        89,
        213,
        204,
        4,
        199,
        6,
        52,
        248,
        116,
        295,
        79,
        3,
        80,
        43,
        86,
        298,
        87,
        60,
        269,
        30,
        274,
        129,
        242,
        100,
        165,
        122,
        69,
        71,
        114,
        49,
        271,
        214,
        8,
        147,
        180,
        126,
        33,
        51,
        35,
        121,
        229,
        243,
        19,
        39,
        2,
        155,
        178,
        215,
        235,
        257,
        293,
        20,
        44,
        127,
        193,
        99,
        160,
        130,
        81,
        67,
        115,
        202,
        163,
        246,
        284,
        238,
        110,
        188,
        297,
        23,
        55,
        230,
        194,
        179,
        31,
        285,
        251,
        40,
        50,
        84,
        226,
        28,
        66,
        102,
        198,
        290,
        90,
        144,
        223,
        13,
        145,
        275,
        25,
        68,
        228,
        133,
        254,
        266,
        151,
        94,
        183,
        182,
        232,
        190,
        189,
        169,
        265,
        237,
        174,
        187,
        59,
        255,
        292,
        42,
        234,
        113,
        140,
        288,
        258,
        38,
        259,
        253,
        82,
        240,
        263,
        7,
        157,
        282,
        93,
        162,
        97,
        58,
        72,
        61,
        152,
        210,
        111,
        231,
        195,
        22,
        54,
        11,
        14,
        184,
        45,
        233,
        176,
        47,
        29,
        161,
        291,
        75,
        252,
        247,
        9,
        267,
        207,
        109,
        124,
        181,
        261,
        272,
        142,
        48,
        146,
        256,
        260
    ],
    "Global Optimum": 0,
    "Algorithm": "Genetic algorithm",
    "Parameters": {
        "population": 30,
        "offspring": 30,
        "mutation probability": 0.0033333333333333335,
        "crossover probability": 0.9
    },
    "Fitness": 293337,
    "Solution": [
        64,
        211,
        46,
        37,
        105,
        91,
        65,
        273,
        57,
        276,
        92,
        148,
        63,
        236,
        83,
        123,
        27,
        175,
        76,
        118,
        209,
        268,
        154,
        88,
        186,
        18,
        0,
        108,
        32,
        153,
        208,
        283,
        296,
        206,
        212,
        12,
        245,
        36,
        16,
        249,
        117,
        197,
        128,
        218,
        239,
        131,
        53,
        107,
        156,
        26,
        191,
        139,
        73,
        277,
        137,
        286,
        219,
        141,
        74,
        172,
        299,
        278,
        106,
        205,
        262,
        216,
        149,
        167,
        143,
        125,
        101,
        241,
        294,
        159,
        171,
        41,
        132,
        96,
        164,
        201,
        138,
        70,
        34,
        173,
        279,
        1,
        136,
        270,
        150,
        289,
        103,
        166,
        135,
        98,
        15,
        221,
        77,
        185,
        158,
        5,
        78,
        280,
        192,
        217,
        224,
        177,
        62,
        250,
        281,
        200,
        104,
        220,
        244,
        264,
        222,
        196,
        85,
        225,
        112,
        227,
        170,
        203,
        17,
        10,
        119,
        168,
        120,
        134,
        24,
        56,
        287,
        95,
        21,
        89,
        213,
        204,
        4,
        199,
        6,
        52,
        248,
        116,
        295,
        79,
        3,
        80,
        43,
        86,
        298,
        87,
        60,
        269,
        30,
        274,
        129,
        242,
        100,
        165,
        122,
        69,
        71,
        114,
        49,
        271,
        214,
        8,
        147,
        180,
        126,
        33,
        51,
        35,
        121,
        229,
        243,
        19,
        39,
        2,
        155,
        178,
        215,
        235,
        257,
        293,
        20,
        44,
        127,
        193,
        99,
        160,
        130,
        81,
        67,
        115,
        202,
        163,
        246,
        284,
        238,
        110,
        188,
        297,
        23,
        55,
        230,
        194,
        179,
        31,
        285,
        251,
        40,
        50,
        84,
        226,
        28,
        66,
        102,
        198,
        290,
        90,
        144,
        223,
        13,
        145,
        275,
        25,
        68,
        228,
        133,
        254,
        266,
        151,
        94,
        183,
        182,
        232,
        190,
        189,
        169,
        265,
        237,
        174,
        187,
        59,
        255,
        292,
        42,
        234,
        113,
        140,
        288,
        258,
        38,
        259,
        253,
        82,
        240,
        263,
        7,
        157,
        282,
        93,
        162,
        97,
        58,
        72,
        61,
        152,
        210,
        111,
        231,
        195,
        22,
        54,
        11,
        14,
        184,
        45,
        233,
        176,
        47,
        29,
        161,
        291,
        75,
        252,
        247,
        9,
        267,
        207,
        109,
        124,
        181,
        261,
        272,
        142,
        48,
        146,
        256,
        260
    ],
    "Nb of functions evaluations": 200010,
    "Computational time in seconds": 438.2130215167999,
    "Stopping criterion in evaluations": 200000
}