26° run output:
{
    "Function": "kroA100.tsp",
    "Problem dimension": [
        27,
        45,
        2,
        42,
        34,
        22,
        97,
        31,
        20,
        9,
        18,
        74,
        91,
        67,
        29,
        47,
        70,
        13,
        46,
        71,
        83,
        35,
        73,
        28,
        54,
        26,
        85,
        87,
        65,
        25,
        79,
        88,
        39,
        49,
        95,
        77,
        51,
        4,
        75,
        32,
        94,
        12,
        38,
        84,
        92,
        78,
        52,
        15,
        21,
        69,
        64,
        7,
        66,
        68,
        43,
        72,
        19,
        61,
        59,
        0,
        41,
        30,
        53,
        63,
        82,
        11,
        33,
        40,
        99,
        36,
        81,
        1,
        80,
        50,
        76,
        57,
        60,
        24,
        86,
        8,
        6,
        56,
        44,
        90,
        10,
        14,
        16,
        58,
        62,
        5,
        89,
        17,
        23,
        98,
        37,
        93,
        3,
        55,
        96,
        48
    ],
    "Global Optimum": 0,
    "Algorithm": "Genetic algorithm",
    "Parameters": {
        "population": 30,
        "offspring": 30,
        "mutation probability": 0.01,
        "crossover probability": 0.9
    },
    "Fitness": 56162,
    "Solution": [
        27,
        45,
        2,
        42,
        34,
        22,
        97,
        31,
        20,
        9,
        18,
        74,
        91,
        67,
        29,
        47,
        70,
        13,
        46,
        71,
        83,
        35,
        73,
        28,
        54,
        26,
        85,
        87,
        65,
        25,
        79,
        88,
        39,
        49,
        95,
        77,
        51,
        4,
        75,
        32,
        94,
        12,
        38,
        84,
        92,
        78,
        52,
        15,
        21,
        69,
        64,
        7,
        66,
        68,
        43,
        72,
        19,
        61,
        59,
        0,
        41,
        30,
        53,
        63,
        82,
        11,
        33,
        40,
        99,
        36,
        81,
        1,
        80,
        50,
        76,
        57,
        60,
        24,
        86,
        8,
        6,
        56,
        44,
        90,
        10,
        14,
        16,
        58,
        62,
        5,
        89,
        17,
        23,
        98,
        37,
        93,
        3,
        55,
        96,
        48
    ],
    "Nb of functions evaluations": 400020,
    "Computational time in seconds": 108.40247702598572,
    "Stopping criterion in evaluations": 400000
}