15° run output:
{
    "Function": "kroA100.tsp",
    "Problem dimension": [
        67,
        84,
        29,
        95,
        51,
        6,
        86,
        49,
        81,
        43,
        48,
        5,
        83,
        35,
        9,
        50,
        45,
        42,
        54,
        82,
        61,
        90,
        97,
        47,
        99,
        70,
        40,
        2,
        85,
        59,
        71,
        20,
        73,
        98,
        89,
        62,
        16,
        31,
        14,
        10,
        46,
        57,
        66,
        72,
        38,
        36,
        4,
        77,
        13,
        28,
        33,
        74,
        3,
        64,
        88,
        32,
        75,
        12,
        94,
        39,
        1,
        53,
        92,
        0,
        91,
        7,
        79,
        25,
        69,
        65,
        22,
        34,
        26,
        11,
        19,
        76,
        27,
        96,
        55,
        30,
        41,
        18,
        52,
        15,
        87,
        17,
        78,
        37,
        23,
        93,
        21,
        58,
        44,
        56,
        8,
        60,
        80,
        24,
        63,
        68
    ],
    "Global Optimum": 0,
    "Algorithm": "Genetic algorithm",
    "Parameters": {
        "population": 30,
        "offspring": 30,
        "mutation probability": 0.01,
        "crossover probability": 0.9
    },
    "Fitness": 56296,
    "Solution": [
        67,
        84,
        29,
        95,
        51,
        6,
        86,
        49,
        81,
        43,
        48,
        5,
        83,
        35,
        9,
        50,
        45,
        42,
        54,
        82,
        61,
        90,
        97,
        47,
        99,
        70,
        40,
        2,
        85,
        59,
        71,
        20,
        73,
        98,
        89,
        62,
        16,
        31,
        14,
        10,
        46,
        57,
        66,
        72,
        38,
        36,
        4,
        77,
        13,
        28,
        33,
        74,
        3,
        64,
        88,
        32,
        75,
        12,
        94,
        39,
        1,
        53,
        92,
        0,
        91,
        7,
        79,
        25,
        69,
        65,
        22,
        34,
        26,
        11,
        19,
        76,
        27,
        96,
        55,
        30,
        41,
        18,
        52,
        15,
        87,
        17,
        78,
        37,
        23,
        93,
        21,
        58,
        44,
        56,
        8,
        60,
        80,
        24,
        63,
        68
    ],
    "Nb of functions evaluations": 400020,
    "Computational time in seconds": 108.22743248939514,
    "Stopping criterion in evaluations": 400000
}