7° run output:
{
    "Function": "kroA100.tsp",
    "Problem dimension": [
        56,
        33,
        2,
        42,
        45,
        28,
        97,
        31,
        10,
        14,
        62,
        7,
        68,
        72,
        60,
        57,
        27,
        41,
        79,
        30,
        55,
        3,
        78,
        20,
        71,
        73,
        90,
        76,
        22,
        44,
        16,
        58,
        6,
        13,
        70,
        40,
        54,
        11,
        26,
        34,
        85,
        86,
        88,
        39,
        94,
        36,
        29,
        82,
        19,
        92,
        5,
        89,
        18,
        96,
        74,
        9,
        35,
        83,
        98,
        37,
        23,
        48,
        0,
        80,
        24,
        50,
        46,
        87,
        93,
        21,
        69,
        65,
        25,
        64,
        91,
        8,
        67,
        49,
        12,
        75,
        32,
        4,
        95,
        51,
        47,
        99,
        77,
        38,
        52,
        15,
        17,
        66,
        53,
        1,
        81,
        84,
        43,
        63,
        61,
        59
    ],
    "Global Optimum": 0,
    "Algorithm": "Genetic algorithm",
    "Parameters": {
        "population": 30,
        "offspring": 30,
        "mutation probability": 0.01,
        "crossover probability": 0.9
    },
    "Fitness": 56891,
    "Solution": [
        56,
        33,
        2,
        42,
        45,
        28,
        97,
        31,
        10,
        14,
        62,
        7,
        68,
        72,
        60,
        57,
        27,
        41,
        79,
        30,
        55,
        3,
        78,
        20,
        71,
        73,
        90,
        76,
        22,
        44,
        16,
        58,
        6,
        13,
        70,
        40,
        54,
        11,
        26,
        34,
        85,
        86,
        88,
        39,
        94,
        36,
        29,
        82,
        19,
        92,
        5,
        89,
        18,
        96,
        74,
        9,
        35,
        83,
        98,
        37,
        23,
        48,
        0,
        80,
        24,
        50,
        46,
        87,
        93,
        21,
        69,
        65,
        25,
        64,
        91,
        8,
        67,
        49,
        12,
        75,
        32,
        4,
        95,
        51,
        47,
        99,
        77,
        38,
        52,
        15,
        17,
        66,
        53,
        1,
        81,
        84,
        43,
        63,
        61,
        59
    ],
    "Nb of functions evaluations": 400020,
    "Computational time in seconds": 108.6319854259491,
    "Stopping criterion in evaluations": 400000
}