3° run output:
{
    "Function": "kroA100.tsp",
    "Problem dimension": [
        63,
        39,
        72,
        38,
        51,
        77,
        95,
        84,
        67,
        80,
        24,
        13,
        99,
        70,
        40,
        2,
        20,
        71,
        37,
        18,
        96,
        55,
        27,
        92,
        61,
        11,
        54,
        42,
        47,
        29,
        19,
        22,
        16,
        14,
        35,
        9,
        23,
        17,
        78,
        3,
        25,
        69,
        93,
        98,
        58,
        73,
        10,
        6,
        28,
        4,
        36,
        53,
        91,
        5,
        48,
        83,
        89,
        56,
        8,
        49,
        43,
        1,
        12,
        94,
        75,
        32,
        81,
        7,
        64,
        65,
        15,
        21,
        87,
        52,
        74,
        66,
        68,
        59,
        85,
        26,
        82,
        33,
        41,
        79,
        30,
        88,
        57,
        76,
        97,
        46,
        0,
        62,
        60,
        86,
        50,
        90,
        31,
        44,
        34,
        45
    ],
    "Global Optimum": 0,
    "Algorithm": "Genetic algorithm",
    "Parameters": {
        "population": 30,
        "offspring": 30,
        "mutation probability": 0.01,
        "crossover probability": 0.9
    },
    "Fitness": 57290,
    "Solution": [
        63,
        39,
        72,
        38,
        51,
        77,
        95,
        84,
        67,
        80,
        24,
        13,
        99,
        70,
        40,
        2,
        20,
        71,
        37,
        18,
        96,
        55,
        27,
        92,
        61,
        11,
        54,
        42,
        47,
        29,
        19,
        22,
        16,
        14,
        35,
        9,
        23,
        17,
        78,
        3,
        25,
        69,
        93,
        98,
        58,
        73,
        10,
        6,
        28,
        4,
        36,
        53,
        91,
        5,
        48,
        83,
        89,
        56,
        8,
        49,
        43,
        1,
        12,
        94,
        75,
        32,
        81,
        7,
        64,
        65,
        15,
        21,
        87,
        52,
        74,
        66,
        68,
        59,
        85,
        26,
        82,
        33,
        41,
        79,
        30,
        88,
        57,
        76,
        97,
        46,
        0,
        62,
        60,
        86,
        50,
        90,
        31,
        44,
        34,
        45
    ],
    "Nb of functions evaluations": 400020,
    "Computational time in seconds": 112.41847085952759,
    "Stopping criterion in evaluations": 400000
}