1° run output:
{
    "Function": "kroA100.tsp",
    "Problem dimension": [
        31,
        97,
        24,
        80,
        56,
        11,
        54,
        82,
        48,
        93,
        87,
        15,
        69,
        65,
        25,
        55,
        91,
        7,
        89,
        83,
        9,
        5,
        18,
        52,
        21,
        64,
        3,
        96,
        78,
        17,
        35,
        98,
        37,
        23,
        74,
        30,
        79,
        41,
        88,
        53,
        43,
        68,
        73,
        14,
        16,
        58,
        20,
        71,
        46,
        62,
        0,
        76,
        19,
        8,
        70,
        99,
        40,
        45,
        42,
        26,
        34,
        57,
        60,
        50,
        86,
        85,
        22,
        44,
        59,
        61,
        6,
        84,
        29,
        95,
        63,
        39,
        66,
        27,
        28,
        2,
        47,
        51,
        4,
        36,
        77,
        38,
        49,
        72,
        1,
        81,
        94,
        12,
        33,
        13,
        75,
        32,
        67,
        92,
        90,
        10
    ],
    "Global Optimum": 0,
    "Algorithm": "Genetic algorithm",
    "Parameters": {
        "population": 30,
        "offspring": 30,
        "mutation probability": 0.01,
        "crossover probability": 0.9
    },
    "Fitness": 49585,
    "Solution": [
        31,
        97,
        24,
        80,
        56,
        11,
        54,
        82,
        48,
        93,
        87,
        15,
        69,
        65,
        25,
        55,
        91,
        7,
        89,
        83,
        9,
        5,
        18,
        52,
        21,
        64,
        3,
        96,
        78,
        17,
        35,
        98,
        37,
        23,
        74,
        30,
        79,
        41,
        88,
        53,
        43,
        68,
        73,
        14,
        16,
        58,
        20,
        71,
        46,
        62,
        0,
        76,
        19,
        8,
        70,
        99,
        40,
        45,
        42,
        26,
        34,
        57,
        60,
        50,
        86,
        85,
        22,
        44,
        59,
        61,
        6,
        84,
        29,
        95,
        63,
        39,
        66,
        27,
        28,
        2,
        47,
        51,
        4,
        36,
        77,
        38,
        49,
        72,
        1,
        81,
        94,
        12,
        33,
        13,
        75,
        32,
        67,
        92,
        90,
        10
    ],
    "Nb of functions evaluations": 400020,
    "Computational time in seconds": 109.84519362449646,
    "Stopping criterion in evaluations": 400000
}