16° run output:
{
    "Function": "kroA100.tsp",
    "Problem dimension": [
        23,
        37,
        17,
        87,
        98,
        16,
        14,
        97,
        29,
        4,
        47,
        99,
        13,
        70,
        40,
        2,
        28,
        84,
        38,
        95,
        51,
        77,
        36,
        49,
        80,
        24,
        20,
        73,
        62,
        5,
        48,
        89,
        35,
        10,
        22,
        27,
        55,
        79,
        41,
        88,
        30,
        64,
        25,
        7,
        0,
        76,
        26,
        19,
        6,
        8,
        85,
        34,
        61,
        59,
        46,
        74,
        52,
        78,
        93,
        15,
        21,
        31,
        90,
        57,
        63,
        94,
        75,
        32,
        12,
        81,
        43,
        1,
        39,
        96,
        3,
        65,
        69,
        18,
        91,
        66,
        50,
        44,
        83,
        9,
        53,
        68,
        82,
        33,
        45,
        42,
        54,
        11,
        67,
        72,
        56,
        86,
        60,
        92,
        71,
        58
    ],
    "Global Optimum": 0,
    "Algorithm": "Genetic algorithm",
    "Parameters": {
        "population": 30,
        "offspring": 30,
        "mutation probability": 0.01,
        "crossover probability": 0.9
    },
    "Fitness": 52837,
    "Solution": [
        23,
        37,
        17,
        87,
        98,
        16,
        14,
        97,
        29,
        4,
        47,
        99,
        13,
        70,
        40,
        2,
        28,
        84,
        38,
        95,
        51,
        77,
        36,
        49,
        80,
        24,
        20,
        73,
        62,
        5,
        48,
        89,
        35,
        10,
        22,
        27,
        55,
        79,
        41,
        88,
        30,
        64,
        25,
        7,
        0,
        76,
        26,
        19,
        6,
        8,
        85,
        34,
        61,
        59,
        46,
        74,
        52,
        78,
        93,
        15,
        21,
        31,
        90,
        57,
        63,
        94,
        75,
        32,
        12,
        81,
        43,
        1,
        39,
        96,
        3,
        65,
        69,
        18,
        91,
        66,
        50,
        44,
        83,
        9,
        53,
        68,
        82,
        33,
        45,
        42,
        54,
        11,
        67,
        72,
        56,
        86,
        60,
        92,
        71,
        58
    ],
    "Nb of functions evaluations": 400020,
    "Computational time in seconds": 109.04969096183777,
    "Stopping criterion in evaluations": 400000
}