6° run output:
{
    "Function": "kroA100.tsp",
    "Problem dimension": [
        21,
        93,
        18,
        74,
        66,
        86,
        6,
        8,
        19,
        85,
        11,
        54,
        33,
        82,
        28,
        42,
        26,
        34,
        61,
        97,
        90,
        9,
        83,
        35,
        98,
        37,
        78,
        89,
        88,
        30,
        55,
        79,
        3,
        25,
        96,
        71,
        20,
        23,
        17,
        5,
        48,
        65,
        64,
        7,
        41,
        53,
        29,
        45,
        2,
        99,
        70,
        40,
        14,
        16,
        10,
        27,
        92,
        60,
        72,
        84,
        38,
        95,
        51,
        13,
        47,
        4,
        36,
        77,
        59,
        22,
        44,
        31,
        68,
        63,
        39,
        91,
        62,
        0,
        76,
        56,
        24,
        50,
        80,
        67,
        49,
        57,
        46,
        58,
        73,
        43,
        94,
        75,
        32,
        12,
        81,
        1,
        87,
        15,
        52,
        69
    ],
    "Global Optimum": 0,
    "Algorithm": "Genetic algorithm",
    "Parameters": {
        "population": 30,
        "offspring": 30,
        "mutation probability": 0.01,
        "crossover probability": 0.9
    },
    "Fitness": 52586,
    "Solution": [
        21,
        93,
        18,
        74,
        66,
        86,
        6,
        8,
        19,
        85,
        11,
        54,
        33,
        82,
        28,
        42,
        26,
        34,
        61,
        97,
        90,
        9,
        83,
        35,
        98,
        37,
        78,
        89,
        88,
        30,
        55,
        79,
        3,
        25,
        96,
        71,
        20,
        23,
        17,
        5,
        48,
        65,
        64,
        7,
        41,
        53,
        29,
        45,
        2,
        99,
        70,
        40,
        14,
        16,
        10,
        27,
        92,
        60,
        72,
        84,
        38,
        95,
        51,
        13,
        47,
        4,
        36,
        77,
        59,
        22,
        44,
        31,
        68,
        63,
        39,
        91,
        62,
        0,
        76,
        56,
        24,
        50,
        80,
        67,
        49,
        57,
        46,
        58,
        73,
        43,
        94,
        75,
        32,
        12,
        81,
        1,
        87,
        15,
        52,
        69
    ],
    "Nb of functions evaluations": 400020,
    "Computational time in seconds": 108.6178207397461,
    "Stopping criterion in evaluations": 400000
}