2° run output:
{
    "Function": "kroA100.tsp",
    "Problem dimension": [
        40,
        47,
        95,
        51,
        4,
        50,
        8,
        66,
        39,
        63,
        43,
        1,
        53,
        41,
        74,
        48,
        78,
        87,
        15,
        23,
        37,
        17,
        98,
        90,
        61,
        34,
        26,
        22,
        71,
        20,
        10,
        44,
        59,
        6,
        99,
        70,
        28,
        33,
        54,
        82,
        86,
        57,
        79,
        30,
        88,
        91,
        56,
        29,
        38,
        77,
        12,
        75,
        32,
        36,
        94,
        81,
        49,
        67,
        84,
        76,
        97,
        46,
        0,
        62,
        89,
        52,
        21,
        69,
        65,
        64,
        25,
        9,
        83,
        58,
        31,
        16,
        14,
        73,
        35,
        18,
        96,
        3,
        55,
        7,
        27,
        68,
        72,
        80,
        24,
        45,
        13,
        2,
        42,
        11,
        19,
        92,
        93,
        5,
        60,
        85
    ],
    "Global Optimum": 0,
    "Algorithm": "Genetic algorithm",
    "Parameters": {
        "population": 30,
        "offspring": 30,
        "mutation probability": 0.01,
        "crossover probability": 0.9
    },
    "Fitness": 52694,
    "Solution": [
        40,
        47,
        95,
        51,
        4,
        50,
        8,
        66,
        39,
        63,
        43,
        1,
        53,
        41,
        74,
        48,
        78,
        87,
        15,
        23,
        37,
        17,
        98,
        90,
        61,
        34,
        26,
        22,
        71,
        20,
        10,
        44,
        59,
        6,
        99,
        70,
        28,
        33,
        54,
        82,
        86,
        57,
        79,
        30,
        88,
        91,
        56,
        29,
        38,
        77,
        12,
        75,
        32,
        36,
        94,
        81,
        49,
        67,
        84,
        76,
        97,
        46,
        0,
        62,
        89,
        52,
        21,
        69,
        65,
        64,
        25,
        9,
        83,
        58,
        31,
        16,
        14,
        73,
        35,
        18,
        96,
        3,
        55,
        7,
        27,
        68,
        72,
        80,
        24,
        45,
        13,
        2,
        42,
        11,
        19,
        92,
        93,
        5,
        60,
        85
    ],
    "Nb of functions evaluations": 400020,
    "Computational time in seconds": 108.77098536491394,
    "Stopping criterion in evaluations": 400000
}