19° run output:
{
    "Function": "euclidA300.tsp",
    "Problem dimension": [
        298,
        245,
        232,
        145,
        57,
        288,
        205,
        216,
        117,
        142,
        180,
        25,
        33,
        166,
        221,
        265,
        30,
        176,
        249,
        70,
        207,
        199,
        299,
        118,
        0,
        101,
        175,
        55,
        104,
        188,
        69,
        106,
        253,
        59,
        131,
        78,
        136,
        72,
        111,
        7,
        137,
        284,
        88,
        150,
        21,
        81,
        283,
        194,
        133,
        153,
        119,
        226,
        275,
        263,
        233,
        56,
        135,
        169,
        66,
        46,
        187,
        9,
        11,
        54,
        107,
        113,
        279,
        183,
        247,
        195,
        29,
        241,
        141,
        157,
        5,
        40,
        123,
        198,
        143,
        105,
        85,
        130,
        93,
        23,
        186,
        243,
        181,
        15,
        6,
        257,
        90,
        8,
        52,
        208,
        217,
        79,
        201,
        164,
        223,
        282,
        168,
        234,
        139,
        96,
        147,
        258,
        24,
        268,
        92,
        45,
        246,
        60,
        99,
        43,
        158,
        22,
        68,
        250,
        269,
        132,
        87,
        237,
        163,
        273,
        109,
        3,
        174,
        148,
        84,
        86,
        228,
        62,
        170,
        159,
        236,
        184,
        252,
        64,
        144,
        200,
        31,
        251,
        287,
        53,
        240,
        94,
        254,
        14,
        280,
        297,
        80,
        67,
        42,
        91,
        124,
        161,
        89,
        285,
        65,
        41,
        292,
        120,
        262,
        231,
        230,
        167,
        192,
        19,
        171,
        44,
        259,
        270,
        206,
        74,
        110,
        13,
        235,
        126,
        190,
        218,
        10,
        295,
        103,
        121,
        156,
        173,
        2,
        244,
        114,
        290,
        98,
        36,
        18,
        28,
        219,
        204,
        122,
        211,
        100,
        151,
        238,
        274,
        134,
        213,
        289,
        51,
        4,
        296,
        209,
        47,
        242,
        138,
        125,
        97,
        75,
        224,
        266,
        26,
        128,
        129,
        203,
        155,
        178,
        160,
        27,
        71,
        39,
        154,
        115,
        256,
        272,
        278,
        291,
        260,
        12,
        267,
        1,
        35,
        127,
        276,
        212,
        38,
        286,
        255,
        197,
        281,
        48,
        293,
        229,
        16,
        149,
        140,
        271,
        294,
        239,
        185,
        108,
        61,
        172,
        32,
        17,
        63,
        83,
        191,
        34,
        37,
        152,
        202,
        77,
        264,
        73,
        82,
        214,
        179,
        76,
        49,
        220,
        227,
        165,
        225,
        193,
        95,
        58,
        146,
        182,
        210,
        50,
        189,
        177,
        248,
        162,
        102,
        116,
        222,
        20,
        277,
        215,
        261,
        112,
        196
    ],
    "Global Optimum": 0,
    "Algorithm": "Genetic algorithm",
    "Parameters": {
        "population": 30,
        "offspring": 30,
        "mutation probability": 0.0033333333333333335,
        "crossover probability": 0.9
    },
    "Fitness": 311008,
    "Solution": [
        298,
        245,
        232,
        145,
        57,
        288,
        205,
        216,
        117,
        142,
        180,
        25,
        33,
        166,
        221,
        265,
        30,
        176,
        249,
        70,
        207,
        199,
        299,
        118,
        0,
        101,
        175,
        55,
        104,
        188,
        69,
        106,
        253,
        59,
        131,
        78,
        136,
        72,
        111,
        7,
        137,
        284,
        88,
        150,
        21,
        81,
        283,
        194,
        133,
        153,
        119,
        226,
        275,
        263,
        233,
        56,
        135,
        169,
        66,
        46,
        187,
        9,
        11,
        54,
        107,
        113,
        279,
        183,
        247,
        195,
        29,
        241,
        141,
        157,
        5,
        40,
        123,
        198,
        143,
        105,
        85,
        130,
        93,
        23,
        186,
        243,
        181,
        15,
        6,
        257,
        90,
        8,
        52,
        208,
        217,
        79,
        201,
        164,
        223,
        282,
        168,
        234,
        139,
        96,
        147,
        258,
        24,
        268,
        92,
        45,
        246,
        60,
        99,
        43,
        158,
        22,
        68,
        250,
        269,
        132,
        87,
        237,
        163,
        273,
        109,
        3,
        174,
        148,
        84,
        86,
        228,
        62,
        170,
        159,
        236,
        184,
        252,
        64,
        144,
        200,
        31,
        251,
        287,
        53,
        240,
        94,
        254,
        14,
        280,
        297,
        80,
        67,
        42,
        91,
        124,
        161,
        89,
        285,
        65,
        41,
        292,
        120,
        262,
        231,
        230,
        167,
        192,
        19,
        171,
        44,
        259,
        270,
        206,
        74,
        110,
        13,
        235,
        126,
        190,
        218,
        10,
        295,
        103,
        121,
        156,
        173,
        2,
        244,
        114,
        290,
        98,
        36,
        18,
        28,
        219,
        204,
        122,
        211,
        100,
        151,
        238,
        274,
        134,
        213,
        289,
        51,
        4,
        296,
        209,
        47,
        242,
        138,
        125,
        97,
        75,
        224,
        266,
        26,
        128,
        129,
        203,
        155,
        178,
        160,
        27,
        71,
        39,
        154,
        115,
        256,
        272,
        278,
        291,
        260,
        12,
        267,
        1,
        35,
        127,
        276,
        212,
        38,
        286,
        255,
        197,
        281,
        48,
        293,
        229,
        16,
        149,
        140,
        271,
        294,
        239,
        185,
        108,
        61,
        172,
        32,
        17,
        63,
        83,
        191,
        34,
        37,
        152,
        202,
        77,
        264,
        73,
        82,
        214,
        179,
        76,
        49,
        220,
        227,
        165,
        225,
        193,
        95,
        58,
        146,
        182,
        210,
        50,
        189,
        177,
        248,
        162,
        102,
        116,
        222,
        20,
        277,
        215,
        261,
        112,
        196
    ],
    "Nb of functions evaluations": 200010,
    "Computational time in seconds": 391.0872392654419,
    "Stopping criterion in evaluations": 200000
}