6° run output:
{
    "Function": "euclidA300.tsp",
    "Problem dimension": [
        265,
        23,
        47,
        148,
        96,
        191,
        139,
        1,
        286,
        46,
        44,
        244,
        227,
        24,
        55,
        213,
        152,
        70,
        192,
        258,
        84,
        236,
        226,
        159,
        196,
        173,
        51,
        282,
        279,
        222,
        102,
        36,
        110,
        232,
        6,
        234,
        67,
        201,
        247,
        71,
        76,
        38,
        101,
        266,
        278,
        230,
        264,
        252,
        112,
        3,
        41,
        7,
        197,
        166,
        9,
        116,
        256,
        145,
        215,
        11,
        224,
        251,
        154,
        241,
        176,
        214,
        103,
        182,
        75,
        233,
        298,
        169,
        261,
        121,
        8,
        18,
        254,
        243,
        137,
        287,
        53,
        142,
        277,
        87,
        104,
        77,
        167,
        195,
        4,
        209,
        164,
        98,
        288,
        267,
        206,
        5,
        245,
        73,
        85,
        296,
        123,
        64,
        12,
        253,
        29,
        117,
        216,
        221,
        249,
        65,
        66,
        31,
        93,
        21,
        118,
        119,
        190,
        69,
        34,
        242,
        268,
        146,
        168,
        276,
        162,
        272,
        181,
        125,
        111,
        120,
        238,
        218,
        37,
        79,
        248,
        91,
        35,
        127,
        62,
        78,
        141,
        175,
        202,
        86,
        150,
        180,
        171,
        33,
        140,
        187,
        131,
        289,
        82,
        13,
        219,
        250,
        273,
        229,
        281,
        100,
        183,
        246,
        28,
        172,
        174,
        135,
        160,
        260,
        30,
        57,
        15,
        113,
        138,
        80,
        144,
        115,
        170,
        105,
        10,
        106,
        48,
        88,
        255,
        132,
        271,
        97,
        297,
        92,
        217,
        270,
        83,
        122,
        149,
        263,
        81,
        177,
        26,
        188,
        291,
        185,
        128,
        205,
        54,
        231,
        27,
        228,
        299,
        63,
        212,
        257,
        40,
        208,
        153,
        193,
        0,
        262,
        157,
        107,
        2,
        189,
        198,
        163,
        225,
        294,
        133,
        161,
        42,
        89,
        284,
        275,
        52,
        151,
        207,
        199,
        179,
        129,
        274,
        237,
        136,
        178,
        240,
        19,
        223,
        94,
        285,
        60,
        134,
        204,
        203,
        155,
        72,
        259,
        184,
        220,
        143,
        108,
        235,
        58,
        90,
        22,
        156,
        16,
        32,
        25,
        61,
        295,
        45,
        211,
        126,
        165,
        56,
        158,
        68,
        114,
        124,
        283,
        293,
        43,
        194,
        39,
        49,
        50,
        20,
        290,
        186,
        74,
        17,
        210,
        239,
        200,
        109,
        130,
        95,
        292,
        99,
        14,
        280,
        147,
        59,
        269
    ],
    "Global Optimum": 0,
    "Algorithm": "Genetic algorithm",
    "Parameters": {
        "population": 30,
        "offspring": 30,
        "mutation probability": 0.0033333333333333335,
        "crossover probability": 0.9
    },
    "Fitness": 291391,
    "Solution": [
        265,
        23,
        47,
        148,
        96,
        191,
        139,
        1,
        286,
        46,
        44,
        244,
        227,
        24,
        55,
        213,
        152,
        70,
        192,
        258,
        84,
        236,
        226,
        159,
        196,
        173,
        51,
        282,
        279,
        222,
        102,
        36,
        110,
        232,
        6,
        234,
        67,
        201,
        247,
        71,
        76,
        38,
        101,
        266,
        278,
        230,
        264,
        252,
        112,
        3,
        41,
        7,
        197,
        166,
        9,
        116,
        256,
        145,
        215,
        11,
        224,
        251,
        154,
        241,
        176,
        214,
        103,
        182,
        75,
        233,
        298,
        169,
        261,
        121,
        8,
        18,
        254,
        243,
        137,
        287,
        53,
        142,
        277,
        87,
        104,
        77,
        167,
        195,
        4,
        209,
        164,
        98,
        288,
        267,
        206,
        5,
        245,
        73,
        85,
        296,
        123,
        64,
        12,
        253,
        29,
        117,
        216,
        221,
        249,
        65,
        66,
        31,
        93,
        21,
        118,
        119,
        190,
        69,
        34,
        242,
        268,
        146,
        168,
        276,
        162,
        272,
        181,
        125,
        111,
        120,
        238,
        218,
        37,
        79,
        248,
        91,
        35,
        127,
        62,
        78,
        141,
        175,
        202,
        86,
        150,
        180,
        171,
        33,
        140,
        187,
        131,
        289,
        82,
        13,
        219,
        250,
        273,
        229,
        281,
        100,
        183,
        246,
        28,
        172,
        174,
        135,
        160,
        260,
        30,
        57,
        15,
        113,
        138,
        80,
        144,
        115,
        170,
        105,
        10,
        106,
        48,
        88,
        255,
        132,
        271,
        97,
        297,
        92,
        217,
        270,
        83,
        122,
        149,
        263,
        81,
        177,
        26,
        188,
        291,
        185,
        128,
        205,
        54,
        231,
        27,
        228,
        299,
        63,
        212,
        257,
        40,
        208,
        153,
        193,
        0,
        262,
        157,
        107,
        2,
        189,
        198,
        163,
        225,
        294,
        133,
        161,
        42,
        89,
        284,
        275,
        52,
        151,
        207,
        199,
        179,
        129,
        274,
        237,
        136,
        178,
        240,
        19,
        223,
        94,
        285,
        60,
        134,
        204,
        203,
        155,
        72,
        259,
        184,
        220,
        143,
        108,
        235,
        58,
        90,
        22,
        156,
        16,
        32,
        25,
        61,
        295,
        45,
        211,
        126,
        165,
        56,
        158,
        68,
        114,
        124,
        283,
        293,
        43,
        194,
        39,
        49,
        50,
        20,
        290,
        186,
        74,
        17,
        210,
        239,
        200,
        109,
        130,
        95,
        292,
        99,
        14,
        280,
        147,
        59,
        269
    ],
    "Nb of functions evaluations": 200010,
    "Computational time in seconds": 386.3473527431488,
    "Stopping criterion in evaluations": 200000
}