9° run output:
{
    "Function": "euclidA300.tsp",
    "Problem dimension": [
        250,
        38,
        115,
        81,
        98,
        90,
        256,
        104,
        213,
        109,
        95,
        8,
        18,
        83,
        298,
        192,
        27,
        154,
        35,
        231,
        255,
        86,
        280,
        195,
        294,
        175,
        122,
        272,
        181,
        119,
        101,
        120,
        258,
        244,
        202,
        236,
        158,
        61,
        137,
        94,
        9,
        116,
        15,
        156,
        42,
        63,
        215,
        253,
        289,
        103,
        6,
        241,
        1,
        221,
        67,
        268,
        198,
        211,
        267,
        57,
        12,
        76,
        291,
        278,
        296,
        92,
        159,
        163,
        169,
        140,
        167,
        59,
        251,
        224,
        190,
        17,
        257,
        93,
        189,
        10,
        235,
        28,
        149,
        218,
        193,
        217,
        32,
        275,
        290,
        73,
        110,
        45,
        102,
        144,
        219,
        225,
        105,
        232,
        108,
        127,
        25,
        87,
        266,
        246,
        125,
        162,
        118,
        242,
        24,
        207,
        88,
        46,
        187,
        132,
        194,
        274,
        7,
        48,
        145,
        66,
        264,
        65,
        152,
        180,
        176,
        70,
        282,
        171,
        220,
        49,
        31,
        89,
        62,
        51,
        121,
        212,
        138,
        14,
        155,
        297,
        208,
        133,
        196,
        284,
        270,
        209,
        273,
        5,
        157,
        184,
        30,
        186,
        200,
        277,
        160,
        3,
        26,
        216,
        265,
        269,
        147,
        165,
        134,
        53,
        230,
        143,
        36,
        11,
        222,
        107,
        295,
        75,
        185,
        64,
        168,
        129,
        288,
        148,
        206,
        131,
        179,
        261,
        142,
        91,
        84,
        191,
        39,
        106,
        248,
        188,
        287,
        161,
        223,
        111,
        97,
        177,
        58,
        99,
        50,
        243,
        214,
        210,
        135,
        96,
        100,
        271,
        60,
        112,
        281,
        33,
        239,
        174,
        68,
        259,
        74,
        252,
        240,
        293,
        126,
        21,
        153,
        43,
        44,
        40,
        245,
        170,
        234,
        286,
        150,
        117,
        260,
        237,
        249,
        85,
        173,
        276,
        229,
        299,
        78,
        4,
        233,
        19,
        139,
        55,
        201,
        285,
        130,
        166,
        77,
        29,
        205,
        13,
        146,
        72,
        247,
        69,
        128,
        56,
        197,
        204,
        52,
        34,
        20,
        178,
        283,
        263,
        54,
        141,
        82,
        203,
        136,
        123,
        279,
        71,
        228,
        262,
        124,
        114,
        292,
        41,
        199,
        183,
        164,
        151,
        79,
        47,
        37,
        227,
        226,
        172,
        80,
        182,
        254,
        16,
        0,
        238,
        113,
        2,
        22,
        23
    ],
    "Global Optimum": 0,
    "Algorithm": "Genetic algorithm",
    "Parameters": {
        "population": 30,
        "offspring": 30,
        "mutation probability": 0.0033333333333333335,
        "crossover probability": 0.9
    },
    "Fitness": 303419,
    "Solution": [
        250,
        38,
        115,
        81,
        98,
        90,
        256,
        104,
        213,
        109,
        95,
        8,
        18,
        83,
        298,
        192,
        27,
        154,
        35,
        231,
        255,
        86,
        280,
        195,
        294,
        175,
        122,
        272,
        181,
        119,
        101,
        120,
        258,
        244,
        202,
        236,
        158,
        61,
        137,
        94,
        9,
        116,
        15,
        156,
        42,
        63,
        215,
        253,
        289,
        103,
        6,
        241,
        1,
        221,
        67,
        268,
        198,
        211,
        267,
        57,
        12,
        76,
        291,
        278,
        296,
        92,
        159,
        163,
        169,
        140,
        167,
        59,
        251,
        224,
        190,
        17,
        257,
        93,
        189,
        10,
        235,
        28,
        149,
        218,
        193,
        217,
        32,
        275,
        290,
        73,
        110,
        45,
        102,
        144,
        219,
        225,
        105,
        232,
        108,
        127,
        25,
        87,
        266,
        246,
        125,
        162,
        118,
        242,
        24,
        207,
        88,
        46,
        187,
        132,
        194,
        274,
        7,
        48,
        145,
        66,
        264,
        65,
        152,
        180,
        176,
        70,
        282,
        171,
        220,
        49,
        31,
        89,
        62,
        51,
        121,
        212,
        138,
        14,
        155,
        297,
        208,
        133,
        196,
        284,
        270,
        209,
        273,
        5,
        157,
        184,
        30,
        186,
        200,
        277,
        160,
        3,
        26,
        216,
        265,
        269,
        147,
        165,
        134,
        53,
        230,
        143,
        36,
        11,
        222,
        107,
        295,
        75,
        185,
        64,
        168,
        129,
        288,
        148,
        206,
        131,
        179,
        261,
        142,
        91,
        84,
        191,
        39,
        106,
        248,
        188,
        287,
        161,
        223,
        111,
        97,
        177,
        58,
        99,
        50,
        243,
        214,
        210,
        135,
        96,
        100,
        271,
        60,
        112,
        281,
        33,
        239,
        174,
        68,
        259,
        74,
        252,
        240,
        293,
        126,
        21,
        153,
        43,
        44,
        40,
        245,
        170,
        234,
        286,
        150,
        117,
        260,
        237,
        249,
        85,
        173,
        276,
        229,
        299,
        78,
        4,
        233,
        19,
        139,
        55,
        201,
        285,
        130,
        166,
        77,
        29,
        205,
        13,
        146,
        72,
        247,
        69,
        128,
        56,
        197,
        204,
        52,
        34,
        20,
        178,
        283,
        263,
        54,
        141,
        82,
        203,
        136,
        123,
        279,
        71,
        228,
        262,
        124,
        114,
        292,
        41,
        199,
        183,
        164,
        151,
        79,
        47,
        37,
        227,
        226,
        172,
        80,
        182,
        254,
        16,
        0,
        238,
        113,
        2,
        22,
        23
    ],
    "Nb of functions evaluations": 200010,
    "Computational time in seconds": 388.52001667022705,
    "Stopping criterion in evaluations": 200000
}