15° run output:
{
    "Function": "euclidA300.tsp",
    "Problem dimension": [
        63,
        254,
        15,
        195,
        183,
        25,
        109,
        219,
        11,
        26,
        19,
        148,
        194,
        150,
        199,
        69,
        91,
        298,
        113,
        221,
        30,
        102,
        81,
        243,
        211,
        101,
        41,
        153,
        196,
        223,
        299,
        204,
        43,
        239,
        282,
        284,
        246,
        72,
        68,
        236,
        158,
        126,
        162,
        271,
        112,
        80,
        159,
        133,
        100,
        131,
        244,
        4,
        2,
        139,
        258,
        240,
        140,
        77,
        293,
        129,
        230,
        265,
        65,
        56,
        29,
        60,
        201,
        156,
        168,
        232,
        105,
        58,
        51,
        39,
        192,
        220,
        247,
        249,
        227,
        134,
        226,
        237,
        98,
        35,
        22,
        172,
        121,
        92,
        90,
        208,
        268,
        197,
        141,
        116,
        189,
        89,
        210,
        96,
        248,
        87,
        152,
        213,
        259,
        23,
        118,
        281,
        291,
        104,
        24,
        188,
        207,
        263,
        6,
        122,
        297,
        234,
        130,
        296,
        206,
        215,
        267,
        287,
        169,
        179,
        178,
        84,
        70,
        124,
        27,
        76,
        114,
        160,
        274,
        119,
        45,
        163,
        173,
        10,
        256,
        66,
        54,
        31,
        53,
        280,
        167,
        157,
        279,
        123,
        295,
        47,
        55,
        14,
        294,
        209,
        20,
        161,
        95,
        250,
        73,
        93,
        32,
        74,
        283,
        125,
        3,
        83,
        12,
        257,
        217,
        136,
        270,
        88,
        151,
        79,
        164,
        37,
        44,
        165,
        290,
        94,
        145,
        59,
        176,
        57,
        202,
        52,
        251,
        85,
        214,
        235,
        8,
        110,
        67,
        9,
        231,
        241,
        184,
        117,
        147,
        34,
        7,
        275,
        82,
        144,
        61,
        225,
        143,
        181,
        277,
        216,
        166,
        33,
        108,
        266,
        229,
        238,
        186,
        46,
        278,
        260,
        285,
        292,
        242,
        175,
        149,
        174,
        17,
        0,
        111,
        289,
        205,
        170,
        276,
        78,
        128,
        5,
        62,
        288,
        146,
        16,
        135,
        262,
        252,
        86,
        155,
        198,
        21,
        193,
        191,
        180,
        272,
        228,
        48,
        203,
        218,
        212,
        18,
        273,
        138,
        255,
        1,
        40,
        115,
        200,
        185,
        38,
        71,
        261,
        286,
        264,
        42,
        137,
        171,
        142,
        28,
        190,
        99,
        120,
        64,
        187,
        75,
        103,
        224,
        107,
        253,
        132,
        36,
        177,
        127,
        269,
        182,
        13,
        97,
        106,
        233,
        245,
        49,
        222,
        154,
        50
    ],
    "Global Optimum": 0,
    "Algorithm": "Genetic algorithm",
    "Parameters": {
        "population": 30,
        "offspring": 30,
        "mutation probability": 0.0033333333333333335,
        "crossover probability": 0.9
    },
    "Fitness": 330395,
    "Solution": [
        63,
        254,
        15,
        195,
        183,
        25,
        109,
        219,
        11,
        26,
        19,
        148,
        194,
        150,
        199,
        69,
        91,
        298,
        113,
        221,
        30,
        102,
        81,
        243,
        211,
        101,
        41,
        153,
        196,
        223,
        299,
        204,
        43,
        239,
        282,
        284,
        246,
        72,
        68,
        236,
        158,
        126,
        162,
        271,
        112,
        80,
        159,
        133,
        100,
        131,
        244,
        4,
        2,
        139,
        258,
        240,
        140,
        77,
        293,
        129,
        230,
        265,
        65,
        56,
        29,
        60,
        201,
        156,
        168,
        232,
        105,
        58,
        51,
        39,
        192,
        220,
        247,
        249,
        227,
        134,
        226,
        237,
        98,
        35,
        22,
        172,
        121,
        92,
        90,
        208,
        268,
        197,
        141,
        116,
        189,
        89,
        210,
        96,
        248,
        87,
        152,
        213,
        259,
        23,
        118,
        281,
        291,
        104,
        24,
        188,
        207,
        263,
        6,
        122,
        297,
        234,
        130,
        296,
        206,
        215,
        267,
        287,
        169,
        179,
        178,
        84,
        70,
        124,
        27,
        76,
        114,
        160,
        274,
        119,
        45,
        163,
        173,
        10,
        256,
        66,
        54,
        31,
        53,
        280,
        167,
        157,
        279,
        123,
        295,
        47,
        55,
        14,
        294,
        209,
        20,
        161,
        95,
        250,
        73,
        93,
        32,
        74,
        283,
        125,
        3,
        83,
        12,
        257,
        217,
        136,
        270,
        88,
        151,
        79,
        164,
        37,
        44,
        165,
        290,
        94,
        145,
        59,
        176,
        57,
        202,
        52,
        251,
        85,
        214,
        235,
        8,
        110,
        67,
        9,
        231,
        241,
        184,
        117,
        147,
        34,
        7,
        275,
        82,
        144,
        61,
        225,
        143,
        181,
        277,
        216,
        166,
        33,
        108,
        266,
        229,
        238,
        186,
        46,
        278,
        260,
        285,
        292,
        242,
        175,
        149,
        174,
        17,
        0,
        111,
        289,
        205,
        170,
        276,
        78,
        128,
        5,
        62,
        288,
        146,
        16,
        135,
        262,
        252,
        86,
        155,
        198,
        21,
        193,
        191,
        180,
        272,
        228,
        48,
        203,
        218,
        212,
        18,
        273,
        138,
        255,
        1,
        40,
        115,
        200,
        185,
        38,
        71,
        261,
        286,
        264,
        42,
        137,
        171,
        142,
        28,
        190,
        99,
        120,
        64,
        187,
        75,
        103,
        224,
        107,
        253,
        132,
        36,
        177,
        127,
        269,
        182,
        13,
        97,
        106,
        233,
        245,
        49,
        222,
        154,
        50
    ],
    "Nb of functions evaluations": 200010,
    "Computational time in seconds": 388.98540568351746,
    "Stopping criterion in evaluations": 200000
}