27° run output:
{
    "Function": "kroA750.tsp",
    "Problem dimension": [
        593,
        44,
        534,
        405,
        417,
        376,
        249,
        82,
        480,
        388,
        407,
        444,
        229,
        585,
        422,
        94,
        712,
        466,
        85,
        151,
        733,
        110,
        513,
        230,
        572,
        336,
        450,
        504,
        289,
        241,
        589,
        365,
        556,
        576,
        670,
        329,
        394,
        89,
        323,
        728,
        674,
        253,
        592,
        461,
        740,
        100,
        353,
        167,
        482,
        701,
        451,
        523,
        166,
        40,
        381,
        385,
        699,
        455,
        467,
        50,
        502,
        245,
        571,
        390,
        104,
        672,
        661,
        368,
        535,
        250,
        648,
        46,
        298,
        393,
        324,
        703,
        497,
        483,
        553,
        434,
        387,
        109,
        489,
        395,
        731,
        560,
        15,
        474,
        626,
        666,
        607,
        121,
        521,
        130,
        296,
        600,
        328,
        398,
        347,
        159,
        312,
        608,
        744,
        108,
        173,
        684,
        581,
        622,
        92,
        374,
        334,
        274,
        528,
        580,
        273,
        636,
        485,
        735,
        442,
        746,
        662,
        582,
        27,
        403,
        401,
        150,
        180,
        272,
        499,
        621,
        545,
        139,
        26,
        457,
        286,
        169,
        386,
        58,
        63,
        84,
        716,
        698,
        741,
        232,
        584,
        715,
        642,
        349,
        212,
        727,
        645,
        257,
        453,
        601,
        248,
        488,
        341,
        252,
        382,
        316,
        311,
        360,
        598,
        463,
        221,
        354,
        597,
        320,
        7,
        17,
        327,
        193,
        217,
        16,
        155,
        275,
        635,
        711,
        127,
        62,
        683,
        617,
        402,
        281,
        171,
        602,
        233,
        5,
        54,
        300,
        725,
        705,
        691,
        313,
        446,
        352,
        42,
        189,
        28,
        0,
        657,
        74,
        83,
        103,
        291,
        339,
        61,
        536,
        288,
        355,
        345,
        527,
        379,
        266,
        649,
        459,
        729,
        646,
        743,
        665,
        514,
        264,
        111,
        609,
        225,
        234,
        688,
        392,
        501,
        419,
        228,
        247,
        41,
        655,
        409,
        500,
        378,
        178,
        599,
        540,
        678,
        93,
        218,
        532,
        577,
        140,
        163,
        695,
        35,
        454,
        277,
        565,
        441,
        363,
        243,
        190,
        332,
        161,
        78,
        573,
        210,
        66,
        45,
        38,
        664,
        472,
        515,
        611,
        128,
        477,
        570,
        297,
        620,
        604,
        710,
        506,
        201,
        23,
        19,
        508,
        246,
        643,
        714,
        70,
        102,
        290,
        142,
        470,
        77,
        30,
        198,
        6,
        569,
        202,
        168,
        29,
        391,
        739,
        231,
        227,
        126,
        397,
        700,
        719,
        445,
        237,
        443,
        137,
        557,
        375,
        294,
        526,
        631,
        510,
        206,
        440,
        558,
        242,
        205,
        686,
        720,
        613,
        123,
        471,
        177,
        120,
        11,
        518,
        132,
        619,
        493,
        524,
        400,
        95,
        748,
        738,
        487,
        149,
        575,
        361,
        157,
        653,
        32,
        244,
        73,
        380,
        673,
        689,
        146,
        704,
        283,
        675,
        574,
        517,
        384,
        215,
        358,
        69,
        185,
        194,
        67,
        413,
        321,
        287,
        165,
        91,
        259,
        96,
        437,
        475,
        24,
        637,
        606,
        628,
        668,
        412,
        172,
        49,
        408,
        432,
        490,
        8,
        81,
        105,
        338,
        86,
        214,
        222,
        435,
        505,
        357,
        495,
        396,
        251,
        310,
        458,
        346,
        57,
        696,
        262,
        749,
        721,
        431,
        723,
        269,
        239,
        271,
        625,
        595,
        350,
        496,
        170,
        145,
        317,
        706,
        101,
        107,
        680,
        21,
        425,
        263,
        64,
        414,
        494,
        133,
        709,
        302,
        174,
        687,
        141,
        254,
        588,
        179,
        539,
        285,
        106,
        114,
        99,
        520,
        724,
        708,
        238,
        529,
        685,
        181,
        460,
        369,
        559,
        331,
        364,
        154,
        197,
        449,
        36,
        679,
        542,
        614,
        415,
        131,
        426,
        507,
        318,
        421,
        416,
        410,
        734,
        303,
        370,
        258,
        13,
        3,
        509,
        158,
        428,
        681,
        436,
        429,
        732,
        654,
        33,
        117,
        373,
        270,
        144,
        191,
        322,
        433,
        292,
        605,
        367,
        568,
        162,
        56,
        694,
        641,
        479,
        14,
        325,
        464,
        122,
        256,
        549,
        255,
        156,
        186,
        547,
        208,
        216,
        491,
        612,
        344,
        404,
        623,
        478,
        55,
        550,
        726,
        47,
        282,
        638,
        68,
        722,
        348,
        682,
        690,
        333,
        469,
        20,
        718,
        199,
        88,
        39,
        138,
        71,
        424,
        624,
        113,
        650,
        53,
        543,
        330,
        335,
        561,
        343,
        308,
        268,
        267,
        587,
        115,
        299,
        554,
        200,
        319,
        713,
        603,
        307,
        647,
        383,
        72,
        80,
        418,
        427,
        356,
        203,
        552,
        240,
        22,
        118,
        667,
        25,
        51,
        220,
        223,
        546,
        669,
        512,
        342,
        389,
        586,
        541,
        745,
        639,
        522,
        279,
        439,
        481,
        261,
        2,
        176,
        578,
        692,
        658,
        447,
        555,
        129,
        551,
        627,
        219,
        1,
        591,
        503,
        136,
        737,
        305,
        314,
        456,
        43,
        618,
        187,
        134,
        359,
        9,
        473,
        366,
        660,
        406,
        448,
        659,
        301,
        468,
        498,
        10,
        207,
        315,
        420,
        736,
        260,
        147,
        567,
        656,
        616,
        31,
        562,
        538,
        148,
        462,
        340,
        236,
        596,
        530,
        60,
        18,
        125,
        531,
        399,
        707,
        671,
        224,
        153,
        476,
        590,
        37,
        519,
        537,
        52,
        75,
        644,
        372,
        652,
        184,
        452,
        265,
        630,
        135,
        693,
        548,
        278,
        119,
        293,
        164,
        533,
        98,
        484,
        116,
        651,
        183,
        4,
        304,
        411,
        465,
        525,
        97,
        676,
        423,
        188,
        196,
        12,
        152,
        516,
        702,
        511,
        226,
        284,
        615,
        583,
        65,
        377,
        362,
        235,
        309,
        640,
        492,
        430,
        633,
        76,
        211,
        79,
        87,
        112,
        175,
        371,
        566,
        629,
        486,
        544,
        143,
        579,
        632,
        124,
        182,
        747,
        209,
        634,
        742,
        280,
        697,
        213,
        717,
        438,
        295,
        677,
        563,
        337,
        564,
        306,
        59,
        34,
        90,
        610,
        730,
        160,
        192,
        204,
        594,
        48,
        326,
        663,
        195,
        276,
        351
    ],
    "Global Optimum": 0,
    "Algorithm": "Genetic algorithm",
    "Parameters": {
        "population": 30,
        "offspring": 30,
        "mutation probability": 0.0013333333333333333,
        "crossover probability": 0.9
    },
    "Fitness": 972680,
    "Solution": [
        593,
        44,
        534,
        405,
        417,
        376,
        249,
        82,
        480,
        388,
        407,
        444,
        229,
        585,
        422,
        94,
        712,
        466,
        85,
        151,
        733,
        110,
        513,
        230,
        572,
        336,
        450,
        504,
        289,
        241,
        589,
        365,
        556,
        576,
        670,
        329,
        394,
        89,
        323,
        728,
        674,
        253,
        592,
        461,
        740,
        100,
        353,
        167,
        482,
        701,
        451,
        523,
        166,
        40,
        381,
        385,
        699,
        455,
        467,
        50,
        502,
        245,
        571,
        390,
        104,
        672,
        661,
        368,
        535,
        250,
        648,
        46,
        298,
        393,
        324,
        703,
        497,
        483,
        553,
        434,
        387,
        109,
        489,
        395,
        731,
        560,
        15,
        474,
        626,
        666,
        607,
        121,
        521,
        130,
        296,
        600,
        328,
        398,
        347,
        159,
        312,
        608,
        744,
        108,
        173,
        684,
        581,
        622,
        92,
        374,
        334,
        274,
        528,
        580,
        273,
        636,
        485,
        735,
        442,
        746,
        662,
        582,
        27,
        403,
        401,
        150,
        180,
        272,
        499,
        621,
        545,
        139,
        26,
        457,
        286,
        169,
        386,
        58,
        63,
        84,
        716,
        698,
        741,
        232,
        584,
        715,
        642,
        349,
        212,
        727,
        645,
        257,
        453,
        601,
        248,
        488,
        341,
        252,
        382,
        316,
        311,
        360,
        598,
        463,
        221,
        354,
        597,
        320,
        7,
        17,
        327,
        193,
        217,
        16,
        155,
        275,
        635,
        711,
        127,
        62,
        683,
        617,
        402,
        281,
        171,
        602,
        233,
        5,
        54,
        300,
        725,
        705,
        691,
        313,
        446,
        352,
        42,
        189,
        28,
        0,
        657,
        74,
        83,
        103,
        291,
        339,
        61,
        536,
        288,
        355,
        345,
        527,
        379,
        266,
        649,
        459,
        729,
        646,
        743,
        665,
        514,
        264,
        111,
        609,
        225,
        234,
        688,
        392,
        501,
        419,
        228,
        247,
        41,
        655,
        409,
        500,
        378,
        178,
        599,
        540,
        678,
        93,
        218,
        532,
        577,
        140,
        163,
        695,
        35,
        454,
        277,
        565,
        441,
        363,
        243,
        190,
        332,
        161,
        78,
        573,
        210,
        66,
        45,
        38,
        664,
        472,
        515,
        611,
        128,
        477,
        570,
        297,
        620,
        604,
        710,
        506,
        201,
        23,
        19,
        508,
        246,
        643,
        714,
        70,
        102,
        290,
        142,
        470,
        77,
        30,
        198,
        6,
        569,
        202,
        168,
        29,
        391,
        739,
        231,
        227,
        126,
        397,
        700,
        719,
        445,
        237,
        443,
        137,
        557,
        375,
        294,
        526,
        631,
        510,
        206,
        440,
        558,
        242,
        205,
        686,
        720,
        613,
        123,
        471,
        177,
        120,
        11,
        518,
        132,
        619,
        493,
        524,
        400,
        95,
        748,
        738,
        487,
        149,
        575,
        361,
        157,
        653,
        32,
        244,
        73,
        380,
        673,
        689,
        146,
        704,
        283,
        675,
        574,
        517,
        384,
        215,
        358,
        69,
        185,
        194,
        67,
        413,
        321,
        287,
        165,
        91,
        259,
        96,
        437,
        475,
        24,
        637,
        606,
        628,
        668,
        412,
        172,
        49,
        408,
        432,
        490,
        8,
        81,
        105,
        338,
        86,
        214,
        222,
        435,
        505,
        357,
        495,
        396,
        251,
        310,
        458,
        346,
        57,
        696,
        262,
        749,
        721,
        431,
        723,
        269,
        239,
        271,
        625,
        595,
        350,
        496,
        170,
        145,
        317,
        706,
        101,
        107,
        680,
        21,
        425,
        263,
        64,
        414,
        494,
        133,
        709,
        302,
        174,
        687,
        141,
        254,
        588,
        179,
        539,
        285,
        106,
        114,
        99,
        520,
        724,
        708,
        238,
        529,
        685,
        181,
        460,
        369,
        559,
        331,
        364,
        154,
        197,
        449,
        36,
        679,
        542,
        614,
        415,
        131,
        426,
        507,
        318,
        421,
        416,
        410,
        734,
        303,
        370,
        258,
        13,
        3,
        509,
        158,
        428,
        681,
        436,
        429,
        732,
        654,
        33,
        117,
        373,
        270,
        144,
        191,
        322,
        433,
        292,
        605,
        367,
        568,
        162,
        56,
        694,
        641,
        479,
        14,
        325,
        464,
        122,
        256,
        549,
        255,
        156,
        186,
        547,
        208,
        216,
        491,
        612,
        344,
        404,
        623,
        478,
        55,
        550,
        726,
        47,
        282,
        638,
        68,
        722,
        348,
        682,
        690,
        333,
        469,
        20,
        718,
        199,
        88,
        39,
        138,
        71,
        424,
        624,
        113,
        650,
        53,
        543,
        330,
        335,
        561,
        343,
        308,
        268,
        267,
        587,
        115,
        299,
        554,
        200,
        319,
        713,
        603,
        307,
        647,
        383,
        72,
        80,
        418,
        427,
        356,
        203,
        552,
        240,
        22,
        118,
        667,
        25,
        51,
        220,
        223,
        546,
        669,
        512,
        342,
        389,
        586,
        541,
        745,
        639,
        522,
        279,
        439,
        481,
        261,
        2,
        176,
        578,
        692,
        658,
        447,
        555,
        129,
        551,
        627,
        219,
        1,
        591,
        503,
        136,
        737,
        305,
        314,
        456,
        43,
        618,
        187,
        134,
        359,
        9,
        473,
        366,
        660,
        406,
        448,
        659,
        301,
        468,
        498,
        10,
        207,
        315,
        420,
        736,
        260,
        147,
        567,
        656,
        616,
        31,
        562,
        538,
        148,
        462,
        340,
        236,
        596,
        530,
        60,
        18,
        125,
        531,
        399,
        707,
        671,
        224,
        153,
        476,
        590,
        37,
        519,
        537,
        52,
        75,
        644,
        372,
        652,
        184,
        452,
        265,
        630,
        135,
        693,
        548,
        278,
        119,
        293,
        164,
        533,
        98,
        484,
        116,
        651,
        183,
        4,
        304,
        411,
        465,
        525,
        97,
        676,
        423,
        188,
        196,
        12,
        152,
        516,
        702,
        511,
        226,
        284,
        615,
        583,
        65,
        377,
        362,
        235,
        309,
        640,
        492,
        430,
        633,
        76,
        211,
        79,
        87,
        112,
        175,
        371,
        566,
        629,
        486,
        544,
        143,
        579,
        632,
        124,
        182,
        747,
        209,
        634,
        742,
        280,
        697,
        213,
        717,
        438,
        295,
        677,
        563,
        337,
        564,
        306,
        59,
        34,
        90,
        610,
        730,
        160,
        192,
        204,
        594,
        48,
        326,
        663,
        195,
        276,
        351
    ],
    "Nb of functions evaluations": 200010,
    "Computational time in seconds": 1695.8548724651337,
    "Stopping criterion in evaluations": 200000
}