1° run output:
{
    "Function": "kroA750.tsp",
    "Problem dimension": [
        659,
        120,
        296,
        242,
        302,
        202,
        741,
        268,
        567,
        23,
        252,
        375,
        325,
        553,
        421,
        591,
        422,
        398,
        166,
        601,
        315,
        313,
        338,
        718,
        582,
        46,
        204,
        505,
        251,
        280,
        225,
        401,
        529,
        37,
        549,
        250,
        362,
        672,
        337,
        651,
        693,
        722,
        575,
        227,
        309,
        297,
        615,
        113,
        305,
        62,
        538,
        161,
        16,
        551,
        432,
        554,
        271,
        524,
        438,
        628,
        658,
        491,
        697,
        94,
        592,
        586,
        264,
        725,
        650,
        1,
        32,
        151,
        380,
        246,
        9,
        464,
        349,
        452,
        506,
        649,
        679,
        734,
        454,
        678,
        501,
        566,
        577,
        348,
        561,
        342,
        712,
        662,
        100,
        131,
        396,
        114,
        345,
        574,
        588,
        711,
        290,
        648,
        261,
        321,
        589,
        275,
        198,
        63,
        232,
        493,
        565,
        456,
        36,
        279,
        64,
        743,
        206,
        331,
        467,
        607,
        328,
        90,
        71,
        82,
        304,
        570,
        89,
        621,
        652,
        334,
        61,
        500,
        646,
        717,
        239,
        474,
        654,
        228,
        39,
        625,
        530,
        379,
        8,
        28,
        91,
        96,
        647,
        175,
        373,
        193,
        719,
        164,
        277,
        210,
        214,
        708,
        368,
        710,
        346,
        35,
        509,
        292,
        357,
        426,
        590,
        727,
        667,
        260,
        514,
        326,
        479,
        738,
        695,
        617,
        568,
        471,
        466,
        535,
        631,
        358,
        431,
        414,
        283,
        641,
        563,
        721,
        450,
        77,
        312,
        486,
        270,
        224,
        299,
        655,
        129,
        52,
        537,
        494,
        97,
        54,
        191,
        412,
        330,
        543,
        317,
        203,
        737,
        188,
        163,
        149,
        295,
        720,
        10,
        107,
        133,
        507,
        359,
        391,
        453,
        689,
        182,
        433,
        606,
        448,
        558,
        45,
        118,
        576,
        17,
        152,
        690,
        728,
        639,
        355,
        320,
        308,
        324,
        583,
        327,
        353,
        661,
        556,
        735,
        207,
        135,
        564,
        700,
        244,
        230,
        370,
        449,
        423,
        637,
        424,
        705,
        406,
        197,
        241,
        121,
        221,
        256,
        408,
        50,
        642,
        66,
        676,
        106,
        732,
        195,
        386,
        69,
        24,
        374,
        744,
        139,
        119,
        216,
        729,
        523,
        234,
        289,
        11,
        597,
        38,
        447,
        470,
        266,
        604,
        383,
        183,
        420,
        660,
        367,
        285,
        281,
        699,
        687,
        287,
        473,
        644,
        243,
        47,
        86,
        115,
        446,
        196,
        128,
        611,
        352,
        666,
        673,
        560,
        552,
        428,
        731,
        74,
        532,
        212,
        629,
        111,
        265,
        429,
        623,
        411,
        503,
        158,
        468,
        518,
        335,
        638,
        219,
        55,
        177,
        488,
        430,
        492,
        127,
        21,
        211,
        413,
        740,
        484,
        653,
        311,
        696,
        417,
        316,
        723,
        702,
        347,
        0,
        469,
        57,
        157,
        169,
        482,
        528,
        684,
        117,
        403,
        253,
        105,
        130,
        451,
        633,
        95,
        381,
        13,
        273,
        519,
        483,
        208,
        498,
        184,
        455,
        88,
        635,
        174,
        76,
        248,
        596,
        439,
        343,
        284,
        103,
        609,
        632,
        87,
        742,
        179,
        520,
        60,
        180,
        137,
        627,
        162,
        226,
        709,
        714,
        419,
        262,
        521,
        366,
        263,
        444,
        189,
        478,
        4,
        512,
        68,
        160,
        153,
        140,
        53,
        48,
        80,
        571,
        692,
        29,
        745,
        15,
        132,
        572,
        240,
        44,
        485,
        371,
        26,
        440,
        187,
        680,
        465,
        442,
        356,
        213,
        269,
        14,
        112,
        410,
        441,
        540,
        685,
        595,
        715,
        733,
        480,
        30,
        5,
        376,
        569,
        231,
        116,
        237,
        562,
        110,
        92,
        694,
        594,
        59,
        236,
        233,
        104,
        354,
        477,
        670,
        79,
        550,
        516,
        178,
        499,
        425,
        2,
        51,
        298,
        185,
        215,
        58,
        547,
        612,
        102,
        108,
        533,
        73,
        286,
        531,
        310,
        159,
        154,
        677,
        399,
        65,
        124,
        360,
        640,
        437,
        378,
        258,
        497,
        142,
        688,
        686,
        626,
        602,
        170,
        274,
        664,
        517,
        385,
        541,
        323,
        329,
        657,
        504,
        365,
        85,
        173,
        291,
        155,
        515,
        350,
        555,
        332,
        502,
        616,
        536,
        618,
        136,
        458,
        336,
        462,
        548,
        691,
        70,
        200,
        171,
        559,
        303,
        254,
        172,
        544,
        364,
        72,
        245,
        301,
        475,
        235,
        416,
        434,
        255,
        585,
        527,
        716,
        389,
        78,
        730,
        706,
        3,
        101,
        630,
        247,
        675,
        307,
        223,
        461,
        701,
        707,
        12,
        99,
        249,
        390,
        459,
        395,
        539,
        445,
        141,
        681,
        67,
        669,
        267,
        402,
        20,
        150,
        168,
        746,
        384,
        683,
        382,
        713,
        278,
        747,
        190,
        636,
        205,
        126,
        134,
        217,
        460,
        608,
        147,
        415,
        372,
        526,
        682,
        620,
        496,
        181,
        511,
        624,
        427,
        220,
        748,
        257,
        6,
        393,
        724,
        581,
        294,
        199,
        282,
        18,
        123,
        508,
        674,
        222,
        510,
        388,
        84,
        146,
        600,
        19,
        557,
        56,
        49,
        145,
        333,
        404,
        322,
        340,
        476,
        176,
        736,
        218,
        288,
        545,
        192,
        400,
        397,
        525,
        25,
        703,
        418,
        33,
        580,
        351,
        167,
        394,
        481,
        377,
        513,
        272,
        614,
        534,
        186,
        314,
        573,
        341,
        495,
        435,
        165,
        98,
        22,
        42,
        587,
        156,
        579,
        93,
        81,
        201,
        598,
        457,
        125,
        634,
        319,
        663,
        339,
        318,
        613,
        546,
        363,
        229,
        656,
        276,
        603,
        75,
        593,
        387,
        704,
        306,
        584,
        209,
        143,
        436,
        610,
        605,
        34,
        138,
        542,
        463,
        665,
        490,
        522,
        148,
        578,
        619,
        643,
        361,
        622,
        599,
        443,
        109,
        668,
        41,
        407,
        344,
        487,
        259,
        43,
        31,
        27,
        194,
        671,
        369,
        293,
        645,
        300,
        405,
        698,
        739,
        489,
        144,
        122,
        392,
        472,
        749,
        83,
        726,
        40,
        409,
        238,
        7
    ],
    "Global Optimum": 0,
    "Algorithm": "Genetic algorithm",
    "Parameters": {
        "population": 30,
        "offspring": 30,
        "mutation probability": 0.0013333333333333333,
        "crossover probability": 0.9
    },
    "Fitness": 970116,
    "Solution": [
        659,
        120,
        296,
        242,
        302,
        202,
        741,
        268,
        567,
        23,
        252,
        375,
        325,
        553,
        421,
        591,
        422,
        398,
        166,
        601,
        315,
        313,
        338,
        718,
        582,
        46,
        204,
        505,
        251,
        280,
        225,
        401,
        529,
        37,
        549,
        250,
        362,
        672,
        337,
        651,
        693,
        722,
        575,
        227,
        309,
        297,
        615,
        113,
        305,
        62,
        538,
        161,
        16,
        551,
        432,
        554,
        271,
        524,
        438,
        628,
        658,
        491,
        697,
        94,
        592,
        586,
        264,
        725,
        650,
        1,
        32,
        151,
        380,
        246,
        9,
        464,
        349,
        452,
        506,
        649,
        679,
        734,
        454,
        678,
        501,
        566,
        577,
        348,
        561,
        342,
        712,
        662,
        100,
        131,
        396,
        114,
        345,
        574,
        588,
        711,
        290,
        648,
        261,
        321,
        589,
        275,
        198,
        63,
        232,
        493,
        565,
        456,
        36,
        279,
        64,
        743,
        206,
        331,
        467,
        607,
        328,
        90,
        71,
        82,
        304,
        570,
        89,
        621,
        652,
        334,
        61,
        500,
        646,
        717,
        239,
        474,
        654,
        228,
        39,
        625,
        530,
        379,
        8,
        28,
        91,
        96,
        647,
        175,
        373,
        193,
        719,
        164,
        277,
        210,
        214,
        708,
        368,
        710,
        346,
        35,
        509,
        292,
        357,
        426,
        590,
        727,
        667,
        260,
        514,
        326,
        479,
        738,
        695,
        617,
        568,
        471,
        466,
        535,
        631,
        358,
        431,
        414,
        283,
        641,
        563,
        721,
        450,
        77,
        312,
        486,
        270,
        224,
        299,
        655,
        129,
        52,
        537,
        494,
        97,
        54,
        191,
        412,
        330,
        543,
        317,
        203,
        737,
        188,
        163,
        149,
        295,
        720,
        10,
        107,
        133,
        507,
        359,
        391,
        453,
        689,
        182,
        433,
        606,
        448,
        558,
        45,
        118,
        576,
        17,
        152,
        690,
        728,
        639,
        355,
        320,
        308,
        324,
        583,
        327,
        353,
        661,
        556,
        735,
        207,
        135,
        564,
        700,
        244,
        230,
        370,
        449,
        423,
        637,
        424,
        705,
        406,
        197,
        241,
        121,
        221,
        256,
        408,
        50,
        642,
        66,
        676,
        106,
        732,
        195,
        386,
        69,
        24,
        374,
        744,
        139,
        119,
        216,
        729,
        523,
        234,
        289,
        11,
        597,
        38,
        447,
        470,
        266,
        604,
        383,
        183,
        420,
        660,
        367,
        285,
        281,
        699,
        687,
        287,
        473,
        644,
        243,
        47,
        86,
        115,
        446,
        196,
        128,
        611,
        352,
        666,
        673,
        560,
        552,
        428,
        731,
        74,
        532,
        212,
        629,
        111,
        265,
        429,
        623,
        411,
        503,
        158,
        468,
        518,
        335,
        638,
        219,
        55,
        177,
        488,
        430,
        492,
        127,
        21,
        211,
        413,
        740,
        484,
        653,
        311,
        696,
        417,
        316,
        723,
        702,
        347,
        0,
        469,
        57,
        157,
        169,
        482,
        528,
        684,
        117,
        403,
        253,
        105,
        130,
        451,
        633,
        95,
        381,
        13,
        273,
        519,
        483,
        208,
        498,
        184,
        455,
        88,
        635,
        174,
        76,
        248,
        596,
        439,
        343,
        284,
        103,
        609,
        632,
        87,
        742,
        179,
        520,
        60,
        180,
        137,
        627,
        162,
        226,
        709,
        714,
        419,
        262,
        521,
        366,
        263,
        444,
        189,
        478,
        4,
        512,
        68,
        160,
        153,
        140,
        53,
        48,
        80,
        571,
        692,
        29,
        745,
        15,
        132,
        572,
        240,
        44,
        485,
        371,
        26,
        440,
        187,
        680,
        465,
        442,
        356,
        213,
        269,
        14,
        112,
        410,
        441,
        540,
        685,
        595,
        715,
        733,
        480,
        30,
        5,
        376,
        569,
        231,
        116,
        237,
        562,
        110,
        92,
        694,
        594,
        59,
        236,
        233,
        104,
        354,
        477,
        670,
        79,
        550,
        516,
        178,
        499,
        425,
        2,
        51,
        298,
        185,
        215,
        58,
        547,
        612,
        102,
        108,
        533,
        73,
        286,
        531,
        310,
        159,
        154,
        677,
        399,
        65,
        124,
        360,
        640,
        437,
        378,
        258,
        497,
        142,
        688,
        686,
        626,
        602,
        170,
        274,
        664,
        517,
        385,
        541,
        323,
        329,
        657,
        504,
        365,
        85,
        173,
        291,
        155,
        515,
        350,
        555,
        332,
        502,
        616,
        536,
        618,
        136,
        458,
        336,
        462,
        548,
        691,
        70,
        200,
        171,
        559,
        303,
        254,
        172,
        544,
        364,
        72,
        245,
        301,
        475,
        235,
        416,
        434,
        255,
        585,
        527,
        716,
        389,
        78,
        730,
        706,
        3,
        101,
        630,
        247,
        675,
        307,
        223,
        461,
        701,
        707,
        12,
        99,
        249,
        390,
        459,
        395,
        539,
        445,
        141,
        681,
        67,
        669,
        267,
        402,
        20,
        150,
        168,
        746,
        384,
        683,
        382,
        713,
        278,
        747,
        190,
        636,
        205,
        126,
        134,
        217,
        460,
        608,
        147,
        415,
        372,
        526,
        682,
        620,
        496,
        181,
        511,
        624,
        427,
        220,
        748,
        257,
        6,
        393,
        724,
        581,
        294,
        199,
        282,
        18,
        123,
        508,
        674,
        222,
        510,
        388,
        84,
        146,
        600,
        19,
        557,
        56,
        49,
        145,
        333,
        404,
        322,
        340,
        476,
        176,
        736,
        218,
        288,
        545,
        192,
        400,
        397,
        525,
        25,
        703,
        418,
        33,
        580,
        351,
        167,
        394,
        481,
        377,
        513,
        272,
        614,
        534,
        186,
        314,
        573,
        341,
        495,
        435,
        165,
        98,
        22,
        42,
        587,
        156,
        579,
        93,
        81,
        201,
        598,
        457,
        125,
        634,
        319,
        663,
        339,
        318,
        613,
        546,
        363,
        229,
        656,
        276,
        603,
        75,
        593,
        387,
        704,
        306,
        584,
        209,
        143,
        436,
        610,
        605,
        34,
        138,
        542,
        463,
        665,
        490,
        522,
        148,
        578,
        619,
        643,
        361,
        622,
        599,
        443,
        109,
        668,
        41,
        407,
        344,
        487,
        259,
        43,
        31,
        27,
        194,
        671,
        369,
        293,
        645,
        300,
        405,
        698,
        739,
        489,
        144,
        122,
        392,
        472,
        749,
        83,
        726,
        40,
        409,
        238,
        7
    ],
    "Nb of functions evaluations": 200010,
    "Computational time in seconds": 1792.6519975662231,
    "Stopping criterion in evaluations": 200000
}