8° run output:
{
    "Function": "kroA750.tsp",
    "Problem dimension": [
        395,
        363,
        477,
        492,
        542,
        463,
        85,
        672,
        136,
        374,
        65,
        86,
        438,
        78,
        546,
        362,
        29,
        42,
        255,
        394,
        90,
        139,
        678,
        242,
        281,
        480,
        143,
        529,
        432,
        87,
        715,
        381,
        511,
        190,
        67,
        501,
        237,
        673,
        519,
        697,
        335,
        355,
        150,
        630,
        177,
        307,
        6,
        407,
        596,
        710,
        20,
        14,
        270,
        316,
        297,
        636,
        156,
        330,
        452,
        368,
        265,
        159,
        324,
        705,
        708,
        691,
        130,
        562,
        742,
        47,
        10,
        550,
        566,
        379,
        437,
        182,
        496,
        168,
        417,
        439,
        293,
        643,
        311,
        408,
        132,
        257,
        107,
        28,
        246,
        380,
        553,
        153,
        289,
        256,
        269,
        201,
        49,
        106,
        479,
        141,
        488,
        217,
        231,
        180,
        149,
        581,
        645,
        52,
        451,
        161,
        603,
        599,
        273,
        303,
        319,
        441,
        34,
        40,
        644,
        516,
        145,
        344,
        534,
        283,
        541,
        308,
        580,
        735,
        327,
        167,
        105,
        178,
        377,
        402,
        702,
        642,
        32,
        558,
        664,
        169,
        98,
        26,
        314,
        473,
        181,
        392,
        152,
        420,
        649,
        76,
        490,
        282,
        404,
        39,
        589,
        384,
        195,
        655,
        208,
        500,
        652,
        43,
        561,
        669,
        556,
        609,
        100,
        421,
        540,
        59,
        695,
        329,
        703,
        524,
        641,
        385,
        487,
        244,
        241,
        37,
        122,
        658,
        55,
        619,
        18,
        586,
        279,
        191,
        51,
        505,
        525,
        692,
        131,
        513,
        578,
        325,
        522,
        616,
        470,
        239,
        41,
        247,
        333,
        197,
        126,
        70,
        537,
        69,
        304,
        205,
        587,
        142,
        147,
        563,
        57,
        410,
        154,
        682,
        549,
        464,
        687,
        1,
        263,
        680,
        284,
        568,
        569,
        365,
        140,
        228,
        184,
        466,
        71,
        731,
        63,
        701,
        203,
        204,
        726,
        685,
        151,
        343,
        450,
        583,
        101,
        497,
        254,
        299,
        31,
        667,
        320,
        446,
        749,
        187,
        96,
        158,
        597,
        449,
        723,
        670,
        573,
        467,
        230,
        520,
        684,
        88,
        369,
        507,
        157,
        424,
        588,
        462,
        465,
        376,
        128,
        491,
        453,
        456,
        564,
        709,
        514,
        259,
        288,
        336,
        275,
        300,
        298,
        621,
        633,
        628,
        659,
        431,
        276,
        207,
        58,
        637,
        0,
        413,
        291,
        189,
        148,
        35,
        121,
        551,
        475,
        144,
        478,
        547,
        332,
        285,
        173,
        720,
        434,
        192,
        575,
        690,
        77,
        474,
        134,
        508,
        409,
        375,
        677,
        232,
        102,
        240,
        305,
        250,
        675,
        661,
        533,
        155,
        194,
        676,
        301,
        582,
        419,
        429,
        482,
        493,
        594,
        74,
        714,
        347,
        318,
        260,
        358,
        38,
        591,
        595,
        671,
        536,
        206,
        400,
        164,
        340,
        681,
        543,
        267,
        185,
        331,
        617,
        245,
        313,
        484,
        359,
        737,
        557,
        366,
        4,
        104,
        686,
        592,
        577,
        53,
        361,
        736,
        396,
        346,
        3,
        13,
        371,
        80,
        306,
        623,
        509,
        112,
        483,
        312,
        202,
        33,
        224,
        632,
        115,
        443,
        711,
        689,
        220,
        352,
        249,
        114,
        248,
        83,
        531,
        373,
        426,
        133,
        418,
        227,
        535,
        646,
        403,
        515,
        668,
        292,
        428,
        688,
        565,
        660,
        614,
        738,
        606,
        2,
        521,
        729,
        653,
        405,
        209,
        296,
        748,
        481,
        679,
        625,
        744,
        233,
        662,
        116,
        494,
        16,
        506,
        91,
        528,
        287,
        200,
        712,
        584,
        635,
        345,
        612,
        732,
        724,
        610,
        745,
        570,
        593,
        211,
        430,
        693,
        108,
        503,
        278,
        364,
        590,
        656,
        605,
        196,
        613,
        221,
        624,
        236,
        334,
        238,
        290,
        138,
        399,
        728,
        545,
        552,
        129,
        268,
        499,
        730,
        309,
        436,
        435,
        666,
        172,
        170,
        27,
        626,
        258,
        471,
        277,
        611,
        740,
        716,
        123,
        66,
        119,
        468,
        210,
        24,
        650,
        120,
        317,
        719,
        504,
        579,
        251,
        440,
        216,
        75,
        648,
        79,
        21,
        461,
        620,
        634,
        261,
        199,
        84,
        555,
        280,
        68,
        510,
        422,
        598,
        654,
        647,
        219,
        348,
        19,
        264,
        12,
        30,
        526,
        372,
        7,
        699,
        747,
        476,
        502,
        146,
        350,
        44,
        485,
        706,
        125,
        694,
        337,
        110,
        727,
        262,
        382,
        234,
        353,
        717,
        401,
        302,
        585,
        416,
        171,
        342,
        271,
        523,
        93,
        23,
        445,
        607,
        560,
        383,
        338,
        713,
        222,
        22,
        665,
        11,
        274,
        651,
        215,
        389,
        321,
        188,
        294,
        572,
        722,
        721,
        391,
        530,
        97,
        718,
        349,
        54,
        92,
        683,
        174,
        704,
        425,
        663,
        25,
        62,
        457,
        179,
        548,
        89,
        390,
        544,
        448,
        746,
        328,
        411,
        229,
        163,
        638,
        444,
        218,
        360,
        427,
        165,
        600,
        576,
        103,
        615,
        127,
        398,
        213,
        538,
        45,
        433,
        559,
        326,
        442,
        725,
        48,
        472,
        73,
        414,
        94,
        733,
        183,
        235,
        567,
        571,
        176,
        498,
        415,
        9,
        36,
        527,
        455,
        739,
        629,
        604,
        99,
        627,
        458,
        741,
        554,
        137,
        517,
        135,
        700,
        367,
        252,
        322,
        486,
        72,
        339,
        459,
        160,
        212,
        162,
        698,
        223,
        56,
        734,
        272,
        460,
        388,
        225,
        608,
        253,
        574,
        286,
        406,
        351,
        310,
        512,
        447,
        243,
        674,
        124,
        17,
        657,
        15,
        64,
        469,
        356,
        618,
        378,
        387,
        707,
        46,
        266,
        602,
        323,
        397,
        539,
        423,
        370,
        95,
        226,
        495,
        639,
        50,
        454,
        341,
        489,
        175,
        640,
        357,
        354,
        295,
        8,
        601,
        186,
        532,
        622,
        198,
        315,
        111,
        214,
        166,
        5,
        393,
        81,
        518,
        118,
        386,
        193,
        117,
        60,
        109,
        61,
        696,
        113,
        412,
        631,
        743,
        82
    ],
    "Global Optimum": 0,
    "Algorithm": "Genetic algorithm",
    "Parameters": {
        "population": 30,
        "offspring": 30,
        "mutation probability": 0.0013333333333333333,
        "crossover probability": 0.9
    },
    "Fitness": 944869,
    "Solution": [
        395,
        363,
        477,
        492,
        542,
        463,
        85,
        672,
        136,
        374,
        65,
        86,
        438,
        78,
        546,
        362,
        29,
        42,
        255,
        394,
        90,
        139,
        678,
        242,
        281,
        480,
        143,
        529,
        432,
        87,
        715,
        381,
        511,
        190,
        67,
        501,
        237,
        673,
        519,
        697,
        335,
        355,
        150,
        630,
        177,
        307,
        6,
        407,
        596,
        710,
        20,
        14,
        270,
        316,
        297,
        636,
        156,
        330,
        452,
        368,
        265,
        159,
        324,
        705,
        708,
        691,
        130,
        562,
        742,
        47,
        10,
        550,
        566,
        379,
        437,
        182,
        496,
        168,
        417,
        439,
        293,
        643,
        311,
        408,
        132,
        257,
        107,
        28,
        246,
        380,
        553,
        153,
        289,
        256,
        269,
        201,
        49,
        106,
        479,
        141,
        488,
        217,
        231,
        180,
        149,
        581,
        645,
        52,
        451,
        161,
        603,
        599,
        273,
        303,
        319,
        441,
        34,
        40,
        644,
        516,
        145,
        344,
        534,
        283,
        541,
        308,
        580,
        735,
        327,
        167,
        105,
        178,
        377,
        402,
        702,
        642,
        32,
        558,
        664,
        169,
        98,
        26,
        314,
        473,
        181,
        392,
        152,
        420,
        649,
        76,
        490,
        282,
        404,
        39,
        589,
        384,
        195,
        655,
        208,
        500,
        652,
        43,
        561,
        669,
        556,
        609,
        100,
        421,
        540,
        59,
        695,
        329,
        703,
        524,
        641,
        385,
        487,
        244,
        241,
        37,
        122,
        658,
        55,
        619,
        18,
        586,
        279,
        191,
        51,
        505,
        525,
        692,
        131,
        513,
        578,
        325,
        522,
        616,
        470,
        239,
        41,
        247,
        333,
        197,
        126,
        70,
        537,
        69,
        304,
        205,
        587,
        142,
        147,
        563,
        57,
        410,
        154,
        682,
        549,
        464,
        687,
        1,
        263,
        680,
        284,
        568,
        569,
        365,
        140,
        228,
        184,
        466,
        71,
        731,
        63,
        701,
        203,
        204,
        726,
        685,
        151,
        343,
        450,
        583,
        101,
        497,
        254,
        299,
        31,
        667,
        320,
        446,
        749,
        187,
        96,
        158,
        597,
        449,
        723,
        670,
        573,
        467,
        230,
        520,
        684,
        88,
        369,
        507,
        157,
        424,
        588,
        462,
        465,
        376,
        128,
        491,
        453,
        456,
        564,
        709,
        514,
        259,
        288,
        336,
        275,
        300,
        298,
        621,
        633,
        628,
        659,
        431,
        276,
        207,
        58,
        637,
        0,
        413,
        291,
        189,
        148,
        35,
        121,
        551,
        475,
        144,
        478,
        547,
        332,
        285,
        173,
        720,
        434,
        192,
        575,
        690,
        77,
        474,
        134,
        508,
        409,
        375,
        677,
        232,
        102,
        240,
        305,
        250,
        675,
        661,
        533,
        155,
        194,
        676,
        301,
        582,
        419,
        429,
        482,
        493,
        594,
        74,
        714,
        347,
        318,
        260,
        358,
        38,
        591,
        595,
        671,
        536,
        206,
        400,
        164,
        340,
        681,
        543,
        267,
        185,
        331,
        617,
        245,
        313,
        484,
        359,
        737,
        557,
        366,
        4,
        104,
        686,
        592,
        577,
        53,
        361,
        736,
        396,
        346,
        3,
        13,
        371,
        80,
        306,
        623,
        509,
        112,
        483,
        312,
        202,
        33,
        224,
        632,
        115,
        443,
        711,
        689,
        220,
        352,
        249,
        114,
        248,
        83,
        531,
        373,
        426,
        133,
        418,
        227,
        535,
        646,
        403,
        515,
        668,
        292,
        428,
        688,
        565,
        660,
        614,
        738,
        606,
        2,
        521,
        729,
        653,
        405,
        209,
        296,
        748,
        481,
        679,
        625,
        744,
        233,
        662,
        116,
        494,
        16,
        506,
        91,
        528,
        287,
        200,
        712,
        584,
        635,
        345,
        612,
        732,
        724,
        610,
        745,
        570,
        593,
        211,
        430,
        693,
        108,
        503,
        278,
        364,
        590,
        656,
        605,
        196,
        613,
        221,
        624,
        236,
        334,
        238,
        290,
        138,
        399,
        728,
        545,
        552,
        129,
        268,
        499,
        730,
        309,
        436,
        435,
        666,
        172,
        170,
        27,
        626,
        258,
        471,
        277,
        611,
        740,
        716,
        123,
        66,
        119,
        468,
        210,
        24,
        650,
        120,
        317,
        719,
        504,
        579,
        251,
        440,
        216,
        75,
        648,
        79,
        21,
        461,
        620,
        634,
        261,
        199,
        84,
        555,
        280,
        68,
        510,
        422,
        598,
        654,
        647,
        219,
        348,
        19,
        264,
        12,
        30,
        526,
        372,
        7,
        699,
        747,
        476,
        502,
        146,
        350,
        44,
        485,
        706,
        125,
        694,
        337,
        110,
        727,
        262,
        382,
        234,
        353,
        717,
        401,
        302,
        585,
        416,
        171,
        342,
        271,
        523,
        93,
        23,
        445,
        607,
        560,
        383,
        338,
        713,
        222,
        22,
        665,
        11,
        274,
        651,
        215,
        389,
        321,
        188,
        294,
        572,
        722,
        721,
        391,
        530,
        97,
        718,
        349,
        54,
        92,
        683,
        174,
        704,
        425,
        663,
        25,
        62,
        457,
        179,
        548,
        89,
        390,
        544,
        448,
        746,
        328,
        411,
        229,
        163,
        638,
        444,
        218,
        360,
        427,
        165,
        600,
        576,
        103,
        615,
        127,
        398,
        213,
        538,
        45,
        433,
        559,
        326,
        442,
        725,
        48,
        472,
        73,
        414,
        94,
        733,
        183,
        235,
        567,
        571,
        176,
        498,
        415,
        9,
        36,
        527,
        455,
        739,
        629,
        604,
        99,
        627,
        458,
        741,
        554,
        137,
        517,
        135,
        700,
        367,
        252,
        322,
        486,
        72,
        339,
        459,
        160,
        212,
        162,
        698,
        223,
        56,
        734,
        272,
        460,
        388,
        225,
        608,
        253,
        574,
        286,
        406,
        351,
        310,
        512,
        447,
        243,
        674,
        124,
        17,
        657,
        15,
        64,
        469,
        356,
        618,
        378,
        387,
        707,
        46,
        266,
        602,
        323,
        397,
        539,
        423,
        370,
        95,
        226,
        495,
        639,
        50,
        454,
        341,
        489,
        175,
        640,
        357,
        354,
        295,
        8,
        601,
        186,
        532,
        622,
        198,
        315,
        111,
        214,
        166,
        5,
        393,
        81,
        518,
        118,
        386,
        193,
        117,
        60,
        109,
        61,
        696,
        113,
        412,
        631,
        743,
        82
    ],
    "Nb of functions evaluations": 200010,
    "Computational time in seconds": 1825.351845741272,
    "Stopping criterion in evaluations": 200000
}