22° run output:
{
    "Function": "kroB750.tsp",
    "Problem dimension": [
        598,
        724,
        281,
        225,
        169,
        435,
        137,
        430,
        221,
        46,
        629,
        514,
        739,
        110,
        452,
        733,
        113,
        6,
        79,
        413,
        431,
        290,
        484,
        298,
        300,
        547,
        423,
        135,
        126,
        383,
        215,
        549,
        628,
        71,
        344,
        172,
        21,
        550,
        150,
        203,
        661,
        553,
        731,
        202,
        26,
        348,
        694,
        76,
        608,
        711,
        318,
        486,
        35,
        395,
        377,
        660,
        34,
        482,
        280,
        587,
        570,
        144,
        417,
        730,
        732,
        29,
        615,
        410,
        390,
        748,
        181,
        338,
        716,
        710,
        633,
        458,
        362,
        104,
        426,
        382,
        265,
        274,
        496,
        721,
        164,
        38,
        715,
        415,
        621,
        412,
        677,
        118,
        461,
        520,
        54,
        467,
        259,
        213,
        309,
        23,
        152,
        681,
        619,
        192,
        336,
        672,
        708,
        193,
        84,
        312,
        582,
        186,
        443,
        531,
        565,
        219,
        176,
        451,
        249,
        103,
        134,
        604,
        178,
        75,
        599,
        128,
        712,
        303,
        434,
        279,
        123,
        206,
        507,
        322,
        170,
        2,
        588,
        261,
        371,
        611,
        41,
        168,
        162,
        579,
        676,
        288,
        503,
        394,
        384,
        0,
        282,
        448,
        663,
        278,
        269,
        165,
        537,
        441,
        248,
        254,
        49,
        210,
        591,
        140,
        241,
        424,
        571,
        325,
        96,
        368,
        632,
        463,
        525,
        744,
        524,
        653,
        19,
        675,
        379,
        466,
        509,
        223,
        361,
        689,
        55,
        218,
        600,
        198,
        115,
        80,
        185,
        640,
        618,
        349,
        472,
        557,
        644,
        32,
        622,
        522,
        558,
        464,
        735,
        473,
        692,
        160,
        196,
        453,
        200,
        327,
        180,
        457,
        468,
        323,
        385,
        136,
        43,
        296,
        146,
        580,
        30,
        291,
        645,
        256,
        657,
        250,
        36,
        39,
        455,
        131,
        728,
        551,
        173,
        155,
        575,
        129,
        682,
        698,
        625,
        515,
        341,
        273,
        242,
        422,
        499,
        705,
        230,
        702,
        14,
        396,
        386,
        317,
        526,
        639,
        601,
        253,
        433,
        17,
        350,
        89,
        330,
        397,
        664,
        199,
        477,
        119,
        77,
        699,
        749,
        51,
        232,
        583,
        536,
        74,
        345,
        25,
        52,
        64,
        107,
        572,
        416,
        364,
        648,
        247,
        285,
        444,
        428,
        166,
        47,
        445,
        333,
        59,
        573,
        669,
        313,
        360,
        50,
        81,
        314,
        189,
        596,
        359,
        662,
        634,
        307,
        469,
        287,
        320,
        408,
        684,
        555,
        342,
        409,
        370,
        319,
        88,
        197,
        45,
        262,
        489,
        741,
        548,
        272,
        62,
        211,
        31,
        73,
        275,
        258,
        488,
        228,
        347,
        239,
        363,
        405,
        391,
        276,
        487,
        133,
        419,
        542,
        564,
        678,
        626,
        597,
        506,
        283,
        670,
        620,
        401,
        171,
        535,
        747,
        655,
        649,
        139,
        543,
        117,
        438,
        154,
        511,
        436,
        406,
        738,
        311,
        471,
        577,
        544,
        545,
        529,
        674,
        700,
        534,
        315,
        605,
        501,
        745,
        742,
        403,
        48,
        533,
        53,
        707,
        304,
        92,
        157,
        387,
        532,
        613,
        367,
        690,
        271,
        100,
        61,
        414,
        398,
        10,
        420,
        504,
        214,
        124,
        201,
        709,
        612,
        392,
        498,
        13,
        289,
        635,
        354,
        673,
        502,
        266,
        44,
        714,
        378,
        746,
        646,
        584,
        222,
        480,
        343,
        454,
        456,
        352,
        697,
        226,
        108,
        637,
        517,
        98,
        132,
        617,
        167,
        513,
        231,
        497,
        204,
        4,
        508,
        562,
        718,
        191,
        552,
        563,
        120,
        687,
        680,
        559,
        494,
        450,
        340,
        437,
        725,
        500,
        7,
        606,
        585,
        268,
        1,
        246,
        3,
        446,
        578,
        78,
        539,
        693,
        65,
        22,
        328,
        86,
        490,
        286,
        686,
        642,
        393,
        27,
        329,
        369,
        209,
        402,
        523,
        145,
        24,
        683,
        528,
        701,
        736,
        429,
        546,
        187,
        293,
        252,
        294,
        389,
        719,
        374,
        737,
        28,
        156,
        538,
        97,
        404,
        505,
        495,
        337,
        651,
        594,
        375,
        83,
        174,
        589,
        130,
        592,
        244,
        121,
        93,
        638,
        212,
        37,
        586,
        316,
        143,
        351,
        399,
        400,
        11,
        556,
        659,
        685,
        122,
        427,
        227,
        372,
        183,
        159,
        679,
        512,
        440,
        163,
        284,
        301,
        569,
        527,
        33,
        238,
        237,
        18,
        147,
        264,
        723,
        624,
        9,
        66,
        373,
        138,
        717,
        357,
        560,
        729,
        60,
        610,
        479,
        425,
        16,
        614,
        658,
        299,
        142,
        447,
        421,
        332,
        236,
        667,
        240,
        706,
        141,
        666,
        561,
        310,
        334,
        72,
        475,
        184,
        220,
        245,
        335,
        243,
        465,
        270,
        339,
        665,
        94,
        518,
        671,
        740,
        12,
        109,
        205,
        356,
        636,
        208,
        380,
        125,
        82,
        726,
        5,
        691,
        459,
        574,
        470,
        346,
        358,
        70,
        654,
        233,
        727,
        492,
        306,
        90,
        67,
        42,
        722,
        8,
        474,
        595,
        57,
        111,
        734,
        540,
        695,
        631,
        308,
        148,
        69,
        20,
        277,
        224,
        182,
        63,
        704,
        355,
        411,
        616,
        114,
        609,
        483,
        177,
        530,
        647,
        251,
        188,
        106,
        652,
        554,
        590,
        541,
        85,
        462,
        305,
        102,
        207,
        481,
        56,
        366,
        407,
        324,
        255,
        743,
        650,
        216,
        260,
        40,
        418,
        516,
        668,
        521,
        478,
        302,
        696,
        95,
        297,
        179,
        194,
        630,
        292,
        101,
        91,
        460,
        381,
        442,
        485,
        449,
        476,
        190,
        263,
        58,
        519,
        656,
        603,
        149,
        217,
        112,
        151,
        295,
        627,
        321,
        720,
        116,
        491,
        643,
        158,
        439,
        510,
        388,
        267,
        195,
        365,
        353,
        161,
        99,
        257,
        641,
        568,
        602,
        68,
        229,
        703,
        87,
        566,
        326,
        331,
        607,
        593,
        105,
        15,
        127,
        623,
        376,
        713,
        235,
        432,
        688,
        576,
        234,
        493,
        153,
        567,
        581,
        175
    ],
    "Global Optimum": 0,
    "Algorithm": "Genetic algorithm",
    "Parameters": {
        "population": 30,
        "offspring": 30,
        "mutation probability": 0.0013333333333333333,
        "crossover probability": 0.9
    },
    "Fitness": 938543,
    "Solution": [
        598,
        724,
        281,
        225,
        169,
        435,
        137,
        430,
        221,
        46,
        629,
        514,
        739,
        110,
        452,
        733,
        113,
        6,
        79,
        413,
        431,
        290,
        484,
        298,
        300,
        547,
        423,
        135,
        126,
        383,
        215,
        549,
        628,
        71,
        344,
        172,
        21,
        550,
        150,
        203,
        661,
        553,
        731,
        202,
        26,
        348,
        694,
        76,
        608,
        711,
        318,
        486,
        35,
        395,
        377,
        660,
        34,
        482,
        280,
        587,
        570,
        144,
        417,
        730,
        732,
        29,
        615,
        410,
        390,
        748,
        181,
        338,
        716,
        710,
        633,
        458,
        362,
        104,
        426,
        382,
        265,
        274,
        496,
        721,
        164,
        38,
        715,
        415,
        621,
        412,
        677,
        118,
        461,
        520,
        54,
        467,
        259,
        213,
        309,
        23,
        152,
        681,
        619,
        192,
        336,
        672,
        708,
        193,
        84,
        312,
        582,
        186,
        443,
        531,
        565,
        219,
        176,
        451,
        249,
        103,
        134,
        604,
        178,
        75,
        599,
        128,
        712,
        303,
        434,
        279,
        123,
        206,
        507,
        322,
        170,
        2,
        588,
        261,
        371,
        611,
        41,
        168,
        162,
        579,
        676,
        288,
        503,
        394,
        384,
        0,
        282,
        448,
        663,
        278,
        269,
        165,
        537,
        441,
        248,
        254,
        49,
        210,
        591,
        140,
        241,
        424,
        571,
        325,
        96,
        368,
        632,
        463,
        525,
        744,
        524,
        653,
        19,
        675,
        379,
        466,
        509,
        223,
        361,
        689,
        55,
        218,
        600,
        198,
        115,
        80,
        185,
        640,
        618,
        349,
        472,
        557,
        644,
        32,
        622,
        522,
        558,
        464,
        735,
        473,
        692,
        160,
        196,
        453,
        200,
        327,
        180,
        457,
        468,
        323,
        385,
        136,
        43,
        296,
        146,
        580,
        30,
        291,
        645,
        256,
        657,
        250,
        36,
        39,
        455,
        131,
        728,
        551,
        173,
        155,
        575,
        129,
        682,
        698,
        625,
        515,
        341,
        273,
        242,
        422,
        499,
        705,
        230,
        702,
        14,
        396,
        386,
        317,
        526,
        639,
        601,
        253,
        433,
        17,
        350,
        89,
        330,
        397,
        664,
        199,
        477,
        119,
        77,
        699,
        749,
        51,
        232,
        583,
        536,
        74,
        345,
        25,
        52,
        64,
        107,
        572,
        416,
        364,
        648,
        247,
        285,
        444,
        428,
        166,
        47,
        445,
        333,
        59,
        573,
        669,
        313,
        360,
        50,
        81,
        314,
        189,
        596,
        359,
        662,
        634,
        307,
        469,
        287,
        320,
        408,
        684,
        555,
        342,
        409,
        370,
        319,
        88,
        197,
        45,
        262,
        489,
        741,
        548,
        272,
        62,
        211,
        31,
        73,
        275,
        258,
        488,
        228,
        347,
        239,
        363,
        405,
        391,
        276,
        487,
        133,
        419,
        542,
        564,
        678,
        626,
        597,
        506,
        283,
        670,
        620,
        401,
        171,
        535,
        747,
        655,
        649,
        139,
        543,
        117,
        438,
        154,
        511,
        436,
        406,
        738,
        311,
        471,
        577,
        544,
        545,
        529,
        674,
        700,
        534,
        315,
        605,
        501,
        745,
        742,
        403,
        48,
        533,
        53,
        707,
        304,
        92,
        157,
        387,
        532,
        613,
        367,
        690,
        271,
        100,
        61,
        414,
        398,
        10,
        420,
        504,
        214,
        124,
        201,
        709,
        612,
        392,
        498,
        13,
        289,
        635,
        354,
        673,
        502,
        266,
        44,
        714,
        378,
        746,
        646,
        584,
        222,
        480,
        343,
        454,
        456,
        352,
        697,
        226,
        108,
        637,
        517,
        98,
        132,
        617,
        167,
        513,
        231,
        497,
        204,
        4,
        508,
        562,
        718,
        191,
        552,
        563,
        120,
        687,
        680,
        559,
        494,
        450,
        340,
        437,
        725,
        500,
        7,
        606,
        585,
        268,
        1,
        246,
        3,
        446,
        578,
        78,
        539,
        693,
        65,
        22,
        328,
        86,
        490,
        286,
        686,
        642,
        393,
        27,
        329,
        369,
        209,
        402,
        523,
        145,
        24,
        683,
        528,
        701,
        736,
        429,
        546,
        187,
        293,
        252,
        294,
        389,
        719,
        374,
        737,
        28,
        156,
        538,
        97,
        404,
        505,
        495,
        337,
        651,
        594,
        375,
        83,
        174,
        589,
        130,
        592,
        244,
        121,
        93,
        638,
        212,
        37,
        586,
        316,
        143,
        351,
        399,
        400,
        11,
        556,
        659,
        685,
        122,
        427,
        227,
        372,
        183,
        159,
        679,
        512,
        440,
        163,
        284,
        301,
        569,
        527,
        33,
        238,
        237,
        18,
        147,
        264,
        723,
        624,
        9,
        66,
        373,
        138,
        717,
        357,
        560,
        729,
        60,
        610,
        479,
        425,
        16,
        614,
        658,
        299,
        142,
        447,
        421,
        332,
        236,
        667,
        240,
        706,
        141,
        666,
        561,
        310,
        334,
        72,
        475,
        184,
        220,
        245,
        335,
        243,
        465,
        270,
        339,
        665,
        94,
        518,
        671,
        740,
        12,
        109,
        205,
        356,
        636,
        208,
        380,
        125,
        82,
        726,
        5,
        691,
        459,
        574,
        470,
        346,
        358,
        70,
        654,
        233,
        727,
        492,
        306,
        90,
        67,
        42,
        722,
        8,
        474,
        595,
        57,
        111,
        734,
        540,
        695,
        631,
        308,
        148,
        69,
        20,
        277,
        224,
        182,
        63,
        704,
        355,
        411,
        616,
        114,
        609,
        483,
        177,
        530,
        647,
        251,
        188,
        106,
        652,
        554,
        590,
        541,
        85,
        462,
        305,
        102,
        207,
        481,
        56,
        366,
        407,
        324,
        255,
        743,
        650,
        216,
        260,
        40,
        418,
        516,
        668,
        521,
        478,
        302,
        696,
        95,
        297,
        179,
        194,
        630,
        292,
        101,
        91,
        460,
        381,
        442,
        485,
        449,
        476,
        190,
        263,
        58,
        519,
        656,
        603,
        149,
        217,
        112,
        151,
        295,
        627,
        321,
        720,
        116,
        491,
        643,
        158,
        439,
        510,
        388,
        267,
        195,
        365,
        353,
        161,
        99,
        257,
        641,
        568,
        602,
        68,
        229,
        703,
        87,
        566,
        326,
        331,
        607,
        593,
        105,
        15,
        127,
        623,
        376,
        713,
        235,
        432,
        688,
        576,
        234,
        493,
        153,
        567,
        581,
        175
    ],
    "Nb of functions evaluations": 200010,
    "Computational time in seconds": 1724.183968782425,
    "Stopping criterion in evaluations": 200000
}