23° run output:
{
    "Function": "kroB750.tsp",
    "Problem dimension": [
        242,
        33,
        532,
        287,
        364,
        610,
        145,
        503,
        103,
        425,
        483,
        412,
        466,
        472,
        653,
        734,
        614,
        140,
        56,
        40,
        162,
        300,
        645,
        382,
        332,
        374,
        193,
        148,
        430,
        118,
        631,
        521,
        515,
        102,
        16,
        616,
        234,
        568,
        276,
        14,
        719,
        252,
        439,
        724,
        548,
        544,
        599,
        246,
        159,
        199,
        392,
        108,
        409,
        561,
        672,
        742,
        285,
        184,
        688,
        701,
        626,
        677,
        274,
        155,
        359,
        710,
        271,
        11,
        166,
        211,
        474,
        357,
        622,
        573,
        328,
        728,
        46,
        390,
        455,
        220,
        658,
        612,
        304,
        352,
        208,
        212,
        673,
        342,
        429,
        89,
        340,
        297,
        105,
        629,
        153,
        57,
        0,
        261,
        366,
        385,
        550,
        593,
        519,
        200,
        134,
        443,
        395,
        269,
        624,
        459,
        315,
        493,
        741,
        209,
        711,
        491,
        693,
        97,
        282,
        77,
        17,
        520,
        744,
        423,
        96,
        608,
        161,
        29,
        320,
        549,
        126,
        247,
        393,
        722,
        501,
        435,
        422,
        656,
        458,
        73,
        540,
        223,
        600,
        578,
        648,
        699,
        450,
        432,
        251,
        469,
        431,
        691,
        147,
        104,
        511,
        15,
        181,
        589,
        231,
        725,
        337,
        92,
        571,
        536,
        632,
        301,
        360,
        575,
        292,
        442,
        399,
        646,
        508,
        539,
        437,
        233,
        564,
        487,
        143,
        477,
        58,
        128,
        305,
        63,
        43,
        67,
        453,
        165,
        75,
        475,
        410,
        71,
        307,
        433,
        454,
        157,
        191,
        219,
        362,
        518,
        188,
        224,
        556,
        615,
        273,
        110,
        492,
        736,
        662,
        353,
        69,
        60,
        591,
        135,
        306,
        272,
        284,
        671,
        596,
        227,
        230,
        707,
        438,
        107,
        391,
        738,
        495,
        330,
        111,
        190,
        659,
        376,
        85,
        64,
        543,
        371,
        22,
        557,
        743,
        476,
        151,
        232,
        78,
        229,
        400,
        507,
        241,
        731,
        283,
        28,
        448,
        398,
        735,
        667,
        8,
        295,
        623,
        424,
        421,
        346,
        654,
        565,
        216,
        326,
        207,
        375,
        396,
        580,
        597,
        262,
        36,
        637,
        177,
        185,
        517,
        280,
        708,
        70,
        633,
        53,
        83,
        361,
        687,
        380,
        348,
        402,
        606,
        651,
        490,
        160,
        249,
        525,
        76,
        397,
        117,
        611,
        559,
        700,
        296,
        709,
        226,
        32,
        23,
        638,
        467,
        278,
        312,
        542,
        174,
        585,
        31,
        649,
        349,
        555,
        377,
        726,
        444,
        652,
        9,
        86,
        383,
        689,
        254,
        680,
        574,
        133,
        445,
        123,
        50,
        704,
        175,
        178,
        114,
        436,
        489,
        81,
        683,
        98,
        369,
        173,
        715,
        45,
        681,
        18,
        79,
        253,
        268,
        308,
        4,
        702,
        49,
        87,
        333,
        605,
        125,
        266,
        414,
        604,
        737,
        587,
        698,
        462,
        180,
        441,
        545,
        263,
        218,
        93,
        257,
        642,
        417,
        171,
        720,
        697,
        339,
        694,
        387,
        363,
        121,
        668,
        679,
        384,
        27,
        717,
        558,
        41,
        690,
        24,
        345,
        215,
        579,
        124,
        684,
        664,
        669,
        136,
        100,
        408,
        554,
        381,
        499,
        243,
        302,
        464,
        613,
        142,
        150,
        21,
        703,
        666,
        451,
        584,
        621,
        68,
        426,
        529,
        370,
        154,
        581,
        446,
        471,
        497,
        294,
        407,
        183,
        590,
        602,
        705,
        535,
        386,
        562,
        341,
        481,
        647,
        434,
        293,
        570,
        609,
        716,
        119,
        158,
        372,
        607,
        643,
        447,
        531,
        344,
        289,
        82,
        727,
        630,
        635,
        286,
        682,
        739,
        72,
        592,
        601,
        401,
        732,
        13,
        1,
        139,
        524,
        317,
        676,
        338,
        533,
        38,
        90,
        449,
        299,
        138,
        35,
        582,
        418,
        122,
        47,
        270,
        706,
        552,
        255,
        201,
        527,
        494,
        279,
        660,
        323,
        42,
        470,
        714,
        713,
        488,
        644,
        663,
        112,
        298,
        34,
        288,
        172,
        419,
        163,
        695,
        566,
        259,
        19,
        547,
        182,
        39,
        116,
        351,
        460,
        373,
        586,
        356,
        627,
        244,
        583,
        661,
        322,
        228,
        137,
        546,
        560,
        277,
        461,
        388,
        309,
        678,
        319,
        415,
        222,
        12,
        595,
        225,
        729,
        625,
        120,
        523,
        238,
        176,
        88,
        365,
        336,
        164,
        576,
        730,
        203,
        265,
        235,
        456,
        144,
        405,
        327,
        204,
        569,
        5,
        427,
        416,
        217,
        168,
        324,
        94,
        7,
        618,
        746,
        721,
        101,
        553,
        65,
        685,
        169,
        452,
        130,
        127,
        264,
        248,
        514,
        379,
        205,
        6,
        686,
        712,
        318,
        465,
        634,
        3,
        733,
        167,
        665,
        44,
        598,
        378,
        331,
        480,
        534,
        314,
        413,
        267,
        84,
        551,
        26,
        132,
        479,
        572,
        329,
        55,
        594,
        347,
        463,
        509,
        187,
        496,
        723,
        498,
        675,
        628,
        258,
        457,
        367,
        20,
        577,
        311,
        194,
        468,
        30,
        506,
        354,
        195,
        149,
        355,
        510,
        62,
        343,
        358,
        25,
        641,
        106,
        748,
        146,
        109,
        113,
        428,
        749,
        291,
        530,
        240,
        674,
        639,
        512,
        504,
        237,
        640,
        325,
        10,
        321,
        505,
        54,
        236,
        718,
        567,
        141,
        745,
        313,
        250,
        48,
        411,
        275,
        538,
        389,
        316,
        394,
        189,
        335,
        692,
        310,
        636,
        206,
        563,
        51,
        61,
        650,
        528,
        350,
        95,
        74,
        513,
        197,
        740,
        281,
        440,
        115,
        478,
        198,
        245,
        484,
        620,
        500,
        213,
        186,
        420,
        516,
        179,
        290,
        368,
        403,
        152,
        202,
        91,
        696,
        404,
        485,
        617,
        99,
        655,
        256,
        196,
        526,
        537,
        221,
        239,
        66,
        603,
        522,
        588,
        334,
        670,
        303,
        486,
        210,
        37,
        80,
        129,
        214,
        192,
        406,
        657,
        541,
        502,
        59,
        619,
        156,
        2,
        131,
        473,
        52,
        482,
        747,
        170,
        260
    ],
    "Global Optimum": 0,
    "Algorithm": "Genetic algorithm",
    "Parameters": {
        "population": 30,
        "offspring": 30,
        "mutation probability": 0.0013333333333333333,
        "crossover probability": 0.9
    },
    "Fitness": 932989,
    "Solution": [
        242,
        33,
        532,
        287,
        364,
        610,
        145,
        503,
        103,
        425,
        483,
        412,
        466,
        472,
        653,
        734,
        614,
        140,
        56,
        40,
        162,
        300,
        645,
        382,
        332,
        374,
        193,
        148,
        430,
        118,
        631,
        521,
        515,
        102,
        16,
        616,
        234,
        568,
        276,
        14,
        719,
        252,
        439,
        724,
        548,
        544,
        599,
        246,
        159,
        199,
        392,
        108,
        409,
        561,
        672,
        742,
        285,
        184,
        688,
        701,
        626,
        677,
        274,
        155,
        359,
        710,
        271,
        11,
        166,
        211,
        474,
        357,
        622,
        573,
        328,
        728,
        46,
        390,
        455,
        220,
        658,
        612,
        304,
        352,
        208,
        212,
        673,
        342,
        429,
        89,
        340,
        297,
        105,
        629,
        153,
        57,
        0,
        261,
        366,
        385,
        550,
        593,
        519,
        200,
        134,
        443,
        395,
        269,
        624,
        459,
        315,
        493,
        741,
        209,
        711,
        491,
        693,
        97,
        282,
        77,
        17,
        520,
        744,
        423,
        96,
        608,
        161,
        29,
        320,
        549,
        126,
        247,
        393,
        722,
        501,
        435,
        422,
        656,
        458,
        73,
        540,
        223,
        600,
        578,
        648,
        699,
        450,
        432,
        251,
        469,
        431,
        691,
        147,
        104,
        511,
        15,
        181,
        589,
        231,
        725,
        337,
        92,
        571,
        536,
        632,
        301,
        360,
        575,
        292,
        442,
        399,
        646,
        508,
        539,
        437,
        233,
        564,
        487,
        143,
        477,
        58,
        128,
        305,
        63,
        43,
        67,
        453,
        165,
        75,
        475,
        410,
        71,
        307,
        433,
        454,
        157,
        191,
        219,
        362,
        518,
        188,
        224,
        556,
        615,
        273,
        110,
        492,
        736,
        662,
        353,
        69,
        60,
        591,
        135,
        306,
        272,
        284,
        671,
        596,
        227,
        230,
        707,
        438,
        107,
        391,
        738,
        495,
        330,
        111,
        190,
        659,
        376,
        85,
        64,
        543,
        371,
        22,
        557,
        743,
        476,
        151,
        232,
        78,
        229,
        400,
        507,
        241,
        731,
        283,
        28,
        448,
        398,
        735,
        667,
        8,
        295,
        623,
        424,
        421,
        346,
        654,
        565,
        216,
        326,
        207,
        375,
        396,
        580,
        597,
        262,
        36,
        637,
        177,
        185,
        517,
        280,
        708,
        70,
        633,
        53,
        83,
        361,
        687,
        380,
        348,
        402,
        606,
        651,
        490,
        160,
        249,
        525,
        76,
        397,
        117,
        611,
        559,
        700,
        296,
        709,
        226,
        32,
        23,
        638,
        467,
        278,
        312,
        542,
        174,
        585,
        31,
        649,
        349,
        555,
        377,
        726,
        444,
        652,
        9,
        86,
        383,
        689,
        254,
        680,
        574,
        133,
        445,
        123,
        50,
        704,
        175,
        178,
        114,
        436,
        489,
        81,
        683,
        98,
        369,
        173,
        715,
        45,
        681,
        18,
        79,
        253,
        268,
        308,
        4,
        702,
        49,
        87,
        333,
        605,
        125,
        266,
        414,
        604,
        737,
        587,
        698,
        462,
        180,
        441,
        545,
        263,
        218,
        93,
        257,
        642,
        417,
        171,
        720,
        697,
        339,
        694,
        387,
        363,
        121,
        668,
        679,
        384,
        27,
        717,
        558,
        41,
        690,
        24,
        345,
        215,
        579,
        124,
        684,
        664,
        669,
        136,
        100,
        408,
        554,
        381,
        499,
        243,
        302,
        464,
        613,
        142,
        150,
        21,
        703,
        666,
        451,
        584,
        621,
        68,
        426,
        529,
        370,
        154,
        581,
        446,
        471,
        497,
        294,
        407,
        183,
        590,
        602,
        705,
        535,
        386,
        562,
        341,
        481,
        647,
        434,
        293,
        570,
        609,
        716,
        119,
        158,
        372,
        607,
        643,
        447,
        531,
        344,
        289,
        82,
        727,
        630,
        635,
        286,
        682,
        739,
        72,
        592,
        601,
        401,
        732,
        13,
        1,
        139,
        524,
        317,
        676,
        338,
        533,
        38,
        90,
        449,
        299,
        138,
        35,
        582,
        418,
        122,
        47,
        270,
        706,
        552,
        255,
        201,
        527,
        494,
        279,
        660,
        323,
        42,
        470,
        714,
        713,
        488,
        644,
        663,
        112,
        298,
        34,
        288,
        172,
        419,
        163,
        695,
        566,
        259,
        19,
        547,
        182,
        39,
        116,
        351,
        460,
        373,
        586,
        356,
        627,
        244,
        583,
        661,
        322,
        228,
        137,
        546,
        560,
        277,
        461,
        388,
        309,
        678,
        319,
        415,
        222,
        12,
        595,
        225,
        729,
        625,
        120,
        523,
        238,
        176,
        88,
        365,
        336,
        164,
        576,
        730,
        203,
        265,
        235,
        456,
        144,
        405,
        327,
        204,
        569,
        5,
        427,
        416,
        217,
        168,
        324,
        94,
        7,
        618,
        746,
        721,
        101,
        553,
        65,
        685,
        169,
        452,
        130,
        127,
        264,
        248,
        514,
        379,
        205,
        6,
        686,
        712,
        318,
        465,
        634,
        3,
        733,
        167,
        665,
        44,
        598,
        378,
        331,
        480,
        534,
        314,
        413,
        267,
        84,
        551,
        26,
        132,
        479,
        572,
        329,
        55,
        594,
        347,
        463,
        509,
        187,
        496,
        723,
        498,
        675,
        628,
        258,
        457,
        367,
        20,
        577,
        311,
        194,
        468,
        30,
        506,
        354,
        195,
        149,
        355,
        510,
        62,
        343,
        358,
        25,
        641,
        106,
        748,
        146,
        109,
        113,
        428,
        749,
        291,
        530,
        240,
        674,
        639,
        512,
        504,
        237,
        640,
        325,
        10,
        321,
        505,
        54,
        236,
        718,
        567,
        141,
        745,
        313,
        250,
        48,
        411,
        275,
        538,
        389,
        316,
        394,
        189,
        335,
        692,
        310,
        636,
        206,
        563,
        51,
        61,
        650,
        528,
        350,
        95,
        74,
        513,
        197,
        740,
        281,
        440,
        115,
        478,
        198,
        245,
        484,
        620,
        500,
        213,
        186,
        420,
        516,
        179,
        290,
        368,
        403,
        152,
        202,
        91,
        696,
        404,
        485,
        617,
        99,
        655,
        256,
        196,
        526,
        537,
        221,
        239,
        66,
        603,
        522,
        588,
        334,
        670,
        303,
        486,
        210,
        37,
        80,
        129,
        214,
        192,
        406,
        657,
        541,
        502,
        59,
        619,
        156,
        2,
        131,
        473,
        52,
        482,
        747,
        170,
        260
    ],
    "Nb of functions evaluations": 200010,
    "Computational time in seconds": 1635.471037864685,
    "Stopping criterion in evaluations": 200000
}