28° run output:
{
    "Function": "ClusterB300.tsp",
    "Problem dimension": [
        150,
        4,
        11,
        198,
        277,
        282,
        8,
        112,
        261,
        236,
        135,
        202,
        237,
        94,
        158,
        96,
        60,
        290,
        162,
        284,
        23,
        80,
        188,
        204,
        239,
        194,
        29,
        148,
        228,
        232,
        264,
        161,
        226,
        73,
        108,
        212,
        170,
        75,
        208,
        183,
        256,
        1,
        174,
        240,
        210,
        54,
        51,
        13,
        173,
        122,
        97,
        233,
        52,
        216,
        164,
        72,
        146,
        57,
        218,
        46,
        59,
        288,
        241,
        31,
        56,
        209,
        271,
        110,
        180,
        95,
        192,
        220,
        120,
        137,
        65,
        155,
        68,
        0,
        5,
        139,
        104,
        166,
        235,
        197,
        117,
        259,
        47,
        201,
        207,
        123,
        118,
        76,
        181,
        35,
        287,
        175,
        169,
        176,
        270,
        275,
        141,
        133,
        103,
        109,
        252,
        242,
        101,
        30,
        69,
        22,
        130,
        149,
        227,
        265,
        24,
        253,
        12,
        2,
        219,
        258,
        132,
        125,
        211,
        247,
        200,
        102,
        187,
        267,
        10,
        225,
        250,
        84,
        43,
        190,
        42,
        82,
        20,
        142,
        48,
        278,
        114,
        249,
        99,
        138,
        165,
        136,
        71,
        199,
        177,
        195,
        19,
        15,
        38,
        296,
        238,
        273,
        111,
        100,
        44,
        189,
        222,
        79,
        268,
        186,
        86,
        298,
        28,
        62,
        87,
        203,
        193,
        163,
        49,
        88,
        286,
        294,
        90,
        179,
        17,
        266,
        63,
        7,
        115,
        3,
        98,
        151,
        92,
        263,
        257,
        58,
        85,
        178,
        105,
        131,
        297,
        66,
        32,
        16,
        107,
        153,
        214,
        53,
        129,
        223,
        260,
        184,
        78,
        285,
        36,
        144,
        81,
        230,
        171,
        93,
        231,
        159,
        295,
        292,
        224,
        215,
        83,
        70,
        182,
        245,
        280,
        246,
        128,
        37,
        119,
        293,
        9,
        40,
        154,
        27,
        6,
        106,
        262,
        89,
        229,
        116,
        221,
        50,
        255,
        251,
        269,
        145,
        217,
        25,
        168,
        205,
        124,
        254,
        121,
        26,
        61,
        91,
        234,
        152,
        45,
        291,
        33,
        160,
        34,
        156,
        134,
        167,
        272,
        213,
        41,
        185,
        21,
        289,
        196,
        64,
        113,
        299,
        147,
        140,
        243,
        67,
        279,
        276,
        14,
        274,
        248,
        157,
        143,
        191,
        244,
        206,
        74,
        172,
        18,
        39,
        283,
        55,
        281,
        77,
        126,
        127
    ],
    "Global Optimum": 0,
    "Algorithm": "Genetic algorithm",
    "Parameters": {
        "population": 30,
        "offspring": 30,
        "mutation probability": 0.0033333333333333335,
        "crossover probability": 0.9
    },
    "Fitness": 270467,
    "Solution": [
        150,
        4,
        11,
        198,
        277,
        282,
        8,
        112,
        261,
        236,
        135,
        202,
        237,
        94,
        158,
        96,
        60,
        290,
        162,
        284,
        23,
        80,
        188,
        204,
        239,
        194,
        29,
        148,
        228,
        232,
        264,
        161,
        226,
        73,
        108,
        212,
        170,
        75,
        208,
        183,
        256,
        1,
        174,
        240,
        210,
        54,
        51,
        13,
        173,
        122,
        97,
        233,
        52,
        216,
        164,
        72,
        146,
        57,
        218,
        46,
        59,
        288,
        241,
        31,
        56,
        209,
        271,
        110,
        180,
        95,
        192,
        220,
        120,
        137,
        65,
        155,
        68,
        0,
        5,
        139,
        104,
        166,
        235,
        197,
        117,
        259,
        47,
        201,
        207,
        123,
        118,
        76,
        181,
        35,
        287,
        175,
        169,
        176,
        270,
        275,
        141,
        133,
        103,
        109,
        252,
        242,
        101,
        30,
        69,
        22,
        130,
        149,
        227,
        265,
        24,
        253,
        12,
        2,
        219,
        258,
        132,
        125,
        211,
        247,
        200,
        102,
        187,
        267,
        10,
        225,
        250,
        84,
        43,
        190,
        42,
        82,
        20,
        142,
        48,
        278,
        114,
        249,
        99,
        138,
        165,
        136,
        71,
        199,
        177,
        195,
        19,
        15,
        38,
        296,
        238,
        273,
        111,
        100,
        44,
        189,
        222,
        79,
        268,
        186,
        86,
        298,
        28,
        62,
        87,
        203,
        193,
        163,
        49,
        88,
        286,
        294,
        90,
        179,
        17,
        266,
        63,
        7,
        115,
        3,
        98,
        151,
        92,
        263,
        257,
        58,
        85,
        178,
        105,
        131,
        297,
        66,
        32,
        16,
        107,
        153,
        214,
        53,
        129,
        223,
        260,
        184,
        78,
        285,
        36,
        144,
        81,
        230,
        171,
        93,
        231,
        159,
        295,
        292,
        224,
        215,
        83,
        70,
        182,
        245,
        280,
        246,
        128,
        37,
        119,
        293,
        9,
        40,
        154,
        27,
        6,
        106,
        262,
        89,
        229,
        116,
        221,
        50,
        255,
        251,
        269,
        145,
        217,
        25,
        168,
        205,
        124,
        254,
        121,
        26,
        61,
        91,
        234,
        152,
        45,
        291,
        33,
        160,
        34,
        156,
        134,
        167,
        272,
        213,
        41,
        185,
        21,
        289,
        196,
        64,
        113,
        299,
        147,
        140,
        243,
        67,
        279,
        276,
        14,
        274,
        248,
        157,
        143,
        191,
        244,
        206,
        74,
        172,
        18,
        39,
        283,
        55,
        281,
        77,
        126,
        127
    ],
    "Nb of functions evaluations": 400020,
    "Computational time in seconds": 746.8071219921112,
    "Stopping criterion in evaluations": 400000
}