1° run output:
{
    "Function": "ClusterB300.tsp",
    "Problem dimension": [
        294,
        139,
        37,
        16,
        241,
        238,
        281,
        53,
        82,
        286,
        130,
        69,
        201,
        245,
        197,
        136,
        68,
        141,
        116,
        282,
        203,
        125,
        47,
        253,
        266,
        221,
        21,
        264,
        155,
        106,
        212,
        56,
        12,
        243,
        273,
        40,
        92,
        143,
        157,
        198,
        90,
        4,
        231,
        28,
        147,
        30,
        296,
        247,
        140,
        260,
        71,
        75,
        113,
        299,
        7,
        256,
        163,
        271,
        14,
        8,
        62,
        52,
        237,
        50,
        232,
        261,
        85,
        234,
        279,
        15,
        78,
        55,
        298,
        93,
        205,
        41,
        162,
        48,
        171,
        23,
        42,
        148,
        111,
        87,
        17,
        126,
        63,
        105,
        32,
        33,
        59,
        38,
        244,
        120,
        74,
        18,
        73,
        178,
        270,
        160,
        275,
        290,
        72,
        177,
        209,
        128,
        102,
        188,
        192,
        284,
        118,
        137,
        117,
        285,
        239,
        99,
        77,
        156,
        207,
        235,
        217,
        127,
        204,
        3,
        254,
        185,
        175,
        293,
        187,
        214,
        280,
        199,
        278,
        25,
        94,
        186,
        222,
        268,
        34,
        146,
        168,
        179,
        202,
        173,
        144,
        36,
        46,
        109,
        249,
        83,
        181,
        255,
        66,
        11,
        95,
        88,
        70,
        277,
        297,
        161,
        103,
        200,
        263,
        224,
        22,
        265,
        182,
        180,
        114,
        220,
        43,
        269,
        251,
        65,
        170,
        248,
        164,
        44,
        295,
        107,
        272,
        110,
        191,
        27,
        76,
        172,
        115,
        6,
        183,
        145,
        250,
        54,
        228,
        86,
        153,
        49,
        190,
        60,
        176,
        167,
        189,
        165,
        193,
        39,
        101,
        129,
        108,
        242,
        138,
        223,
        211,
        84,
        51,
        208,
        13,
        0,
        1,
        100,
        233,
        91,
        133,
        135,
        61,
        257,
        229,
        196,
        230,
        154,
        10,
        31,
        166,
        121,
        184,
        169,
        174,
        283,
        262,
        252,
        67,
        29,
        45,
        79,
        292,
        225,
        20,
        2,
        104,
        119,
        227,
        246,
        287,
        35,
        289,
        5,
        19,
        195,
        97,
        142,
        26,
        98,
        80,
        267,
        215,
        131,
        291,
        218,
        213,
        258,
        219,
        236,
        150,
        89,
        276,
        132,
        259,
        24,
        112,
        58,
        9,
        274,
        134,
        159,
        64,
        123,
        124,
        226,
        96,
        206,
        210,
        240,
        81,
        194,
        151,
        57,
        152,
        122,
        288,
        216,
        158,
        149
    ],
    "Global Optimum": 0,
    "Algorithm": "Genetic algorithm",
    "Parameters": {
        "population": 30,
        "offspring": 30,
        "mutation probability": 0.0033333333333333335,
        "crossover probability": 0.9
    },
    "Fitness": 261275,
    "Solution": [
        294,
        139,
        37,
        16,
        241,
        238,
        281,
        53,
        82,
        286,
        130,
        69,
        201,
        245,
        197,
        136,
        68,
        141,
        116,
        282,
        203,
        125,
        47,
        253,
        266,
        221,
        21,
        264,
        155,
        106,
        212,
        56,
        12,
        243,
        273,
        40,
        92,
        143,
        157,
        198,
        90,
        4,
        231,
        28,
        147,
        30,
        296,
        247,
        140,
        260,
        71,
        75,
        113,
        299,
        7,
        256,
        163,
        271,
        14,
        8,
        62,
        52,
        237,
        50,
        232,
        261,
        85,
        234,
        279,
        15,
        78,
        55,
        298,
        93,
        205,
        41,
        162,
        48,
        171,
        23,
        42,
        148,
        111,
        87,
        17,
        126,
        63,
        105,
        32,
        33,
        59,
        38,
        244,
        120,
        74,
        18,
        73,
        178,
        270,
        160,
        275,
        290,
        72,
        177,
        209,
        128,
        102,
        188,
        192,
        284,
        118,
        137,
        117,
        285,
        239,
        99,
        77,
        156,
        207,
        235,
        217,
        127,
        204,
        3,
        254,
        185,
        175,
        293,
        187,
        214,
        280,
        199,
        278,
        25,
        94,
        186,
        222,
        268,
        34,
        146,
        168,
        179,
        202,
        173,
        144,
        36,
        46,
        109,
        249,
        83,
        181,
        255,
        66,
        11,
        95,
        88,
        70,
        277,
        297,
        161,
        103,
        200,
        263,
        224,
        22,
        265,
        182,
        180,
        114,
        220,
        43,
        269,
        251,
        65,
        170,
        248,
        164,
        44,
        295,
        107,
        272,
        110,
        191,
        27,
        76,
        172,
        115,
        6,
        183,
        145,
        250,
        54,
        228,
        86,
        153,
        49,
        190,
        60,
        176,
        167,
        189,
        165,
        193,
        39,
        101,
        129,
        108,
        242,
        138,
        223,
        211,
        84,
        51,
        208,
        13,
        0,
        1,
        100,
        233,
        91,
        133,
        135,
        61,
        257,
        229,
        196,
        230,
        154,
        10,
        31,
        166,
        121,
        184,
        169,
        174,
        283,
        262,
        252,
        67,
        29,
        45,
        79,
        292,
        225,
        20,
        2,
        104,
        119,
        227,
        246,
        287,
        35,
        289,
        5,
        19,
        195,
        97,
        142,
        26,
        98,
        80,
        267,
        215,
        131,
        291,
        218,
        213,
        258,
        219,
        236,
        150,
        89,
        276,
        132,
        259,
        24,
        112,
        58,
        9,
        274,
        134,
        159,
        64,
        123,
        124,
        226,
        96,
        206,
        210,
        240,
        81,
        194,
        151,
        57,
        152,
        122,
        288,
        216,
        158,
        149
    ],
    "Nb of functions evaluations": 400020,
    "Computational time in seconds": 677.0417809486389,
    "Stopping criterion in evaluations": 400000
}