23° run output:
{
    "Function": "ClusterB300.tsp",
    "Problem dimension": [
        285,
        11,
        36,
        215,
        234,
        196,
        278,
        148,
        283,
        59,
        239,
        111,
        42,
        247,
        18,
        147,
        159,
        56,
        217,
        242,
        203,
        133,
        139,
        40,
        92,
        54,
        250,
        193,
        238,
        221,
        94,
        290,
        72,
        60,
        189,
        138,
        223,
        260,
        255,
        235,
        107,
        219,
        2,
        144,
        81,
        286,
        174,
        263,
        86,
        50,
        79,
        199,
        153,
        88,
        209,
        46,
        31,
        230,
        141,
        237,
        160,
        151,
        294,
        289,
        233,
        281,
        73,
        261,
        66,
        297,
        10,
        82,
        22,
        277,
        77,
        39,
        170,
        115,
        163,
        180,
        188,
        83,
        224,
        179,
        35,
        61,
        37,
        9,
        25,
        134,
        195,
        114,
        23,
        78,
        63,
        17,
        266,
        45,
        93,
        129,
        156,
        33,
        52,
        146,
        143,
        132,
        157,
        122,
        97,
        89,
        236,
        24,
        105,
        106,
        6,
        182,
        194,
        68,
        38,
        245,
        228,
        220,
        256,
        74,
        101,
        248,
        65,
        272,
        292,
        102,
        161,
        287,
        69,
        169,
        184,
        207,
        130,
        181,
        140,
        243,
        120,
        299,
        178,
        126,
        125,
        205,
        265,
        150,
        44,
        145,
        84,
        191,
        14,
        12,
        231,
        28,
        232,
        7,
        211,
        252,
        75,
        13,
        269,
        227,
        171,
        135,
        218,
        16,
        204,
        262,
        173,
        127,
        246,
        55,
        185,
        64,
        175,
        186,
        112,
        167,
        152,
        119,
        187,
        213,
        21,
        165,
        136,
        117,
        197,
        244,
        41,
        264,
        298,
        32,
        113,
        288,
        258,
        142,
        267,
        76,
        118,
        176,
        87,
        229,
        20,
        67,
        15,
        190,
        109,
        273,
        149,
        123,
        8,
        284,
        62,
        131,
        128,
        270,
        282,
        295,
        168,
        293,
        98,
        154,
        276,
        280,
        225,
        70,
        95,
        214,
        137,
        212,
        198,
        53,
        253,
        124,
        27,
        206,
        200,
        257,
        275,
        116,
        3,
        103,
        104,
        121,
        291,
        90,
        166,
        96,
        172,
        30,
        19,
        5,
        201,
        34,
        222,
        254,
        158,
        49,
        202,
        80,
        57,
        4,
        91,
        268,
        162,
        58,
        100,
        110,
        259,
        241,
        279,
        51,
        183,
        296,
        155,
        85,
        274,
        47,
        226,
        216,
        164,
        108,
        210,
        26,
        177,
        249,
        99,
        192,
        208,
        240,
        1,
        271,
        48,
        43,
        71,
        251,
        29,
        0
    ],
    "Global Optimum": 0,
    "Algorithm": "Genetic algorithm",
    "Parameters": {
        "population": 30,
        "offspring": 30,
        "mutation probability": 0.0033333333333333335,
        "crossover probability": 0.9
    },
    "Fitness": 271794,
    "Solution": [
        285,
        11,
        36,
        215,
        234,
        196,
        278,
        148,
        283,
        59,
        239,
        111,
        42,
        247,
        18,
        147,
        159,
        56,
        217,
        242,
        203,
        133,
        139,
        40,
        92,
        54,
        250,
        193,
        238,
        221,
        94,
        290,
        72,
        60,
        189,
        138,
        223,
        260,
        255,
        235,
        107,
        219,
        2,
        144,
        81,
        286,
        174,
        263,
        86,
        50,
        79,
        199,
        153,
        88,
        209,
        46,
        31,
        230,
        141,
        237,
        160,
        151,
        294,
        289,
        233,
        281,
        73,
        261,
        66,
        297,
        10,
        82,
        22,
        277,
        77,
        39,
        170,
        115,
        163,
        180,
        188,
        83,
        224,
        179,
        35,
        61,
        37,
        9,
        25,
        134,
        195,
        114,
        23,
        78,
        63,
        17,
        266,
        45,
        93,
        129,
        156,
        33,
        52,
        146,
        143,
        132,
        157,
        122,
        97,
        89,
        236,
        24,
        105,
        106,
        6,
        182,
        194,
        68,
        38,
        245,
        228,
        220,
        256,
        74,
        101,
        248,
        65,
        272,
        292,
        102,
        161,
        287,
        69,
        169,
        184,
        207,
        130,
        181,
        140,
        243,
        120,
        299,
        178,
        126,
        125,
        205,
        265,
        150,
        44,
        145,
        84,
        191,
        14,
        12,
        231,
        28,
        232,
        7,
        211,
        252,
        75,
        13,
        269,
        227,
        171,
        135,
        218,
        16,
        204,
        262,
        173,
        127,
        246,
        55,
        185,
        64,
        175,
        186,
        112,
        167,
        152,
        119,
        187,
        213,
        21,
        165,
        136,
        117,
        197,
        244,
        41,
        264,
        298,
        32,
        113,
        288,
        258,
        142,
        267,
        76,
        118,
        176,
        87,
        229,
        20,
        67,
        15,
        190,
        109,
        273,
        149,
        123,
        8,
        284,
        62,
        131,
        128,
        270,
        282,
        295,
        168,
        293,
        98,
        154,
        276,
        280,
        225,
        70,
        95,
        214,
        137,
        212,
        198,
        53,
        253,
        124,
        27,
        206,
        200,
        257,
        275,
        116,
        3,
        103,
        104,
        121,
        291,
        90,
        166,
        96,
        172,
        30,
        19,
        5,
        201,
        34,
        222,
        254,
        158,
        49,
        202,
        80,
        57,
        4,
        91,
        268,
        162,
        58,
        100,
        110,
        259,
        241,
        279,
        51,
        183,
        296,
        155,
        85,
        274,
        47,
        226,
        216,
        164,
        108,
        210,
        26,
        177,
        249,
        99,
        192,
        208,
        240,
        1,
        271,
        48,
        43,
        71,
        251,
        29,
        0
    ],
    "Nb of functions evaluations": 400020,
    "Computational time in seconds": 745.9217684268951,
    "Stopping criterion in evaluations": 400000
}