13° run output:
{
    "Function": "ClusterB300.tsp",
    "Problem dimension": [
        218,
        267,
        290,
        195,
        252,
        70,
        192,
        240,
        84,
        82,
        266,
        62,
        35,
        90,
        121,
        219,
        1,
        191,
        75,
        180,
        182,
        214,
        71,
        171,
        283,
        98,
        122,
        69,
        181,
        38,
        194,
        154,
        272,
        126,
        21,
        24,
        209,
        269,
        216,
        58,
        108,
        165,
        11,
        150,
        212,
        207,
        169,
        241,
        284,
        30,
        19,
        251,
        20,
        80,
        151,
        114,
        143,
        238,
        87,
        37,
        104,
        61,
        111,
        170,
        124,
        164,
        113,
        78,
        286,
        202,
        36,
        42,
        127,
        96,
        274,
        177,
        118,
        101,
        260,
        189,
        242,
        76,
        140,
        73,
        39,
        40,
        83,
        88,
        229,
        204,
        41,
        211,
        110,
        187,
        103,
        295,
        162,
        53,
        235,
        253,
        184,
        77,
        158,
        227,
        10,
        288,
        155,
        172,
        44,
        166,
        25,
        31,
        168,
        161,
        293,
        102,
        213,
        285,
        18,
        203,
        270,
        176,
        297,
        231,
        43,
        223,
        205,
        129,
        56,
        16,
        81,
        200,
        33,
        12,
        93,
        134,
        234,
        280,
        136,
        282,
        264,
        63,
        119,
        52,
        50,
        289,
        15,
        279,
        236,
        159,
        222,
        152,
        130,
        146,
        298,
        217,
        29,
        157,
        14,
        6,
        95,
        4,
        34,
        275,
        201,
        178,
        105,
        131,
        148,
        228,
        153,
        54,
        278,
        27,
        115,
        67,
        72,
        144,
        215,
        133,
        237,
        116,
        246,
        179,
        167,
        79,
        259,
        193,
        132,
        141,
        198,
        291,
        287,
        224,
        173,
        86,
        196,
        107,
        156,
        281,
        208,
        271,
        263,
        225,
        60,
        85,
        254,
        256,
        197,
        49,
        68,
        149,
        57,
        3,
        261,
        128,
        138,
        13,
        163,
        188,
        250,
        183,
        245,
        206,
        109,
        48,
        190,
        210,
        160,
        258,
        142,
        92,
        59,
        239,
        299,
        74,
        125,
        117,
        65,
        120,
        9,
        257,
        99,
        296,
        106,
        247,
        244,
        262,
        199,
        32,
        221,
        277,
        22,
        66,
        112,
        185,
        233,
        186,
        91,
        175,
        248,
        226,
        45,
        232,
        28,
        23,
        89,
        145,
        220,
        0,
        268,
        255,
        64,
        294,
        249,
        174,
        276,
        273,
        51,
        8,
        17,
        139,
        26,
        2,
        46,
        97,
        135,
        55,
        94,
        100,
        137,
        7,
        147,
        265,
        47,
        123,
        243,
        5,
        292,
        230
    ],
    "Global Optimum": 0,
    "Algorithm": "Genetic algorithm",
    "Parameters": {
        "population": 30,
        "offspring": 30,
        "mutation probability": 0.0033333333333333335,
        "crossover probability": 0.9
    },
    "Fitness": 270692,
    "Solution": [
        218,
        267,
        290,
        195,
        252,
        70,
        192,
        240,
        84,
        82,
        266,
        62,
        35,
        90,
        121,
        219,
        1,
        191,
        75,
        180,
        182,
        214,
        71,
        171,
        283,
        98,
        122,
        69,
        181,
        38,
        194,
        154,
        272,
        126,
        21,
        24,
        209,
        269,
        216,
        58,
        108,
        165,
        11,
        150,
        212,
        207,
        169,
        241,
        284,
        30,
        19,
        251,
        20,
        80,
        151,
        114,
        143,
        238,
        87,
        37,
        104,
        61,
        111,
        170,
        124,
        164,
        113,
        78,
        286,
        202,
        36,
        42,
        127,
        96,
        274,
        177,
        118,
        101,
        260,
        189,
        242,
        76,
        140,
        73,
        39,
        40,
        83,
        88,
        229,
        204,
        41,
        211,
        110,
        187,
        103,
        295,
        162,
        53,
        235,
        253,
        184,
        77,
        158,
        227,
        10,
        288,
        155,
        172,
        44,
        166,
        25,
        31,
        168,
        161,
        293,
        102,
        213,
        285,
        18,
        203,
        270,
        176,
        297,
        231,
        43,
        223,
        205,
        129,
        56,
        16,
        81,
        200,
        33,
        12,
        93,
        134,
        234,
        280,
        136,
        282,
        264,
        63,
        119,
        52,
        50,
        289,
        15,
        279,
        236,
        159,
        222,
        152,
        130,
        146,
        298,
        217,
        29,
        157,
        14,
        6,
        95,
        4,
        34,
        275,
        201,
        178,
        105,
        131,
        148,
        228,
        153,
        54,
        278,
        27,
        115,
        67,
        72,
        144,
        215,
        133,
        237,
        116,
        246,
        179,
        167,
        79,
        259,
        193,
        132,
        141,
        198,
        291,
        287,
        224,
        173,
        86,
        196,
        107,
        156,
        281,
        208,
        271,
        263,
        225,
        60,
        85,
        254,
        256,
        197,
        49,
        68,
        149,
        57,
        3,
        261,
        128,
        138,
        13,
        163,
        188,
        250,
        183,
        245,
        206,
        109,
        48,
        190,
        210,
        160,
        258,
        142,
        92,
        59,
        239,
        299,
        74,
        125,
        117,
        65,
        120,
        9,
        257,
        99,
        296,
        106,
        247,
        244,
        262,
        199,
        32,
        221,
        277,
        22,
        66,
        112,
        185,
        233,
        186,
        91,
        175,
        248,
        226,
        45,
        232,
        28,
        23,
        89,
        145,
        220,
        0,
        268,
        255,
        64,
        294,
        249,
        174,
        276,
        273,
        51,
        8,
        17,
        139,
        26,
        2,
        46,
        97,
        135,
        55,
        94,
        100,
        137,
        7,
        147,
        265,
        47,
        123,
        243,
        5,
        292,
        230
    ],
    "Nb of functions evaluations": 400020,
    "Computational time in seconds": 745.4330010414124,
    "Stopping criterion in evaluations": 400000
}