22° run output:
{
    "Function": "kroA400.tsp",
    "Problem dimension": [
        303,
        35,
        387,
        92,
        131,
        241,
        394,
        311,
        184,
        208,
        226,
        126,
        55,
        388,
        101,
        222,
        246,
        319,
        234,
        275,
        381,
        242,
        111,
        179,
        2,
        243,
        332,
        28,
        214,
        26,
        223,
        157,
        384,
        211,
        6,
        110,
        354,
        133,
        376,
        79,
        212,
        282,
        252,
        43,
        124,
        160,
        257,
        350,
        304,
        198,
        383,
        129,
        323,
        238,
        104,
        197,
        80,
        30,
        326,
        22,
        216,
        336,
        357,
        340,
        76,
        62,
        193,
        228,
        132,
        294,
        345,
        140,
        116,
        355,
        324,
        125,
        47,
        117,
        205,
        269,
        45,
        283,
        341,
        325,
        268,
        169,
        348,
        274,
        185,
        189,
        118,
        173,
        81,
        60,
        391,
        351,
        56,
        280,
        178,
        337,
        286,
        31,
        121,
        263,
        14,
        225,
        240,
        41,
        290,
        100,
        190,
        349,
        16,
        49,
        143,
        206,
        187,
        209,
        273,
        98,
        375,
        58,
        232,
        158,
        51,
        166,
        135,
        59,
        181,
        161,
        74,
        316,
        229,
        180,
        107,
        163,
        281,
        398,
        105,
        130,
        12,
        183,
        159,
        272,
        127,
        321,
        374,
        201,
        346,
        352,
        296,
        44,
        39,
        284,
        138,
        61,
        368,
        328,
        264,
        5,
        182,
        244,
        392,
        67,
        156,
        288,
        177,
        112,
        139,
        360,
        385,
        119,
        259,
        151,
        372,
        115,
        292,
        230,
        204,
        174,
        287,
        251,
        154,
        17,
        315,
        23,
        396,
        285,
        217,
        102,
        245,
        254,
        235,
        38,
        72,
        192,
        227,
        87,
        250,
        361,
        40,
        270,
        63,
        330,
        93,
        77,
        103,
        137,
        364,
        168,
        1,
        356,
        258,
        153,
        122,
        148,
        344,
        382,
        236,
        145,
        128,
        358,
        397,
        369,
        20,
        150,
        188,
        338,
        186,
        86,
        90,
        136,
        82,
        21,
        342,
        373,
        167,
        215,
        347,
        367,
        248,
        320,
        362,
        33,
        89,
        390,
        327,
        207,
        25,
        196,
        233,
        176,
        97,
        195,
        172,
        4,
        142,
        299,
        199,
        54,
        24,
        317,
        366,
        312,
        318,
        203,
        27,
        134,
        164,
        10,
        377,
        221,
        88,
        65,
        70,
        71,
        85,
        253,
        301,
        37,
        108,
        239,
        386,
        380,
        171,
        114,
        365,
        399,
        152,
        359,
        84,
        305,
        162,
        307,
        75,
        94,
        219,
        370,
        343,
        3,
        48,
        53,
        353,
        279,
        271,
        308,
        95,
        363,
        333,
        395,
        277,
        210,
        309,
        78,
        66,
        113,
        276,
        261,
        170,
        389,
        231,
        29,
        194,
        149,
        42,
        314,
        36,
        266,
        18,
        289,
        15,
        11,
        32,
        256,
        106,
        247,
        69,
        224,
        123,
        379,
        68,
        202,
        335,
        96,
        91,
        64,
        165,
        220,
        155,
        331,
        306,
        293,
        302,
        120,
        175,
        52,
        295,
        146,
        249,
        218,
        83,
        378,
        265,
        278,
        310,
        34,
        297,
        339,
        200,
        237,
        0,
        19,
        322,
        57,
        191,
        50,
        213,
        371,
        13,
        255,
        313,
        7,
        9,
        334,
        147,
        260,
        267,
        291,
        46,
        300,
        298,
        144,
        141,
        109,
        99,
        8,
        262,
        393,
        329,
        73
    ],
    "Global Optimum": 0,
    "Algorithm": "Genetic algorithm",
    "Parameters": {
        "population": 30,
        "offspring": 30,
        "mutation probability": 0.0025,
        "crossover probability": 0.9
    },
    "Fitness": 505654,
    "Solution": [
        303,
        35,
        387,
        92,
        131,
        241,
        394,
        311,
        184,
        208,
        226,
        126,
        55,
        388,
        101,
        222,
        246,
        319,
        234,
        275,
        381,
        242,
        111,
        179,
        2,
        243,
        332,
        28,
        214,
        26,
        223,
        157,
        384,
        211,
        6,
        110,
        354,
        133,
        376,
        79,
        212,
        282,
        252,
        43,
        124,
        160,
        257,
        350,
        304,
        198,
        383,
        129,
        323,
        238,
        104,
        197,
        80,
        30,
        326,
        22,
        216,
        336,
        357,
        340,
        76,
        62,
        193,
        228,
        132,
        294,
        345,
        140,
        116,
        355,
        324,
        125,
        47,
        117,
        205,
        269,
        45,
        283,
        341,
        325,
        268,
        169,
        348,
        274,
        185,
        189,
        118,
        173,
        81,
        60,
        391,
        351,
        56,
        280,
        178,
        337,
        286,
        31,
        121,
        263,
        14,
        225,
        240,
        41,
        290,
        100,
        190,
        349,
        16,
        49,
        143,
        206,
        187,
        209,
        273,
        98,
        375,
        58,
        232,
        158,
        51,
        166,
        135,
        59,
        181,
        161,
        74,
        316,
        229,
        180,
        107,
        163,
        281,
        398,
        105,
        130,
        12,
        183,
        159,
        272,
        127,
        321,
        374,
        201,
        346,
        352,
        296,
        44,
        39,
        284,
        138,
        61,
        368,
        328,
        264,
        5,
        182,
        244,
        392,
        67,
        156,
        288,
        177,
        112,
        139,
        360,
        385,
        119,
        259,
        151,
        372,
        115,
        292,
        230,
        204,
        174,
        287,
        251,
        154,
        17,
        315,
        23,
        396,
        285,
        217,
        102,
        245,
        254,
        235,
        38,
        72,
        192,
        227,
        87,
        250,
        361,
        40,
        270,
        63,
        330,
        93,
        77,
        103,
        137,
        364,
        168,
        1,
        356,
        258,
        153,
        122,
        148,
        344,
        382,
        236,
        145,
        128,
        358,
        397,
        369,
        20,
        150,
        188,
        338,
        186,
        86,
        90,
        136,
        82,
        21,
        342,
        373,
        167,
        215,
        347,
        367,
        248,
        320,
        362,
        33,
        89,
        390,
        327,
        207,
        25,
        196,
        233,
        176,
        97,
        195,
        172,
        4,
        142,
        299,
        199,
        54,
        24,
        317,
        366,
        312,
        318,
        203,
        27,
        134,
        164,
        10,
        377,
        221,
        88,
        65,
        70,
        71,
        85,
        253,
        301,
        37,
        108,
        239,
        386,
        380,
        171,
        114,
        365,
        399,
        152,
        359,
        84,
        305,
        162,
        307,
        75,
        94,
        219,
        370,
        343,
        3,
        48,
        53,
        353,
        279,
        271,
        308,
        95,
        363,
        333,
        395,
        277,
        210,
        309,
        78,
        66,
        113,
        276,
        261,
        170,
        389,
        231,
        29,
        194,
        149,
        42,
        314,
        36,
        266,
        18,
        289,
        15,
        11,
        32,
        256,
        106,
        247,
        69,
        224,
        123,
        379,
        68,
        202,
        335,
        96,
        91,
        64,
        165,
        220,
        155,
        331,
        306,
        293,
        302,
        120,
        175,
        52,
        295,
        146,
        249,
        218,
        83,
        378,
        265,
        278,
        310,
        34,
        297,
        339,
        200,
        237,
        0,
        19,
        322,
        57,
        191,
        50,
        213,
        371,
        13,
        255,
        313,
        7,
        9,
        334,
        147,
        260,
        267,
        291,
        46,
        300,
        298,
        144,
        141,
        109,
        99,
        8,
        262,
        393,
        329,
        73
    ],
    "Nb of functions evaluations": 50010,
    "Computational time in seconds": 240.10684943199158,
    "Stopping criterion in evaluations": 50000
}