20° run output:
{
    "Function": "kroA400.tsp",
    "Problem dimension": [
        294,
        239,
        74,
        394,
        12,
        84,
        281,
        159,
        250,
        45,
        16,
        326,
        368,
        392,
        262,
        124,
        75,
        203,
        26,
        361,
        15,
        220,
        373,
        120,
        71,
        391,
        258,
        25,
        171,
        151,
        88,
        214,
        201,
        129,
        184,
        164,
        35,
        296,
        238,
        301,
        157,
        207,
        305,
        109,
        339,
        329,
        349,
        199,
        127,
        85,
        42,
        55,
        304,
        101,
        243,
        259,
        8,
        352,
        351,
        130,
        48,
        371,
        103,
        246,
        142,
        154,
        43,
        341,
        65,
        237,
        5,
        370,
        185,
        1,
        328,
        176,
        102,
        104,
        49,
        331,
        226,
        398,
        193,
        165,
        63,
        232,
        79,
        66,
        314,
        310,
        126,
        205,
        302,
        312,
        365,
        376,
        182,
        148,
        325,
        300,
        317,
        260,
        234,
        254,
        363,
        4,
        269,
        357,
        192,
        58,
        27,
        128,
        24,
        286,
        280,
        61,
        13,
        396,
        261,
        330,
        256,
        197,
        77,
        46,
        111,
        90,
        288,
        7,
        156,
        204,
        73,
        323,
        283,
        80,
        196,
        36,
        337,
        57,
        342,
        181,
        318,
        194,
        33,
        51,
        3,
        221,
        216,
        297,
        338,
        242,
        364,
        235,
        233,
        273,
        322,
        53,
        372,
        172,
        95,
        118,
        245,
        54,
        327,
        141,
        160,
        299,
        208,
        218,
        17,
        187,
        100,
        374,
        170,
        309,
        140,
        161,
        378,
        324,
        50,
        6,
        115,
        14,
        298,
        81,
        117,
        386,
        397,
        19,
        360,
        252,
        67,
        38,
        37,
        150,
        266,
        278,
        268,
        169,
        282,
        381,
        178,
        137,
        387,
        31,
        186,
        180,
        188,
        68,
        347,
        92,
        353,
        59,
        96,
        29,
        308,
        336,
        138,
        167,
        244,
        22,
        112,
        224,
        69,
        249,
        76,
        202,
        114,
        149,
        382,
        200,
        311,
        348,
        213,
        389,
        145,
        380,
        110,
        248,
        183,
        121,
        119,
        227,
        230,
        393,
        399,
        358,
        313,
        345,
        147,
        279,
        343,
        136,
        177,
        211,
        340,
        335,
        189,
        18,
        320,
        264,
        131,
        355,
        89,
        354,
        383,
        175,
        70,
        390,
        316,
        223,
        87,
        289,
        236,
        290,
        253,
        206,
        99,
        30,
        367,
        191,
        346,
        277,
        369,
        122,
        275,
        0,
        135,
        350,
        274,
        41,
        384,
        9,
        385,
        272,
        209,
        2,
        174,
        212,
        285,
        64,
        179,
        139,
        163,
        240,
        155,
        98,
        105,
        125,
        377,
        83,
        52,
        276,
        255,
        20,
        190,
        91,
        222,
        153,
        231,
        44,
        146,
        152,
        375,
        388,
        333,
        144,
        332,
        28,
        40,
        356,
        292,
        303,
        315,
        60,
        366,
        265,
        93,
        166,
        82,
        267,
        97,
        306,
        11,
        56,
        134,
        21,
        247,
        106,
        229,
        168,
        72,
        219,
        307,
        133,
        113,
        321,
        359,
        284,
        395,
        228,
        143,
        162,
        23,
        107,
        215,
        94,
        217,
        108,
        198,
        291,
        344,
        34,
        334,
        195,
        271,
        210,
        32,
        225,
        362,
        319,
        287,
        86,
        47,
        379,
        132,
        257,
        293,
        251,
        10,
        123,
        241,
        173,
        158,
        62,
        270,
        116,
        39,
        78,
        295,
        263
    ],
    "Global Optimum": 0,
    "Algorithm": "Genetic algorithm",
    "Parameters": {
        "population": 30,
        "offspring": 30,
        "mutation probability": 0.0025,
        "crossover probability": 0.9
    },
    "Fitness": 497422,
    "Solution": [
        294,
        239,
        74,
        394,
        12,
        84,
        281,
        159,
        250,
        45,
        16,
        326,
        368,
        392,
        262,
        124,
        75,
        203,
        26,
        361,
        15,
        220,
        373,
        120,
        71,
        391,
        258,
        25,
        171,
        151,
        88,
        214,
        201,
        129,
        184,
        164,
        35,
        296,
        238,
        301,
        157,
        207,
        305,
        109,
        339,
        329,
        349,
        199,
        127,
        85,
        42,
        55,
        304,
        101,
        243,
        259,
        8,
        352,
        351,
        130,
        48,
        371,
        103,
        246,
        142,
        154,
        43,
        341,
        65,
        237,
        5,
        370,
        185,
        1,
        328,
        176,
        102,
        104,
        49,
        331,
        226,
        398,
        193,
        165,
        63,
        232,
        79,
        66,
        314,
        310,
        126,
        205,
        302,
        312,
        365,
        376,
        182,
        148,
        325,
        300,
        317,
        260,
        234,
        254,
        363,
        4,
        269,
        357,
        192,
        58,
        27,
        128,
        24,
        286,
        280,
        61,
        13,
        396,
        261,
        330,
        256,
        197,
        77,
        46,
        111,
        90,
        288,
        7,
        156,
        204,
        73,
        323,
        283,
        80,
        196,
        36,
        337,
        57,
        342,
        181,
        318,
        194,
        33,
        51,
        3,
        221,
        216,
        297,
        338,
        242,
        364,
        235,
        233,
        273,
        322,
        53,
        372,
        172,
        95,
        118,
        245,
        54,
        327,
        141,
        160,
        299,
        208,
        218,
        17,
        187,
        100,
        374,
        170,
        309,
        140,
        161,
        378,
        324,
        50,
        6,
        115,
        14,
        298,
        81,
        117,
        386,
        397,
        19,
        360,
        252,
        67,
        38,
        37,
        150,
        266,
        278,
        268,
        169,
        282,
        381,
        178,
        137,
        387,
        31,
        186,
        180,
        188,
        68,
        347,
        92,
        353,
        59,
        96,
        29,
        308,
        336,
        138,
        167,
        244,
        22,
        112,
        224,
        69,
        249,
        76,
        202,
        114,
        149,
        382,
        200,
        311,
        348,
        213,
        389,
        145,
        380,
        110,
        248,
        183,
        121,
        119,
        227,
        230,
        393,
        399,
        358,
        313,
        345,
        147,
        279,
        343,
        136,
        177,
        211,
        340,
        335,
        189,
        18,
        320,
        264,
        131,
        355,
        89,
        354,
        383,
        175,
        70,
        390,
        316,
        223,
        87,
        289,
        236,
        290,
        253,
        206,
        99,
        30,
        367,
        191,
        346,
        277,
        369,
        122,
        275,
        0,
        135,
        350,
        274,
        41,
        384,
        9,
        385,
        272,
        209,
        2,
        174,
        212,
        285,
        64,
        179,
        139,
        163,
        240,
        155,
        98,
        105,
        125,
        377,
        83,
        52,
        276,
        255,
        20,
        190,
        91,
        222,
        153,
        231,
        44,
        146,
        152,
        375,
        388,
        333,
        144,
        332,
        28,
        40,
        356,
        292,
        303,
        315,
        60,
        366,
        265,
        93,
        166,
        82,
        267,
        97,
        306,
        11,
        56,
        134,
        21,
        247,
        106,
        229,
        168,
        72,
        219,
        307,
        133,
        113,
        321,
        359,
        284,
        395,
        228,
        143,
        162,
        23,
        107,
        215,
        94,
        217,
        108,
        198,
        291,
        344,
        34,
        334,
        195,
        271,
        210,
        32,
        225,
        362,
        319,
        287,
        86,
        47,
        379,
        132,
        257,
        293,
        251,
        10,
        123,
        241,
        173,
        158,
        62,
        270,
        116,
        39,
        78,
        295,
        263
    ],
    "Nb of functions evaluations": 50010,
    "Computational time in seconds": 241.33222842216492,
    "Stopping criterion in evaluations": 50000
}