11° run output:
{
    "Function": "kroA500.tsp",
    "Problem dimension": [
        469,
        231,
        155,
        485,
        196,
        312,
        237,
        242,
        76,
        370,
        154,
        226,
        10,
        479,
        88,
        150,
        404,
        116,
        159,
        176,
        413,
        272,
        93,
        175,
        288,
        466,
        425,
        447,
        433,
        418,
        287,
        179,
        341,
        208,
        429,
        232,
        92,
        468,
        39,
        297,
        70,
        271,
        450,
        54,
        151,
        128,
        21,
        323,
        307,
        309,
        489,
        392,
        96,
        53,
        141,
        397,
        111,
        470,
        388,
        212,
        193,
        478,
        455,
        90,
        67,
        301,
        462,
        303,
        442,
        274,
        223,
        367,
        74,
        320,
        117,
        130,
        398,
        195,
        233,
        42,
        58,
        254,
        75,
        458,
        238,
        448,
        326,
        32,
        492,
        228,
        156,
        63,
        126,
        26,
        11,
        335,
        121,
        142,
        24,
        144,
        108,
        145,
        172,
        434,
        256,
        281,
        432,
        445,
        206,
        402,
        308,
        166,
        252,
        169,
        499,
        269,
        55,
        40,
        220,
        215,
        394,
        173,
        467,
        109,
        306,
        66,
        9,
        350,
        178,
        65,
        427,
        160,
        382,
        37,
        124,
        64,
        149,
        104,
        129,
        265,
        342,
        273,
        188,
        106,
        30,
        285,
        421,
        417,
        119,
        423,
        49,
        419,
        209,
        351,
        118,
        482,
        393,
        12,
        244,
        34,
        491,
        474,
        298,
        234,
        51,
        222,
        324,
        487,
        60,
        314,
        362,
        182,
        454,
        138,
        216,
        84,
        359,
        16,
        310,
        266,
        461,
        87,
        235,
        210,
        289,
        203,
        86,
        412,
        107,
        291,
        260,
        293,
        170,
        158,
        284,
        383,
        372,
        431,
        276,
        261,
        441,
        125,
        47,
        353,
        162,
        148,
        277,
        409,
        185,
        396,
        325,
        198,
        490,
        399,
        7,
        191,
        315,
        488,
        426,
        319,
        27,
        311,
        174,
        251,
        436,
        62,
        200,
        389,
        270,
        401,
        240,
        437,
        316,
        283,
        164,
        38,
        360,
        299,
        338,
        456,
        5,
        184,
        168,
        435,
        378,
        136,
        250,
        340,
        189,
        207,
        259,
        95,
        453,
        77,
        477,
        213,
        97,
        100,
        127,
        379,
        463,
        332,
        2,
        217,
        161,
        46,
        157,
        59,
        131,
        268,
        406,
        366,
        219,
        355,
        81,
        444,
        224,
        373,
        457,
        28,
        120,
        112,
        465,
        147,
        471,
        199,
        330,
        358,
        348,
        400,
        103,
        3,
        211,
        376,
        403,
        153,
        318,
        132,
        483,
        384,
        56,
        72,
        438,
        102,
        336,
        278,
        79,
        349,
        279,
        304,
        241,
        286,
        361,
        428,
        122,
        352,
        334,
        83,
        481,
        345,
        387,
        371,
        143,
        294,
        346,
        165,
        292,
        17,
        386,
        201,
        69,
        267,
        344,
        218,
        78,
        280,
        152,
        484,
        8,
        133,
        364,
        91,
        48,
        337,
        110,
        365,
        25,
        0,
        236,
        80,
        101,
        368,
        123,
        19,
        339,
        44,
        424,
        480,
        225,
        177,
        180,
        139,
        290,
        405,
        192,
        197,
        134,
        181,
        347,
        246,
        446,
        230,
        247,
        451,
        13,
        14,
        140,
        248,
        146,
        183,
        327,
        205,
        343,
        422,
        214,
        71,
        194,
        375,
        82,
        4,
        300,
        305,
        264,
        439,
        410,
        239,
        190,
        262,
        377,
        15,
        98,
        204,
        331,
        50,
        494,
        85,
        115,
        68,
        443,
        245,
        249,
        416,
        391,
        31,
        333,
        385,
        202,
        45,
        369,
        163,
        114,
        322,
        243,
        296,
        357,
        229,
        449,
        18,
        493,
        411,
        407,
        356,
        73,
        313,
        496,
        255,
        497,
        137,
        275,
        295,
        41,
        36,
        440,
        263,
        35,
        498,
        43,
        381,
        105,
        52,
        20,
        473,
        460,
        22,
        257,
        374,
        408,
        363,
        472,
        23,
        29,
        1,
        186,
        415,
        328,
        187,
        459,
        302,
        329,
        476,
        282,
        475,
        57,
        227,
        452,
        167,
        430,
        414,
        464,
        420,
        33,
        113,
        380,
        171,
        89,
        61,
        94,
        221,
        317,
        135,
        6,
        354,
        253,
        390,
        486,
        495,
        99,
        258,
        321,
        395
    ],
    "Global Optimum": 0,
    "Algorithm": "Genetic algorithm",
    "Parameters": {
        "population": 30,
        "offspring": 30,
        "mutation probability": 0.002,
        "crossover probability": 0.9
    },
    "Fitness": 628084,
    "Solution": [
        469,
        231,
        155,
        485,
        196,
        312,
        237,
        242,
        76,
        370,
        154,
        226,
        10,
        479,
        88,
        150,
        404,
        116,
        159,
        176,
        413,
        272,
        93,
        175,
        288,
        466,
        425,
        447,
        433,
        418,
        287,
        179,
        341,
        208,
        429,
        232,
        92,
        468,
        39,
        297,
        70,
        271,
        450,
        54,
        151,
        128,
        21,
        323,
        307,
        309,
        489,
        392,
        96,
        53,
        141,
        397,
        111,
        470,
        388,
        212,
        193,
        478,
        455,
        90,
        67,
        301,
        462,
        303,
        442,
        274,
        223,
        367,
        74,
        320,
        117,
        130,
        398,
        195,
        233,
        42,
        58,
        254,
        75,
        458,
        238,
        448,
        326,
        32,
        492,
        228,
        156,
        63,
        126,
        26,
        11,
        335,
        121,
        142,
        24,
        144,
        108,
        145,
        172,
        434,
        256,
        281,
        432,
        445,
        206,
        402,
        308,
        166,
        252,
        169,
        499,
        269,
        55,
        40,
        220,
        215,
        394,
        173,
        467,
        109,
        306,
        66,
        9,
        350,
        178,
        65,
        427,
        160,
        382,
        37,
        124,
        64,
        149,
        104,
        129,
        265,
        342,
        273,
        188,
        106,
        30,
        285,
        421,
        417,
        119,
        423,
        49,
        419,
        209,
        351,
        118,
        482,
        393,
        12,
        244,
        34,
        491,
        474,
        298,
        234,
        51,
        222,
        324,
        487,
        60,
        314,
        362,
        182,
        454,
        138,
        216,
        84,
        359,
        16,
        310,
        266,
        461,
        87,
        235,
        210,
        289,
        203,
        86,
        412,
        107,
        291,
        260,
        293,
        170,
        158,
        284,
        383,
        372,
        431,
        276,
        261,
        441,
        125,
        47,
        353,
        162,
        148,
        277,
        409,
        185,
        396,
        325,
        198,
        490,
        399,
        7,
        191,
        315,
        488,
        426,
        319,
        27,
        311,
        174,
        251,
        436,
        62,
        200,
        389,
        270,
        401,
        240,
        437,
        316,
        283,
        164,
        38,
        360,
        299,
        338,
        456,
        5,
        184,
        168,
        435,
        378,
        136,
        250,
        340,
        189,
        207,
        259,
        95,
        453,
        77,
        477,
        213,
        97,
        100,
        127,
        379,
        463,
        332,
        2,
        217,
        161,
        46,
        157,
        59,
        131,
        268,
        406,
        366,
        219,
        355,
        81,
        444,
        224,
        373,
        457,
        28,
        120,
        112,
        465,
        147,
        471,
        199,
        330,
        358,
        348,
        400,
        103,
        3,
        211,
        376,
        403,
        153,
        318,
        132,
        483,
        384,
        56,
        72,
        438,
        102,
        336,
        278,
        79,
        349,
        279,
        304,
        241,
        286,
        361,
        428,
        122,
        352,
        334,
        83,
        481,
        345,
        387,
        371,
        143,
        294,
        346,
        165,
        292,
        17,
        386,
        201,
        69,
        267,
        344,
        218,
        78,
        280,
        152,
        484,
        8,
        133,
        364,
        91,
        48,
        337,
        110,
        365,
        25,
        0,
        236,
        80,
        101,
        368,
        123,
        19,
        339,
        44,
        424,
        480,
        225,
        177,
        180,
        139,
        290,
        405,
        192,
        197,
        134,
        181,
        347,
        246,
        446,
        230,
        247,
        451,
        13,
        14,
        140,
        248,
        146,
        183,
        327,
        205,
        343,
        422,
        214,
        71,
        194,
        375,
        82,
        4,
        300,
        305,
        264,
        439,
        410,
        239,
        190,
        262,
        377,
        15,
        98,
        204,
        331,
        50,
        494,
        85,
        115,
        68,
        443,
        245,
        249,
        416,
        391,
        31,
        333,
        385,
        202,
        45,
        369,
        163,
        114,
        322,
        243,
        296,
        357,
        229,
        449,
        18,
        493,
        411,
        407,
        356,
        73,
        313,
        496,
        255,
        497,
        137,
        275,
        295,
        41,
        36,
        440,
        263,
        35,
        498,
        43,
        381,
        105,
        52,
        20,
        473,
        460,
        22,
        257,
        374,
        408,
        363,
        472,
        23,
        29,
        1,
        186,
        415,
        328,
        187,
        459,
        302,
        329,
        476,
        282,
        475,
        57,
        227,
        452,
        167,
        430,
        414,
        464,
        420,
        33,
        113,
        380,
        171,
        89,
        61,
        94,
        221,
        317,
        135,
        6,
        354,
        253,
        390,
        486,
        495,
        99,
        258,
        321,
        395
    ],
    "Nb of functions evaluations": 50010,
    "Computational time in seconds": 362.8636589050293,
    "Stopping criterion in evaluations": 50000
}