17° run output:
{
    "Function": "kroA500.tsp",
    "Problem dimension": [
        420,
        106,
        464,
        265,
        145,
        61,
        384,
        300,
        413,
        151,
        410,
        73,
        280,
        121,
        267,
        26,
        415,
        338,
        209,
        472,
        42,
        129,
        427,
        14,
        321,
        441,
        246,
        247,
        277,
        177,
        482,
        206,
        260,
        181,
        214,
        273,
        152,
        99,
        18,
        379,
        412,
        198,
        150,
        480,
        378,
        202,
        305,
        0,
        494,
        423,
        269,
        83,
        56,
        366,
        428,
        457,
        130,
        39,
        126,
        261,
        53,
        253,
        153,
        225,
        324,
        164,
        188,
        241,
        346,
        4,
        172,
        386,
        65,
        396,
        404,
        270,
        43,
        268,
        159,
        385,
        274,
        136,
        309,
        408,
        128,
        339,
        259,
        330,
        323,
        240,
        436,
        485,
        367,
        433,
        258,
        173,
        133,
        167,
        471,
        397,
        354,
        398,
        141,
        120,
        232,
        296,
        336,
        459,
        288,
        458,
        49,
        230,
        400,
        454,
        334,
        33,
        437,
        94,
        411,
        205,
        426,
        351,
        293,
        419,
        174,
        295,
        92,
        308,
        140,
        38,
        86,
        218,
        390,
        105,
        409,
        147,
        278,
        180,
        91,
        498,
        90,
        113,
        238,
        217,
        104,
        89,
        184,
        70,
        243,
        210,
        81,
        176,
        231,
        183,
        355,
        425,
        255,
        97,
        75,
        201,
        381,
        109,
        292,
        123,
        478,
        264,
        111,
        256,
        285,
        239,
        365,
        257,
        249,
        461,
        326,
        67,
        297,
        462,
        242,
        144,
        357,
        57,
        127,
        5,
        477,
        360,
        310,
        276,
        316,
        475,
        12,
        200,
        204,
        31,
        182,
        368,
        233,
        21,
        79,
        325,
        134,
        163,
        88,
        40,
        362,
        179,
        68,
        244,
        66,
        223,
        434,
        352,
        8,
        329,
        332,
        37,
        374,
        216,
        495,
        24,
        139,
        392,
        30,
        168,
        16,
        395,
        497,
        74,
        448,
        36,
        122,
        343,
        373,
        347,
        345,
        166,
        245,
        371,
        284,
        28,
        44,
        340,
        263,
        443,
        438,
        290,
        349,
        311,
        446,
        272,
        491,
        335,
        224,
        435,
        229,
        194,
        191,
        493,
        196,
        483,
        281,
        383,
        208,
        69,
        7,
        220,
        450,
        488,
        138,
        124,
        125,
        154,
        301,
        20,
        132,
        60,
        254,
        401,
        414,
        71,
        473,
        342,
        119,
        463,
        34,
        486,
        165,
        9,
        499,
        327,
        375,
        289,
        146,
        169,
        50,
        286,
        402,
        440,
        283,
        23,
        27,
        424,
        444,
        178,
        467,
        211,
        227,
        320,
        77,
        251,
        479,
        262,
        114,
        76,
        252,
        171,
        291,
        356,
        376,
        363,
        51,
        451,
        170,
        15,
        405,
        161,
        234,
        421,
        393,
        317,
        407,
        212,
        481,
        492,
        6,
        417,
        422,
        439,
        364,
        142,
        447,
        82,
        236,
        406,
        135,
        359,
        322,
        449,
        487,
        287,
        315,
        294,
        314,
        103,
        10,
        484,
        279,
        48,
        95,
        319,
        131,
        32,
        116,
        197,
        299,
        328,
        466,
        431,
        331,
        47,
        399,
        380,
        237,
        148,
        490,
        87,
        72,
        143,
        369,
        394,
        52,
        456,
        107,
        115,
        55,
        192,
        45,
        158,
        96,
        157,
        149,
        460,
        54,
        29,
        22,
        190,
        455,
        19,
        25,
        195,
        63,
        468,
        187,
        117,
        137,
        41,
        213,
        118,
        370,
        430,
        78,
        11,
        350,
        304,
        337,
        429,
        382,
        80,
        226,
        496,
        489,
        1,
        271,
        17,
        203,
        312,
        361,
        442,
        465,
        372,
        175,
        185,
        469,
        313,
        388,
        221,
        13,
        222,
        64,
        391,
        98,
        282,
        418,
        298,
        403,
        348,
        112,
        93,
        353,
        84,
        306,
        452,
        219,
        155,
        303,
        2,
        101,
        228,
        235,
        100,
        474,
        307,
        108,
        432,
        193,
        341,
        160,
        250,
        59,
        344,
        215,
        266,
        189,
        3,
        318,
        416,
        162,
        62,
        207,
        358,
        275,
        248,
        46,
        102,
        199,
        110,
        470,
        333,
        377,
        35,
        387,
        453,
        389,
        302,
        85,
        156,
        58,
        186,
        445,
        476
    ],
    "Global Optimum": 0,
    "Algorithm": "Genetic algorithm",
    "Parameters": {
        "population": 30,
        "offspring": 30,
        "mutation probability": 0.002,
        "crossover probability": 0.9
    },
    "Fitness": 687641,
    "Solution": [
        420,
        106,
        464,
        265,
        145,
        61,
        384,
        300,
        413,
        151,
        410,
        73,
        280,
        121,
        267,
        26,
        415,
        338,
        209,
        472,
        42,
        129,
        427,
        14,
        321,
        441,
        246,
        247,
        277,
        177,
        482,
        206,
        260,
        181,
        214,
        273,
        152,
        99,
        18,
        379,
        412,
        198,
        150,
        480,
        378,
        202,
        305,
        0,
        494,
        423,
        269,
        83,
        56,
        366,
        428,
        457,
        130,
        39,
        126,
        261,
        53,
        253,
        153,
        225,
        324,
        164,
        188,
        241,
        346,
        4,
        172,
        386,
        65,
        396,
        404,
        270,
        43,
        268,
        159,
        385,
        274,
        136,
        309,
        408,
        128,
        339,
        259,
        330,
        323,
        240,
        436,
        485,
        367,
        433,
        258,
        173,
        133,
        167,
        471,
        397,
        354,
        398,
        141,
        120,
        232,
        296,
        336,
        459,
        288,
        458,
        49,
        230,
        400,
        454,
        334,
        33,
        437,
        94,
        411,
        205,
        426,
        351,
        293,
        419,
        174,
        295,
        92,
        308,
        140,
        38,
        86,
        218,
        390,
        105,
        409,
        147,
        278,
        180,
        91,
        498,
        90,
        113,
        238,
        217,
        104,
        89,
        184,
        70,
        243,
        210,
        81,
        176,
        231,
        183,
        355,
        425,
        255,
        97,
        75,
        201,
        381,
        109,
        292,
        123,
        478,
        264,
        111,
        256,
        285,
        239,
        365,
        257,
        249,
        461,
        326,
        67,
        297,
        462,
        242,
        144,
        357,
        57,
        127,
        5,
        477,
        360,
        310,
        276,
        316,
        475,
        12,
        200,
        204,
        31,
        182,
        368,
        233,
        21,
        79,
        325,
        134,
        163,
        88,
        40,
        362,
        179,
        68,
        244,
        66,
        223,
        434,
        352,
        8,
        329,
        332,
        37,
        374,
        216,
        495,
        24,
        139,
        392,
        30,
        168,
        16,
        395,
        497,
        74,
        448,
        36,
        122,
        343,
        373,
        347,
        345,
        166,
        245,
        371,
        284,
        28,
        44,
        340,
        263,
        443,
        438,
        290,
        349,
        311,
        446,
        272,
        491,
        335,
        224,
        435,
        229,
        194,
        191,
        493,
        196,
        483,
        281,
        383,
        208,
        69,
        7,
        220,
        450,
        488,
        138,
        124,
        125,
        154,
        301,
        20,
        132,
        60,
        254,
        401,
        414,
        71,
        473,
        342,
        119,
        463,
        34,
        486,
        165,
        9,
        499,
        327,
        375,
        289,
        146,
        169,
        50,
        286,
        402,
        440,
        283,
        23,
        27,
        424,
        444,
        178,
        467,
        211,
        227,
        320,
        77,
        251,
        479,
        262,
        114,
        76,
        252,
        171,
        291,
        356,
        376,
        363,
        51,
        451,
        170,
        15,
        405,
        161,
        234,
        421,
        393,
        317,
        407,
        212,
        481,
        492,
        6,
        417,
        422,
        439,
        364,
        142,
        447,
        82,
        236,
        406,
        135,
        359,
        322,
        449,
        487,
        287,
        315,
        294,
        314,
        103,
        10,
        484,
        279,
        48,
        95,
        319,
        131,
        32,
        116,
        197,
        299,
        328,
        466,
        431,
        331,
        47,
        399,
        380,
        237,
        148,
        490,
        87,
        72,
        143,
        369,
        394,
        52,
        456,
        107,
        115,
        55,
        192,
        45,
        158,
        96,
        157,
        149,
        460,
        54,
        29,
        22,
        190,
        455,
        19,
        25,
        195,
        63,
        468,
        187,
        117,
        137,
        41,
        213,
        118,
        370,
        430,
        78,
        11,
        350,
        304,
        337,
        429,
        382,
        80,
        226,
        496,
        489,
        1,
        271,
        17,
        203,
        312,
        361,
        442,
        465,
        372,
        175,
        185,
        469,
        313,
        388,
        221,
        13,
        222,
        64,
        391,
        98,
        282,
        418,
        298,
        403,
        348,
        112,
        93,
        353,
        84,
        306,
        452,
        219,
        155,
        303,
        2,
        101,
        228,
        235,
        100,
        474,
        307,
        108,
        432,
        193,
        341,
        160,
        250,
        59,
        344,
        215,
        266,
        189,
        3,
        318,
        416,
        162,
        62,
        207,
        358,
        275,
        248,
        46,
        102,
        199,
        110,
        470,
        333,
        377,
        35,
        387,
        453,
        389,
        302,
        85,
        156,
        58,
        186,
        445,
        476
    ],
    "Nb of functions evaluations": 50010,
    "Computational time in seconds": 363.409818649292,
    "Stopping criterion in evaluations": 50000
}