16° run output:
{
    "Function": "kroA500.tsp",
    "Problem dimension": [
        112,
        211,
        487,
        36,
        80,
        404,
        239,
        283,
        25,
        191,
        399,
        114,
        284,
        123,
        443,
        6,
        62,
        391,
        48,
        329,
        339,
        244,
        106,
        342,
        495,
        341,
        72,
        247,
        94,
        54,
        337,
        179,
        375,
        343,
        42,
        423,
        201,
        273,
        237,
        253,
        227,
        415,
        498,
        141,
        67,
        261,
        459,
        154,
        24,
        136,
        4,
        310,
        400,
        2,
        304,
        30,
        271,
        360,
        37,
        458,
        89,
        33,
        272,
        157,
        395,
        392,
        13,
        295,
        232,
        53,
        145,
        90,
        412,
        11,
        182,
        207,
        430,
        131,
        434,
        29,
        491,
        221,
        477,
        350,
        463,
        307,
        321,
        60,
        23,
        469,
        27,
        381,
        280,
        374,
        3,
        397,
        490,
        35,
        480,
        142,
        269,
        367,
        294,
        180,
        314,
        482,
        289,
        22,
        484,
        63,
        406,
        162,
        425,
        103,
        118,
        479,
        43,
        19,
        347,
        212,
        266,
        185,
        361,
        382,
        366,
        84,
        240,
        17,
        385,
        50,
        168,
        313,
        371,
        340,
        306,
        87,
        402,
        204,
        275,
        18,
        259,
        346,
        100,
        470,
        95,
        444,
        224,
        338,
        281,
        208,
        285,
        426,
        58,
        46,
        9,
        355,
        135,
        206,
        83,
        245,
        428,
        401,
        330,
        388,
        357,
        147,
        229,
        363,
        110,
        197,
        260,
        222,
        64,
        219,
        28,
        32,
        263,
        217,
        113,
        351,
        408,
        93,
        278,
        499,
        254,
        116,
        151,
        159,
        125,
        178,
        403,
        170,
        133,
        409,
        452,
        432,
        472,
        65,
        493,
        251,
        68,
        454,
        308,
        362,
        20,
        117,
        387,
        59,
        464,
        414,
        368,
        177,
        323,
        326,
        5,
        214,
        267,
        210,
        71,
        411,
        276,
        205,
        468,
        264,
        233,
        186,
        75,
        438,
        456,
        234,
        47,
        12,
        471,
        195,
        389,
        291,
        384,
        98,
        57,
        322,
        164,
        393,
        134,
        416,
        410,
        132,
        447,
        436,
        424,
        158,
        202,
        109,
        334,
        488,
        161,
        49,
        418,
        52,
        73,
        380,
        327,
        427,
        298,
        105,
        319,
        331,
        156,
        450,
        303,
        420,
        15,
        203,
        282,
        356,
        448,
        257,
        302,
        379,
        335,
        8,
        325,
        449,
        249,
        34,
        160,
        475,
        198,
        390,
        318,
        483,
        86,
        51,
        88,
        376,
        437,
        258,
        200,
        328,
        255,
        290,
        143,
        121,
        104,
        460,
        250,
        492,
        1,
        372,
        473,
        333,
        386,
        216,
        167,
        99,
        396,
        139,
        256,
        187,
        190,
        166,
        45,
        336,
        194,
        10,
        377,
        149,
        101,
        85,
        439,
        241,
        442,
        407,
        40,
        44,
        119,
        279,
        474,
        365,
        252,
        120,
        107,
        286,
        435,
        311,
        277,
        431,
        79,
        76,
        370,
        31,
        38,
        228,
        394,
        405,
        262,
        270,
        171,
        451,
        265,
        91,
        165,
        231,
        242,
        440,
        108,
        441,
        481,
        478,
        485,
        429,
        55,
        126,
        455,
        309,
        225,
        476,
        248,
        268,
        96,
        39,
        144,
        359,
        453,
        287,
        69,
        163,
        433,
        352,
        70,
        413,
        300,
        155,
        223,
        172,
        26,
        127,
        21,
        56,
        209,
        175,
        494,
        243,
        398,
        462,
        74,
        292,
        297,
        193,
        457,
        148,
        173,
        174,
        315,
        169,
        353,
        41,
        373,
        183,
        189,
        140,
        78,
        176,
        383,
        364,
        196,
        16,
        288,
        226,
        349,
        213,
        320,
        0,
        230,
        332,
        130,
        220,
        305,
        82,
        348,
        122,
        358,
        422,
        421,
        128,
        153,
        445,
        246,
        417,
        486,
        111,
        296,
        181,
        301,
        316,
        61,
        419,
        317,
        274,
        97,
        345,
        188,
        378,
        77,
        115,
        324,
        81,
        446,
        344,
        467,
        150,
        238,
        199,
        236,
        215,
        146,
        92,
        129,
        466,
        293,
        7,
        354,
        138,
        137,
        192,
        299,
        102,
        66,
        496,
        489,
        461,
        312,
        218,
        369,
        124,
        235,
        497,
        465,
        152,
        14,
        184
    ],
    "Global Optimum": 0,
    "Algorithm": "Genetic algorithm",
    "Parameters": {
        "population": 30,
        "offspring": 30,
        "mutation probability": 0.002,
        "crossover probability": 0.9
    },
    "Fitness": 664147,
    "Solution": [
        112,
        211,
        487,
        36,
        80,
        404,
        239,
        283,
        25,
        191,
        399,
        114,
        284,
        123,
        443,
        6,
        62,
        391,
        48,
        329,
        339,
        244,
        106,
        342,
        495,
        341,
        72,
        247,
        94,
        54,
        337,
        179,
        375,
        343,
        42,
        423,
        201,
        273,
        237,
        253,
        227,
        415,
        498,
        141,
        67,
        261,
        459,
        154,
        24,
        136,
        4,
        310,
        400,
        2,
        304,
        30,
        271,
        360,
        37,
        458,
        89,
        33,
        272,
        157,
        395,
        392,
        13,
        295,
        232,
        53,
        145,
        90,
        412,
        11,
        182,
        207,
        430,
        131,
        434,
        29,
        491,
        221,
        477,
        350,
        463,
        307,
        321,
        60,
        23,
        469,
        27,
        381,
        280,
        374,
        3,
        397,
        490,
        35,
        480,
        142,
        269,
        367,
        294,
        180,
        314,
        482,
        289,
        22,
        484,
        63,
        406,
        162,
        425,
        103,
        118,
        479,
        43,
        19,
        347,
        212,
        266,
        185,
        361,
        382,
        366,
        84,
        240,
        17,
        385,
        50,
        168,
        313,
        371,
        340,
        306,
        87,
        402,
        204,
        275,
        18,
        259,
        346,
        100,
        470,
        95,
        444,
        224,
        338,
        281,
        208,
        285,
        426,
        58,
        46,
        9,
        355,
        135,
        206,
        83,
        245,
        428,
        401,
        330,
        388,
        357,
        147,
        229,
        363,
        110,
        197,
        260,
        222,
        64,
        219,
        28,
        32,
        263,
        217,
        113,
        351,
        408,
        93,
        278,
        499,
        254,
        116,
        151,
        159,
        125,
        178,
        403,
        170,
        133,
        409,
        452,
        432,
        472,
        65,
        493,
        251,
        68,
        454,
        308,
        362,
        20,
        117,
        387,
        59,
        464,
        414,
        368,
        177,
        323,
        326,
        5,
        214,
        267,
        210,
        71,
        411,
        276,
        205,
        468,
        264,
        233,
        186,
        75,
        438,
        456,
        234,
        47,
        12,
        471,
        195,
        389,
        291,
        384,
        98,
        57,
        322,
        164,
        393,
        134,
        416,
        410,
        132,
        447,
        436,
        424,
        158,
        202,
        109,
        334,
        488,
        161,
        49,
        418,
        52,
        73,
        380,
        327,
        427,
        298,
        105,
        319,
        331,
        156,
        450,
        303,
        420,
        15,
        203,
        282,
        356,
        448,
        257,
        302,
        379,
        335,
        8,
        325,
        449,
        249,
        34,
        160,
        475,
        198,
        390,
        318,
        483,
        86,
        51,
        88,
        376,
        437,
        258,
        200,
        328,
        255,
        290,
        143,
        121,
        104,
        460,
        250,
        492,
        1,
        372,
        473,
        333,
        386,
        216,
        167,
        99,
        396,
        139,
        256,
        187,
        190,
        166,
        45,
        336,
        194,
        10,
        377,
        149,
        101,
        85,
        439,
        241,
        442,
        407,
        40,
        44,
        119,
        279,
        474,
        365,
        252,
        120,
        107,
        286,
        435,
        311,
        277,
        431,
        79,
        76,
        370,
        31,
        38,
        228,
        394,
        405,
        262,
        270,
        171,
        451,
        265,
        91,
        165,
        231,
        242,
        440,
        108,
        441,
        481,
        478,
        485,
        429,
        55,
        126,
        455,
        309,
        225,
        476,
        248,
        268,
        96,
        39,
        144,
        359,
        453,
        287,
        69,
        163,
        433,
        352,
        70,
        413,
        300,
        155,
        223,
        172,
        26,
        127,
        21,
        56,
        209,
        175,
        494,
        243,
        398,
        462,
        74,
        292,
        297,
        193,
        457,
        148,
        173,
        174,
        315,
        169,
        353,
        41,
        373,
        183,
        189,
        140,
        78,
        176,
        383,
        364,
        196,
        16,
        288,
        226,
        349,
        213,
        320,
        0,
        230,
        332,
        130,
        220,
        305,
        82,
        348,
        122,
        358,
        422,
        421,
        128,
        153,
        445,
        246,
        417,
        486,
        111,
        296,
        181,
        301,
        316,
        61,
        419,
        317,
        274,
        97,
        345,
        188,
        378,
        77,
        115,
        324,
        81,
        446,
        344,
        467,
        150,
        238,
        199,
        236,
        215,
        146,
        92,
        129,
        466,
        293,
        7,
        354,
        138,
        137,
        192,
        299,
        102,
        66,
        496,
        489,
        461,
        312,
        218,
        369,
        124,
        235,
        497,
        465,
        152,
        14,
        184
    ],
    "Nb of functions evaluations": 50010,
    "Computational time in seconds": 363.6133761405945,
    "Stopping criterion in evaluations": 50000
}