20° run output:
{
    "Function": "kroA500.tsp",
    "Problem dimension": [
        57,
        129,
        101,
        473,
        494,
        491,
        209,
        334,
        181,
        261,
        21,
        238,
        321,
        310,
        412,
        294,
        281,
        225,
        296,
        318,
        411,
        104,
        219,
        163,
        333,
        422,
        429,
        392,
        156,
        98,
        164,
        271,
        201,
        472,
        6,
        326,
        234,
        242,
        148,
        72,
        213,
        499,
        73,
        460,
        266,
        192,
        14,
        108,
        36,
        102,
        466,
        90,
        292,
        262,
        47,
        226,
        224,
        462,
        85,
        360,
        443,
        330,
        414,
        307,
        16,
        7,
        93,
        357,
        493,
        290,
        492,
        497,
        352,
        191,
        199,
        423,
        29,
        408,
        361,
        141,
        215,
        31,
        65,
        126,
        183,
        110,
        0,
        232,
        118,
        464,
        149,
        135,
        243,
        446,
        329,
        157,
        393,
        476,
        56,
        189,
        399,
        30,
        172,
        409,
        484,
        28,
        415,
        4,
        208,
        33,
        63,
        250,
        441,
        151,
        264,
        61,
        119,
        38,
        452,
        338,
        41,
        167,
        202,
        311,
        263,
        231,
        239,
        184,
        496,
        295,
        106,
        186,
        471,
        22,
        67,
        322,
        339,
        437,
        168,
        335,
        128,
        145,
        15,
        301,
        1,
        245,
        353,
        115,
        463,
        345,
        49,
        223,
        419,
        139,
        2,
        465,
        401,
        299,
        391,
        109,
        456,
        387,
        221,
        89,
        300,
        206,
        158,
        449,
        52,
        159,
        137,
        444,
        182,
        211,
        420,
        314,
        448,
        342,
        228,
        424,
        304,
        170,
        210,
        59,
        24,
        403,
        64,
        416,
        293,
        71,
        55,
        354,
        316,
        69,
        88,
        398,
        482,
        8,
        160,
        100,
        237,
        193,
        394,
        434,
        347,
        60,
        327,
        150,
        25,
        404,
        197,
        58,
        120,
        458,
        400,
        18,
        11,
        343,
        440,
        395,
        165,
        287,
        68,
        359,
        483,
        376,
        297,
        488,
        217,
        161,
        200,
        37,
        194,
        396,
        312,
        187,
        105,
        344,
        154,
        80,
        284,
        306,
        486,
        447,
        138,
        477,
        207,
        485,
        147,
        469,
        144,
        470,
        92,
        188,
        227,
        97,
        389,
        363,
        348,
        78,
        241,
        355,
        402,
        249,
        13,
        386,
        268,
        382,
        66,
        107,
        153,
        132,
        179,
        254,
        96,
        427,
        384,
        438,
        274,
        358,
        236,
        368,
        324,
        131,
        445,
        308,
        142,
        87,
        315,
        468,
        173,
        247,
        378,
        425,
        319,
        86,
        177,
        54,
        388,
        291,
        103,
        255,
        42,
        26,
        203,
        351,
        76,
        260,
        305,
        40,
        125,
        174,
        34,
        303,
        270,
        475,
        406,
        77,
        23,
        111,
        374,
        146,
        337,
        282,
        45,
        246,
        229,
        340,
        495,
        152,
        127,
        320,
        248,
        252,
        377,
        175,
        196,
        99,
        62,
        373,
        285,
        51,
        114,
        474,
        331,
        133,
        176,
        428,
        10,
        20,
        277,
        459,
        218,
        283,
        498,
        258,
        453,
        39,
        50,
        169,
        366,
        367,
        431,
        267,
        371,
        385,
        162,
        451,
        362,
        113,
        461,
        432,
        479,
        328,
        222,
        9,
        381,
        235,
        478,
        302,
        349,
        94,
        370,
        356,
        457,
        3,
        143,
        435,
        336,
        490,
        53,
        365,
        198,
        82,
        280,
        220,
        44,
        341,
        332,
        309,
        251,
        413,
        180,
        75,
        112,
        70,
        436,
        426,
        276,
        450,
        410,
        278,
        390,
        35,
        233,
        214,
        369,
        240,
        439,
        136,
        185,
        256,
        379,
        205,
        190,
        350,
        5,
        313,
        383,
        346,
        253,
        467,
        421,
        46,
        74,
        48,
        275,
        32,
        380,
        481,
        17,
        244,
        417,
        279,
        19,
        123,
        257,
        195,
        216,
        480,
        124,
        433,
        117,
        273,
        487,
        298,
        116,
        27,
        323,
        134,
        442,
        418,
        230,
        171,
        91,
        155,
        84,
        375,
        430,
        407,
        81,
        325,
        178,
        79,
        372,
        364,
        130,
        12,
        122,
        397,
        405,
        286,
        288,
        265,
        269,
        204,
        212,
        95,
        121,
        83,
        259,
        289,
        454,
        317,
        140,
        455,
        489,
        272,
        166,
        43
    ],
    "Global Optimum": 0,
    "Algorithm": "Genetic algorithm",
    "Parameters": {
        "population": 30,
        "offspring": 30,
        "mutation probability": 0.002,
        "crossover probability": 0.9
    },
    "Fitness": 646403,
    "Solution": [
        57,
        129,
        101,
        473,
        494,
        491,
        209,
        334,
        181,
        261,
        21,
        238,
        321,
        310,
        412,
        294,
        281,
        225,
        296,
        318,
        411,
        104,
        219,
        163,
        333,
        422,
        429,
        392,
        156,
        98,
        164,
        271,
        201,
        472,
        6,
        326,
        234,
        242,
        148,
        72,
        213,
        499,
        73,
        460,
        266,
        192,
        14,
        108,
        36,
        102,
        466,
        90,
        292,
        262,
        47,
        226,
        224,
        462,
        85,
        360,
        443,
        330,
        414,
        307,
        16,
        7,
        93,
        357,
        493,
        290,
        492,
        497,
        352,
        191,
        199,
        423,
        29,
        408,
        361,
        141,
        215,
        31,
        65,
        126,
        183,
        110,
        0,
        232,
        118,
        464,
        149,
        135,
        243,
        446,
        329,
        157,
        393,
        476,
        56,
        189,
        399,
        30,
        172,
        409,
        484,
        28,
        415,
        4,
        208,
        33,
        63,
        250,
        441,
        151,
        264,
        61,
        119,
        38,
        452,
        338,
        41,
        167,
        202,
        311,
        263,
        231,
        239,
        184,
        496,
        295,
        106,
        186,
        471,
        22,
        67,
        322,
        339,
        437,
        168,
        335,
        128,
        145,
        15,
        301,
        1,
        245,
        353,
        115,
        463,
        345,
        49,
        223,
        419,
        139,
        2,
        465,
        401,
        299,
        391,
        109,
        456,
        387,
        221,
        89,
        300,
        206,
        158,
        449,
        52,
        159,
        137,
        444,
        182,
        211,
        420,
        314,
        448,
        342,
        228,
        424,
        304,
        170,
        210,
        59,
        24,
        403,
        64,
        416,
        293,
        71,
        55,
        354,
        316,
        69,
        88,
        398,
        482,
        8,
        160,
        100,
        237,
        193,
        394,
        434,
        347,
        60,
        327,
        150,
        25,
        404,
        197,
        58,
        120,
        458,
        400,
        18,
        11,
        343,
        440,
        395,
        165,
        287,
        68,
        359,
        483,
        376,
        297,
        488,
        217,
        161,
        200,
        37,
        194,
        396,
        312,
        187,
        105,
        344,
        154,
        80,
        284,
        306,
        486,
        447,
        138,
        477,
        207,
        485,
        147,
        469,
        144,
        470,
        92,
        188,
        227,
        97,
        389,
        363,
        348,
        78,
        241,
        355,
        402,
        249,
        13,
        386,
        268,
        382,
        66,
        107,
        153,
        132,
        179,
        254,
        96,
        427,
        384,
        438,
        274,
        358,
        236,
        368,
        324,
        131,
        445,
        308,
        142,
        87,
        315,
        468,
        173,
        247,
        378,
        425,
        319,
        86,
        177,
        54,
        388,
        291,
        103,
        255,
        42,
        26,
        203,
        351,
        76,
        260,
        305,
        40,
        125,
        174,
        34,
        303,
        270,
        475,
        406,
        77,
        23,
        111,
        374,
        146,
        337,
        282,
        45,
        246,
        229,
        340,
        495,
        152,
        127,
        320,
        248,
        252,
        377,
        175,
        196,
        99,
        62,
        373,
        285,
        51,
        114,
        474,
        331,
        133,
        176,
        428,
        10,
        20,
        277,
        459,
        218,
        283,
        498,
        258,
        453,
        39,
        50,
        169,
        366,
        367,
        431,
        267,
        371,
        385,
        162,
        451,
        362,
        113,
        461,
        432,
        479,
        328,
        222,
        9,
        381,
        235,
        478,
        302,
        349,
        94,
        370,
        356,
        457,
        3,
        143,
        435,
        336,
        490,
        53,
        365,
        198,
        82,
        280,
        220,
        44,
        341,
        332,
        309,
        251,
        413,
        180,
        75,
        112,
        70,
        436,
        426,
        276,
        450,
        410,
        278,
        390,
        35,
        233,
        214,
        369,
        240,
        439,
        136,
        185,
        256,
        379,
        205,
        190,
        350,
        5,
        313,
        383,
        346,
        253,
        467,
        421,
        46,
        74,
        48,
        275,
        32,
        380,
        481,
        17,
        244,
        417,
        279,
        19,
        123,
        257,
        195,
        216,
        480,
        124,
        433,
        117,
        273,
        487,
        298,
        116,
        27,
        323,
        134,
        442,
        418,
        230,
        171,
        91,
        155,
        84,
        375,
        430,
        407,
        81,
        325,
        178,
        79,
        372,
        364,
        130,
        12,
        122,
        397,
        405,
        286,
        288,
        265,
        269,
        204,
        212,
        95,
        121,
        83,
        259,
        289,
        454,
        317,
        140,
        455,
        489,
        272,
        166,
        43
    ],
    "Nb of functions evaluations": 50010,
    "Computational time in seconds": 365.26410579681396,
    "Stopping criterion in evaluations": 50000
}