18° run output:
{
    "Function": "kroA500.tsp",
    "Problem dimension": [
        164,
        289,
        325,
        274,
        306,
        262,
        385,
        498,
        336,
        408,
        420,
        220,
        468,
        31,
        295,
        127,
        247,
        38,
        135,
        384,
        196,
        333,
        414,
        77,
        377,
        94,
        494,
        422,
        411,
        254,
        328,
        357,
        184,
        430,
        416,
        25,
        444,
        43,
        487,
        185,
        63,
        466,
        180,
        406,
        179,
        68,
        96,
        259,
        367,
        120,
        258,
        9,
        474,
        144,
        249,
        22,
        391,
        270,
        419,
        372,
        472,
        158,
        407,
        445,
        114,
        11,
        55,
        138,
        198,
        389,
        27,
        5,
        413,
        203,
        299,
        59,
        398,
        298,
        435,
        167,
        129,
        17,
        91,
        322,
        330,
        319,
        163,
        150,
        113,
        50,
        8,
        118,
        3,
        488,
        471,
        34,
        218,
        454,
        432,
        104,
        216,
        354,
        219,
        160,
        280,
        383,
        173,
        98,
        45,
        227,
        195,
        151,
        86,
        141,
        202,
        340,
        361,
        344,
        221,
        287,
        308,
        326,
        175,
        119,
        13,
        455,
        70,
        58,
        283,
        100,
        75,
        7,
        126,
        92,
        271,
        79,
        128,
        429,
        33,
        443,
        112,
        241,
        246,
        208,
        392,
        191,
        6,
        286,
        73,
        44,
        153,
        210,
        401,
        14,
        253,
        294,
        237,
        449,
        417,
        106,
        229,
        243,
        478,
        369,
        405,
        80,
        200,
        370,
        264,
        346,
        48,
        368,
        21,
        341,
        381,
        363,
        107,
        483,
        452,
        492,
        402,
        348,
        434,
        358,
        475,
        131,
        109,
        206,
        125,
        438,
        260,
        462,
        252,
        235,
        491,
        207,
        57,
        197,
        95,
        130,
        261,
        327,
        159,
        238,
        142,
        66,
        190,
        88,
        115,
        267,
        165,
        148,
        461,
        465,
        181,
        30,
        10,
        211,
        496,
        263,
        244,
        231,
        154,
        176,
        320,
        226,
        186,
        355,
        329,
        217,
        236,
        279,
        436,
        324,
        124,
        412,
        459,
        374,
        441,
        139,
        362,
        18,
        486,
        499,
        60,
        291,
        388,
        296,
        20,
        168,
        152,
        174,
        450,
        448,
        490,
        337,
        89,
        182,
        116,
        421,
        54,
        205,
        146,
        121,
        65,
        440,
        331,
        415,
        188,
        371,
        312,
        418,
        171,
        51,
        282,
        364,
        35,
        314,
        497,
        78,
        28,
        480,
        356,
        82,
        423,
        439,
        233,
        67,
        224,
        24,
        347,
        0,
        285,
        209,
        147,
        101,
        192,
        215,
        343,
        467,
        214,
        311,
        351,
        300,
        302,
        111,
        255,
        134,
        102,
        136,
        166,
        451,
        380,
        477,
        321,
        56,
        309,
        85,
        46,
        19,
        61,
        225,
        453,
        433,
        248,
        272,
        15,
        352,
        290,
        431,
        16,
        396,
        172,
        345,
        293,
        323,
        484,
        425,
        315,
        379,
        81,
        495,
        23,
        307,
        39,
        143,
        349,
        42,
        338,
        140,
        473,
        476,
        123,
        213,
        52,
        342,
        400,
        359,
        178,
        378,
        447,
        105,
        84,
        162,
        305,
        122,
        269,
        382,
        156,
        353,
        37,
        292,
        47,
        464,
        350,
        133,
        394,
        409,
        232,
        428,
        316,
        41,
        169,
        183,
        489,
        72,
        222,
        493,
        395,
        268,
        366,
        446,
        375,
        108,
        393,
        74,
        365,
        397,
        335,
        273,
        251,
        332,
        485,
        189,
        482,
        442,
        317,
        145,
        228,
        386,
        193,
        117,
        32,
        458,
        2,
        437,
        277,
        149,
        103,
        456,
        360,
        12,
        404,
        132,
        463,
        242,
        266,
        373,
        303,
        76,
        245,
        230,
        387,
        99,
        110,
        426,
        155,
        310,
        481,
        275,
        157,
        83,
        62,
        187,
        199,
        281,
        170,
        49,
        201,
        4,
        53,
        250,
        223,
        424,
        240,
        40,
        313,
        93,
        339,
        1,
        399,
        256,
        276,
        87,
        301,
        284,
        470,
        265,
        177,
        469,
        288,
        64,
        36,
        194,
        90,
        29,
        97,
        137,
        278,
        427,
        257,
        304,
        161,
        204,
        69,
        318,
        297,
        71,
        403,
        239,
        410,
        457,
        460,
        234,
        26,
        390,
        376,
        334,
        212,
        479
    ],
    "Global Optimum": 0,
    "Algorithm": "Genetic algorithm",
    "Parameters": {
        "population": 30,
        "offspring": 30,
        "mutation probability": 0.002,
        "crossover probability": 0.9
    },
    "Fitness": 674788,
    "Solution": [
        164,
        289,
        325,
        274,
        306,
        262,
        385,
        498,
        336,
        408,
        420,
        220,
        468,
        31,
        295,
        127,
        247,
        38,
        135,
        384,
        196,
        333,
        414,
        77,
        377,
        94,
        494,
        422,
        411,
        254,
        328,
        357,
        184,
        430,
        416,
        25,
        444,
        43,
        487,
        185,
        63,
        466,
        180,
        406,
        179,
        68,
        96,
        259,
        367,
        120,
        258,
        9,
        474,
        144,
        249,
        22,
        391,
        270,
        419,
        372,
        472,
        158,
        407,
        445,
        114,
        11,
        55,
        138,
        198,
        389,
        27,
        5,
        413,
        203,
        299,
        59,
        398,
        298,
        435,
        167,
        129,
        17,
        91,
        322,
        330,
        319,
        163,
        150,
        113,
        50,
        8,
        118,
        3,
        488,
        471,
        34,
        218,
        454,
        432,
        104,
        216,
        354,
        219,
        160,
        280,
        383,
        173,
        98,
        45,
        227,
        195,
        151,
        86,
        141,
        202,
        340,
        361,
        344,
        221,
        287,
        308,
        326,
        175,
        119,
        13,
        455,
        70,
        58,
        283,
        100,
        75,
        7,
        126,
        92,
        271,
        79,
        128,
        429,
        33,
        443,
        112,
        241,
        246,
        208,
        392,
        191,
        6,
        286,
        73,
        44,
        153,
        210,
        401,
        14,
        253,
        294,
        237,
        449,
        417,
        106,
        229,
        243,
        478,
        369,
        405,
        80,
        200,
        370,
        264,
        346,
        48,
        368,
        21,
        341,
        381,
        363,
        107,
        483,
        452,
        492,
        402,
        348,
        434,
        358,
        475,
        131,
        109,
        206,
        125,
        438,
        260,
        462,
        252,
        235,
        491,
        207,
        57,
        197,
        95,
        130,
        261,
        327,
        159,
        238,
        142,
        66,
        190,
        88,
        115,
        267,
        165,
        148,
        461,
        465,
        181,
        30,
        10,
        211,
        496,
        263,
        244,
        231,
        154,
        176,
        320,
        226,
        186,
        355,
        329,
        217,
        236,
        279,
        436,
        324,
        124,
        412,
        459,
        374,
        441,
        139,
        362,
        18,
        486,
        499,
        60,
        291,
        388,
        296,
        20,
        168,
        152,
        174,
        450,
        448,
        490,
        337,
        89,
        182,
        116,
        421,
        54,
        205,
        146,
        121,
        65,
        440,
        331,
        415,
        188,
        371,
        312,
        418,
        171,
        51,
        282,
        364,
        35,
        314,
        497,
        78,
        28,
        480,
        356,
        82,
        423,
        439,
        233,
        67,
        224,
        24,
        347,
        0,
        285,
        209,
        147,
        101,
        192,
        215,
        343,
        467,
        214,
        311,
        351,
        300,
        302,
        111,
        255,
        134,
        102,
        136,
        166,
        451,
        380,
        477,
        321,
        56,
        309,
        85,
        46,
        19,
        61,
        225,
        453,
        433,
        248,
        272,
        15,
        352,
        290,
        431,
        16,
        396,
        172,
        345,
        293,
        323,
        484,
        425,
        315,
        379,
        81,
        495,
        23,
        307,
        39,
        143,
        349,
        42,
        338,
        140,
        473,
        476,
        123,
        213,
        52,
        342,
        400,
        359,
        178,
        378,
        447,
        105,
        84,
        162,
        305,
        122,
        269,
        382,
        156,
        353,
        37,
        292,
        47,
        464,
        350,
        133,
        394,
        409,
        232,
        428,
        316,
        41,
        169,
        183,
        489,
        72,
        222,
        493,
        395,
        268,
        366,
        446,
        375,
        108,
        393,
        74,
        365,
        397,
        335,
        273,
        251,
        332,
        485,
        189,
        482,
        442,
        317,
        145,
        228,
        386,
        193,
        117,
        32,
        458,
        2,
        437,
        277,
        149,
        103,
        456,
        360,
        12,
        404,
        132,
        463,
        242,
        266,
        373,
        303,
        76,
        245,
        230,
        387,
        99,
        110,
        426,
        155,
        310,
        481,
        275,
        157,
        83,
        62,
        187,
        199,
        281,
        170,
        49,
        201,
        4,
        53,
        250,
        223,
        424,
        240,
        40,
        313,
        93,
        339,
        1,
        399,
        256,
        276,
        87,
        301,
        284,
        470,
        265,
        177,
        469,
        288,
        64,
        36,
        194,
        90,
        29,
        97,
        137,
        278,
        427,
        257,
        304,
        161,
        204,
        69,
        318,
        297,
        71,
        403,
        239,
        410,
        457,
        460,
        234,
        26,
        390,
        376,
        334,
        212,
        479
    ],
    "Nb of functions evaluations": 50010,
    "Computational time in seconds": 365.8080475330353,
    "Stopping criterion in evaluations": 50000
}