3° run output:
{
    "Function": "euclidA500.tsp",
    "Problem dimension": [
        263,
        205,
        246,
        126,
        347,
        34,
        337,
        472,
        168,
        127,
        100,
        180,
        377,
        462,
        54,
        345,
        264,
        445,
        169,
        487,
        137,
        12,
        452,
        115,
        359,
        321,
        116,
        89,
        188,
        70,
        397,
        367,
        295,
        222,
        423,
        355,
        228,
        102,
        162,
        375,
        86,
        334,
        156,
        75,
        148,
        294,
        204,
        238,
        287,
        118,
        324,
        125,
        11,
        427,
        362,
        173,
        292,
        223,
        270,
        193,
        143,
        290,
        271,
        74,
        96,
        227,
        32,
        153,
        150,
        46,
        234,
        266,
        250,
        312,
        307,
        361,
        98,
        253,
        316,
        87,
        163,
        226,
        141,
        176,
        160,
        152,
        7,
        199,
        71,
        485,
        481,
        211,
        438,
        113,
        490,
        213,
        151,
        406,
        482,
        383,
        56,
        424,
        273,
        333,
        101,
        465,
        140,
        417,
        28,
        432,
        73,
        475,
        420,
        471,
        404,
        449,
        84,
        422,
        99,
        385,
        459,
        288,
        155,
        232,
        354,
        275,
        15,
        455,
        269,
        320,
        360,
        437,
        325,
        319,
        444,
        442,
        381,
        409,
        255,
        142,
        29,
        14,
        207,
        139,
        282,
        6,
        394,
        376,
        272,
        267,
        107,
        30,
        291,
        494,
        218,
        458,
        39,
        497,
        145,
        41,
        183,
        25,
        20,
        308,
        289,
        17,
        119,
        21,
        172,
        380,
        343,
        344,
        457,
        51,
        382,
        195,
        90,
        413,
        67,
        147,
        434,
        411,
        237,
        37,
        247,
        468,
        77,
        374,
        130,
        387,
        305,
        256,
        190,
        31,
        430,
        326,
        479,
        136,
        236,
        252,
        499,
        369,
        399,
        480,
        484,
        81,
        412,
        493,
        349,
        217,
        24,
        197,
        109,
        36,
        66,
        391,
        469,
        47,
        402,
        498,
        43,
        261,
        450,
        251,
        303,
        419,
        38,
        356,
        393,
        414,
        121,
        210,
        26,
        396,
        40,
        398,
        492,
        179,
        441,
        235,
        206,
        254,
        23,
        371,
        495,
        166,
        184,
        351,
        161,
        293,
        122,
        225,
        243,
        240,
        280,
        306,
        128,
        19,
        164,
        379,
        315,
        159,
        328,
        365,
        65,
        76,
        52,
        323,
        245,
        167,
        27,
        384,
        149,
        363,
        110,
        58,
        425,
        335,
        426,
        372,
        91,
        82,
        8,
        106,
        364,
        257,
        10,
        44,
        108,
        78,
        215,
        370,
        105,
        233,
        435,
        373,
        428,
        95,
        129,
        314,
        13,
        214,
        2,
        224,
        0,
        262,
        59,
        395,
        5,
        202,
        440,
        208,
        61,
        123,
        456,
        92,
        79,
        331,
        283,
        50,
        62,
        35,
        216,
        53,
        69,
        310,
        286,
        350,
        93,
        301,
        124,
        231,
        298,
        486,
        134,
        296,
        185,
        181,
        352,
        229,
        401,
        467,
        85,
        341,
        219,
        103,
        338,
        182,
        170,
        454,
        464,
        135,
        309,
        439,
        415,
        317,
        177,
        313,
        146,
        144,
        230,
        388,
        198,
        45,
        408,
        165,
        389,
        410,
        83,
        212,
        460,
        200,
        470,
        368,
        171,
        68,
        348,
        221,
        241,
        299,
        279,
        346,
        189,
        491,
        443,
        403,
        429,
        244,
        448,
        18,
        277,
        48,
        274,
        3,
        88,
        284,
        154,
        112,
        285,
        407,
        322,
        42,
        366,
        318,
        260,
        249,
        117,
        431,
        259,
        194,
        191,
        336,
        488,
        281,
        466,
        104,
        72,
        209,
        311,
        330,
        378,
        390,
        451,
        405,
        265,
        94,
        131,
        447,
        220,
        474,
        392,
        400,
        433,
        489,
        421,
        133,
        416,
        138,
        16,
        477,
        496,
        55,
        242,
        158,
        358,
        483,
        353,
        342,
        258,
        33,
        473,
        57,
        302,
        4,
        327,
        278,
        196,
        174,
        64,
        201,
        60,
        332,
        453,
        111,
        268,
        463,
        120,
        97,
        178,
        418,
        1,
        192,
        446,
        203,
        297,
        339,
        80,
        340,
        304,
        357,
        239,
        187,
        175,
        114,
        248,
        63,
        476,
        186,
        436,
        132,
        49,
        276,
        157,
        329,
        461,
        386,
        300,
        9,
        478,
        22
    ],
    "Global Optimum": 0,
    "Algorithm": "Genetic algorithm",
    "Parameters": {
        "population": 30,
        "offspring": 30,
        "mutation probability": 0.002,
        "crossover probability": 0.9
    },
    "Fitness": 610785,
    "Solution": [
        263,
        205,
        246,
        126,
        347,
        34,
        337,
        472,
        168,
        127,
        100,
        180,
        377,
        462,
        54,
        345,
        264,
        445,
        169,
        487,
        137,
        12,
        452,
        115,
        359,
        321,
        116,
        89,
        188,
        70,
        397,
        367,
        295,
        222,
        423,
        355,
        228,
        102,
        162,
        375,
        86,
        334,
        156,
        75,
        148,
        294,
        204,
        238,
        287,
        118,
        324,
        125,
        11,
        427,
        362,
        173,
        292,
        223,
        270,
        193,
        143,
        290,
        271,
        74,
        96,
        227,
        32,
        153,
        150,
        46,
        234,
        266,
        250,
        312,
        307,
        361,
        98,
        253,
        316,
        87,
        163,
        226,
        141,
        176,
        160,
        152,
        7,
        199,
        71,
        485,
        481,
        211,
        438,
        113,
        490,
        213,
        151,
        406,
        482,
        383,
        56,
        424,
        273,
        333,
        101,
        465,
        140,
        417,
        28,
        432,
        73,
        475,
        420,
        471,
        404,
        449,
        84,
        422,
        99,
        385,
        459,
        288,
        155,
        232,
        354,
        275,
        15,
        455,
        269,
        320,
        360,
        437,
        325,
        319,
        444,
        442,
        381,
        409,
        255,
        142,
        29,
        14,
        207,
        139,
        282,
        6,
        394,
        376,
        272,
        267,
        107,
        30,
        291,
        494,
        218,
        458,
        39,
        497,
        145,
        41,
        183,
        25,
        20,
        308,
        289,
        17,
        119,
        21,
        172,
        380,
        343,
        344,
        457,
        51,
        382,
        195,
        90,
        413,
        67,
        147,
        434,
        411,
        237,
        37,
        247,
        468,
        77,
        374,
        130,
        387,
        305,
        256,
        190,
        31,
        430,
        326,
        479,
        136,
        236,
        252,
        499,
        369,
        399,
        480,
        484,
        81,
        412,
        493,
        349,
        217,
        24,
        197,
        109,
        36,
        66,
        391,
        469,
        47,
        402,
        498,
        43,
        261,
        450,
        251,
        303,
        419,
        38,
        356,
        393,
        414,
        121,
        210,
        26,
        396,
        40,
        398,
        492,
        179,
        441,
        235,
        206,
        254,
        23,
        371,
        495,
        166,
        184,
        351,
        161,
        293,
        122,
        225,
        243,
        240,
        280,
        306,
        128,
        19,
        164,
        379,
        315,
        159,
        328,
        365,
        65,
        76,
        52,
        323,
        245,
        167,
        27,
        384,
        149,
        363,
        110,
        58,
        425,
        335,
        426,
        372,
        91,
        82,
        8,
        106,
        364,
        257,
        10,
        44,
        108,
        78,
        215,
        370,
        105,
        233,
        435,
        373,
        428,
        95,
        129,
        314,
        13,
        214,
        2,
        224,
        0,
        262,
        59,
        395,
        5,
        202,
        440,
        208,
        61,
        123,
        456,
        92,
        79,
        331,
        283,
        50,
        62,
        35,
        216,
        53,
        69,
        310,
        286,
        350,
        93,
        301,
        124,
        231,
        298,
        486,
        134,
        296,
        185,
        181,
        352,
        229,
        401,
        467,
        85,
        341,
        219,
        103,
        338,
        182,
        170,
        454,
        464,
        135,
        309,
        439,
        415,
        317,
        177,
        313,
        146,
        144,
        230,
        388,
        198,
        45,
        408,
        165,
        389,
        410,
        83,
        212,
        460,
        200,
        470,
        368,
        171,
        68,
        348,
        221,
        241,
        299,
        279,
        346,
        189,
        491,
        443,
        403,
        429,
        244,
        448,
        18,
        277,
        48,
        274,
        3,
        88,
        284,
        154,
        112,
        285,
        407,
        322,
        42,
        366,
        318,
        260,
        249,
        117,
        431,
        259,
        194,
        191,
        336,
        488,
        281,
        466,
        104,
        72,
        209,
        311,
        330,
        378,
        390,
        451,
        405,
        265,
        94,
        131,
        447,
        220,
        474,
        392,
        400,
        433,
        489,
        421,
        133,
        416,
        138,
        16,
        477,
        496,
        55,
        242,
        158,
        358,
        483,
        353,
        342,
        258,
        33,
        473,
        57,
        302,
        4,
        327,
        278,
        196,
        174,
        64,
        201,
        60,
        332,
        453,
        111,
        268,
        463,
        120,
        97,
        178,
        418,
        1,
        192,
        446,
        203,
        297,
        339,
        80,
        340,
        304,
        357,
        239,
        187,
        175,
        114,
        248,
        63,
        476,
        186,
        436,
        132,
        49,
        276,
        157,
        329,
        461,
        386,
        300,
        9,
        478,
        22
    ],
    "Nb of functions evaluations": 200010,
    "Computational time in seconds": 1028.6141829490662,
    "Stopping criterion in evaluations": 200000
}