13° run output:
{
    "Function": "euclidA500.tsp",
    "Problem dimension": [
        23,
        67,
        38,
        52,
        438,
        391,
        30,
        499,
        240,
        191,
        237,
        336,
        150,
        461,
        280,
        258,
        63,
        222,
        284,
        310,
        37,
        385,
        484,
        13,
        398,
        393,
        85,
        368,
        292,
        247,
        420,
        431,
        261,
        255,
        84,
        440,
        213,
        160,
        365,
        9,
        325,
        144,
        211,
        4,
        47,
        225,
        103,
        377,
        83,
        302,
        127,
        459,
        268,
        43,
        486,
        366,
        218,
        491,
        429,
        287,
        381,
        281,
        102,
        344,
        407,
        495,
        497,
        241,
        64,
        453,
        242,
        320,
        94,
        425,
        323,
        445,
        132,
        157,
        232,
        176,
        181,
        301,
        125,
        446,
        342,
        139,
        494,
        136,
        295,
        54,
        424,
        259,
        68,
        226,
        372,
        353,
        194,
        59,
        300,
        328,
        380,
        92,
        364,
        437,
        413,
        162,
        334,
        89,
        249,
        447,
        318,
        278,
        472,
        337,
        179,
        324,
        294,
        470,
        65,
        317,
        330,
        351,
        463,
        193,
        252,
        60,
        220,
        166,
        27,
        322,
        90,
        146,
        91,
        99,
        0,
        32,
        311,
        405,
        29,
        297,
        135,
        435,
        33,
        178,
        265,
        223,
        487,
        117,
        169,
        86,
        282,
        88,
        77,
        154,
        256,
        15,
        116,
        271,
        269,
        296,
        392,
        115,
        394,
        370,
        168,
        305,
        158,
        246,
        97,
        290,
        106,
        101,
        333,
        469,
        434,
        455,
        131,
        143,
        109,
        293,
        488,
        180,
        441,
        73,
        465,
        412,
        1,
        360,
        21,
        227,
        369,
        114,
        272,
        260,
        62,
        275,
        110,
        93,
        40,
        153,
        468,
        350,
        78,
        123,
        480,
        477,
        307,
        171,
        199,
        388,
        314,
        165,
        332,
        348,
        270,
        229,
        442,
        408,
        327,
        224,
        313,
        28,
        476,
        254,
        490,
        449,
        371,
        338,
        175,
        492,
        331,
        462,
        411,
        187,
        489,
        452,
        303,
        428,
        70,
        473,
        12,
        457,
        170,
        340,
        105,
        128,
        24,
        87,
        335,
        341,
        36,
        482,
        200,
        277,
        82,
        5,
        466,
        44,
        397,
        375,
        196,
        17,
        10,
        2,
        321,
        56,
        362,
        177,
        257,
        50,
        216,
        347,
        156,
        95,
        479,
        195,
        345,
        279,
        386,
        267,
        493,
        18,
        235,
        71,
        415,
        356,
        111,
        155,
        382,
        206,
        383,
        426,
        403,
        234,
        451,
        378,
        209,
        26,
        161,
        140,
        76,
        124,
        263,
        119,
        204,
        390,
        203,
        289,
        422,
        57,
        400,
        221,
        228,
        186,
        74,
        236,
        402,
        485,
        355,
        145,
        464,
        357,
        315,
        274,
        481,
        384,
        326,
        107,
        11,
        396,
        239,
        308,
        251,
        361,
        164,
        329,
        198,
        286,
        210,
        112,
        192,
        395,
        316,
        167,
        339,
        416,
        79,
        285,
        374,
        80,
        266,
        42,
        51,
        35,
        184,
        207,
        55,
        61,
        212,
        233,
        359,
        174,
        483,
        142,
        299,
        306,
        20,
        248,
        498,
        379,
        409,
        53,
        141,
        436,
        354,
        414,
        250,
        189,
        276,
        373,
        423,
        46,
        215,
        475,
        230,
        98,
        262,
        182,
        419,
        238,
        456,
        172,
        72,
        152,
        496,
        231,
        454,
        410,
        108,
        444,
        134,
        48,
        201,
        8,
        401,
        387,
        363,
        130,
        349,
        7,
        399,
        352,
        288,
        49,
        39,
        219,
        81,
        312,
        458,
        273,
        376,
        151,
        25,
        104,
        69,
        34,
        448,
        41,
        148,
        138,
        214,
        133,
        22,
        185,
        450,
        264,
        205,
        439,
        346,
        100,
        245,
        478,
        6,
        389,
        367,
        149,
        159,
        283,
        16,
        471,
        118,
        343,
        188,
        406,
        147,
        291,
        197,
        45,
        163,
        244,
        421,
        309,
        14,
        202,
        96,
        243,
        120,
        432,
        443,
        253,
        58,
        427,
        75,
        137,
        208,
        190,
        183,
        19,
        3,
        122,
        404,
        417,
        173,
        31,
        121,
        319,
        126,
        129,
        298,
        304,
        460,
        430,
        113,
        358,
        433,
        418,
        66,
        474,
        467,
        217
    ],
    "Global Optimum": 0,
    "Algorithm": "Genetic algorithm",
    "Parameters": {
        "population": 30,
        "offspring": 30,
        "mutation probability": 0.002,
        "crossover probability": 0.9
    },
    "Fitness": 604123,
    "Solution": [
        23,
        67,
        38,
        52,
        438,
        391,
        30,
        499,
        240,
        191,
        237,
        336,
        150,
        461,
        280,
        258,
        63,
        222,
        284,
        310,
        37,
        385,
        484,
        13,
        398,
        393,
        85,
        368,
        292,
        247,
        420,
        431,
        261,
        255,
        84,
        440,
        213,
        160,
        365,
        9,
        325,
        144,
        211,
        4,
        47,
        225,
        103,
        377,
        83,
        302,
        127,
        459,
        268,
        43,
        486,
        366,
        218,
        491,
        429,
        287,
        381,
        281,
        102,
        344,
        407,
        495,
        497,
        241,
        64,
        453,
        242,
        320,
        94,
        425,
        323,
        445,
        132,
        157,
        232,
        176,
        181,
        301,
        125,
        446,
        342,
        139,
        494,
        136,
        295,
        54,
        424,
        259,
        68,
        226,
        372,
        353,
        194,
        59,
        300,
        328,
        380,
        92,
        364,
        437,
        413,
        162,
        334,
        89,
        249,
        447,
        318,
        278,
        472,
        337,
        179,
        324,
        294,
        470,
        65,
        317,
        330,
        351,
        463,
        193,
        252,
        60,
        220,
        166,
        27,
        322,
        90,
        146,
        91,
        99,
        0,
        32,
        311,
        405,
        29,
        297,
        135,
        435,
        33,
        178,
        265,
        223,
        487,
        117,
        169,
        86,
        282,
        88,
        77,
        154,
        256,
        15,
        116,
        271,
        269,
        296,
        392,
        115,
        394,
        370,
        168,
        305,
        158,
        246,
        97,
        290,
        106,
        101,
        333,
        469,
        434,
        455,
        131,
        143,
        109,
        293,
        488,
        180,
        441,
        73,
        465,
        412,
        1,
        360,
        21,
        227,
        369,
        114,
        272,
        260,
        62,
        275,
        110,
        93,
        40,
        153,
        468,
        350,
        78,
        123,
        480,
        477,
        307,
        171,
        199,
        388,
        314,
        165,
        332,
        348,
        270,
        229,
        442,
        408,
        327,
        224,
        313,
        28,
        476,
        254,
        490,
        449,
        371,
        338,
        175,
        492,
        331,
        462,
        411,
        187,
        489,
        452,
        303,
        428,
        70,
        473,
        12,
        457,
        170,
        340,
        105,
        128,
        24,
        87,
        335,
        341,
        36,
        482,
        200,
        277,
        82,
        5,
        466,
        44,
        397,
        375,
        196,
        17,
        10,
        2,
        321,
        56,
        362,
        177,
        257,
        50,
        216,
        347,
        156,
        95,
        479,
        195,
        345,
        279,
        386,
        267,
        493,
        18,
        235,
        71,
        415,
        356,
        111,
        155,
        382,
        206,
        383,
        426,
        403,
        234,
        451,
        378,
        209,
        26,
        161,
        140,
        76,
        124,
        263,
        119,
        204,
        390,
        203,
        289,
        422,
        57,
        400,
        221,
        228,
        186,
        74,
        236,
        402,
        485,
        355,
        145,
        464,
        357,
        315,
        274,
        481,
        384,
        326,
        107,
        11,
        396,
        239,
        308,
        251,
        361,
        164,
        329,
        198,
        286,
        210,
        112,
        192,
        395,
        316,
        167,
        339,
        416,
        79,
        285,
        374,
        80,
        266,
        42,
        51,
        35,
        184,
        207,
        55,
        61,
        212,
        233,
        359,
        174,
        483,
        142,
        299,
        306,
        20,
        248,
        498,
        379,
        409,
        53,
        141,
        436,
        354,
        414,
        250,
        189,
        276,
        373,
        423,
        46,
        215,
        475,
        230,
        98,
        262,
        182,
        419,
        238,
        456,
        172,
        72,
        152,
        496,
        231,
        454,
        410,
        108,
        444,
        134,
        48,
        201,
        8,
        401,
        387,
        363,
        130,
        349,
        7,
        399,
        352,
        288,
        49,
        39,
        219,
        81,
        312,
        458,
        273,
        376,
        151,
        25,
        104,
        69,
        34,
        448,
        41,
        148,
        138,
        214,
        133,
        22,
        185,
        450,
        264,
        205,
        439,
        346,
        100,
        245,
        478,
        6,
        389,
        367,
        149,
        159,
        283,
        16,
        471,
        118,
        343,
        188,
        406,
        147,
        291,
        197,
        45,
        163,
        244,
        421,
        309,
        14,
        202,
        96,
        243,
        120,
        432,
        443,
        253,
        58,
        427,
        75,
        137,
        208,
        190,
        183,
        19,
        3,
        122,
        404,
        417,
        173,
        31,
        121,
        319,
        126,
        129,
        298,
        304,
        460,
        430,
        113,
        358,
        433,
        418,
        66,
        474,
        467,
        217
    ],
    "Nb of functions evaluations": 200010,
    "Computational time in seconds": 1006.7356812953949,
    "Stopping criterion in evaluations": 200000
}