18° run output:
{
    "Function": "euclidA500.tsp",
    "Problem dimension": [
        366,
        165,
        55,
        461,
        407,
        316,
        262,
        252,
        295,
        126,
        157,
        163,
        463,
        175,
        270,
        310,
        265,
        288,
        378,
        331,
        347,
        451,
        484,
        29,
        344,
        170,
        190,
        83,
        375,
        60,
        208,
        119,
        162,
        9,
        115,
        398,
        90,
        313,
        66,
        348,
        74,
        346,
        142,
        70,
        49,
        435,
        41,
        470,
        183,
        78,
        43,
        104,
        418,
        37,
        357,
        271,
        244,
        178,
        221,
        57,
        107,
        101,
        329,
        212,
        427,
        342,
        240,
        352,
        369,
        137,
        395,
        430,
        98,
        56,
        289,
        147,
        97,
        404,
        204,
        275,
        235,
        135,
        109,
        473,
        425,
        17,
        494,
        393,
        421,
        0,
        14,
        350,
        380,
        367,
        130,
        423,
        368,
        302,
        210,
        261,
        303,
        305,
        40,
        16,
        405,
        103,
        255,
        325,
        256,
        476,
        202,
        150,
        211,
        449,
        84,
        287,
        260,
        132,
        492,
        297,
        443,
        424,
        108,
        54,
        490,
        499,
        406,
        364,
        436,
        146,
        229,
        99,
        315,
        136,
        459,
        173,
        67,
        93,
        321,
        195,
        69,
        199,
        442,
        249,
        18,
        264,
        203,
        143,
        161,
        226,
        498,
        280,
        48,
        27,
        450,
        337,
        479,
        129,
        438,
        322,
        312,
        88,
        219,
        387,
        370,
        139,
        42,
        95,
        349,
        102,
        243,
        33,
        374,
        3,
        254,
        156,
        151,
        179,
        294,
        20,
        94,
        224,
        340,
        336,
        307,
        35,
        113,
        4,
        468,
        268,
        125,
        318,
        72,
        188,
        372,
        159,
        155,
        13,
        133,
        100,
        26,
        32,
        462,
        122,
        358,
        62,
        460,
        91,
        343,
        81,
        401,
        446,
        311,
        274,
        328,
        51,
        192,
        464,
        376,
        23,
        385,
        227,
        223,
        217,
        21,
        471,
        194,
        31,
        141,
        495,
        465,
        290,
        186,
        431,
        201,
        284,
        220,
        112,
        234,
        391,
        77,
        184,
        87,
        140,
        381,
        276,
        273,
        458,
        411,
        452,
        2,
        118,
        213,
        8,
        144,
        248,
        236,
        353,
        365,
        440,
        455,
        359,
        167,
        394,
        279,
        89,
        218,
        330,
        400,
        25,
        215,
        154,
        332,
        114,
        152,
        19,
        486,
        59,
        214,
        46,
        117,
        345,
        390,
        447,
        10,
        251,
        360,
        198,
        320,
        246,
        293,
        177,
        189,
        153,
        193,
        238,
        171,
        403,
        239,
        362,
        472,
        205,
        233,
        24,
        237,
        80,
        453,
        408,
        182,
        386,
        383,
        371,
        415,
        356,
        11,
        422,
        53,
        206,
        384,
        52,
        28,
        200,
        444,
        63,
        351,
        230,
        181,
        319,
        76,
        334,
        382,
        466,
        355,
        216,
        166,
        497,
        428,
        120,
        429,
        180,
        209,
        299,
        396,
        341,
        58,
        64,
        79,
        111,
        333,
        339,
        457,
        128,
        480,
        282,
        477,
        402,
        300,
        301,
        392,
        228,
        314,
        38,
        185,
        121,
        475,
        485,
        338,
        409,
        39,
        145,
        225,
        324,
        469,
        148,
        414,
        247,
        61,
        481,
        478,
        149,
        127,
        434,
        131,
        269,
        197,
        410,
        413,
        158,
        15,
        257,
        309,
        277,
        86,
        124,
        456,
        419,
        6,
        286,
        110,
        496,
        420,
        160,
        241,
        7,
        207,
        379,
        106,
        285,
        263,
        388,
        65,
        283,
        412,
        417,
        50,
        377,
        335,
        116,
        437,
        75,
        73,
        483,
        291,
        68,
        491,
        259,
        399,
        196,
        432,
        191,
        296,
        448,
        266,
        416,
        250,
        134,
        327,
        187,
        253,
        298,
        245,
        172,
        45,
        292,
        242,
        258,
        308,
        493,
        123,
        323,
        138,
        317,
        441,
        96,
        34,
        489,
        168,
        467,
        22,
        92,
        433,
        439,
        44,
        363,
        5,
        454,
        326,
        222,
        12,
        426,
        105,
        487,
        169,
        304,
        445,
        47,
        272,
        482,
        36,
        232,
        30,
        71,
        1,
        361,
        306,
        174,
        278,
        397,
        267,
        373,
        231,
        281,
        176,
        474,
        82,
        85,
        389,
        354,
        488,
        164
    ],
    "Global Optimum": 0,
    "Algorithm": "Genetic algorithm",
    "Parameters": {
        "population": 30,
        "offspring": 30,
        "mutation probability": 0.002,
        "crossover probability": 0.9
    },
    "Fitness": 624288,
    "Solution": [
        366,
        165,
        55,
        461,
        407,
        316,
        262,
        252,
        295,
        126,
        157,
        163,
        463,
        175,
        270,
        310,
        265,
        288,
        378,
        331,
        347,
        451,
        484,
        29,
        344,
        170,
        190,
        83,
        375,
        60,
        208,
        119,
        162,
        9,
        115,
        398,
        90,
        313,
        66,
        348,
        74,
        346,
        142,
        70,
        49,
        435,
        41,
        470,
        183,
        78,
        43,
        104,
        418,
        37,
        357,
        271,
        244,
        178,
        221,
        57,
        107,
        101,
        329,
        212,
        427,
        342,
        240,
        352,
        369,
        137,
        395,
        430,
        98,
        56,
        289,
        147,
        97,
        404,
        204,
        275,
        235,
        135,
        109,
        473,
        425,
        17,
        494,
        393,
        421,
        0,
        14,
        350,
        380,
        367,
        130,
        423,
        368,
        302,
        210,
        261,
        303,
        305,
        40,
        16,
        405,
        103,
        255,
        325,
        256,
        476,
        202,
        150,
        211,
        449,
        84,
        287,
        260,
        132,
        492,
        297,
        443,
        424,
        108,
        54,
        490,
        499,
        406,
        364,
        436,
        146,
        229,
        99,
        315,
        136,
        459,
        173,
        67,
        93,
        321,
        195,
        69,
        199,
        442,
        249,
        18,
        264,
        203,
        143,
        161,
        226,
        498,
        280,
        48,
        27,
        450,
        337,
        479,
        129,
        438,
        322,
        312,
        88,
        219,
        387,
        370,
        139,
        42,
        95,
        349,
        102,
        243,
        33,
        374,
        3,
        254,
        156,
        151,
        179,
        294,
        20,
        94,
        224,
        340,
        336,
        307,
        35,
        113,
        4,
        468,
        268,
        125,
        318,
        72,
        188,
        372,
        159,
        155,
        13,
        133,
        100,
        26,
        32,
        462,
        122,
        358,
        62,
        460,
        91,
        343,
        81,
        401,
        446,
        311,
        274,
        328,
        51,
        192,
        464,
        376,
        23,
        385,
        227,
        223,
        217,
        21,
        471,
        194,
        31,
        141,
        495,
        465,
        290,
        186,
        431,
        201,
        284,
        220,
        112,
        234,
        391,
        77,
        184,
        87,
        140,
        381,
        276,
        273,
        458,
        411,
        452,
        2,
        118,
        213,
        8,
        144,
        248,
        236,
        353,
        365,
        440,
        455,
        359,
        167,
        394,
        279,
        89,
        218,
        330,
        400,
        25,
        215,
        154,
        332,
        114,
        152,
        19,
        486,
        59,
        214,
        46,
        117,
        345,
        390,
        447,
        10,
        251,
        360,
        198,
        320,
        246,
        293,
        177,
        189,
        153,
        193,
        238,
        171,
        403,
        239,
        362,
        472,
        205,
        233,
        24,
        237,
        80,
        453,
        408,
        182,
        386,
        383,
        371,
        415,
        356,
        11,
        422,
        53,
        206,
        384,
        52,
        28,
        200,
        444,
        63,
        351,
        230,
        181,
        319,
        76,
        334,
        382,
        466,
        355,
        216,
        166,
        497,
        428,
        120,
        429,
        180,
        209,
        299,
        396,
        341,
        58,
        64,
        79,
        111,
        333,
        339,
        457,
        128,
        480,
        282,
        477,
        402,
        300,
        301,
        392,
        228,
        314,
        38,
        185,
        121,
        475,
        485,
        338,
        409,
        39,
        145,
        225,
        324,
        469,
        148,
        414,
        247,
        61,
        481,
        478,
        149,
        127,
        434,
        131,
        269,
        197,
        410,
        413,
        158,
        15,
        257,
        309,
        277,
        86,
        124,
        456,
        419,
        6,
        286,
        110,
        496,
        420,
        160,
        241,
        7,
        207,
        379,
        106,
        285,
        263,
        388,
        65,
        283,
        412,
        417,
        50,
        377,
        335,
        116,
        437,
        75,
        73,
        483,
        291,
        68,
        491,
        259,
        399,
        196,
        432,
        191,
        296,
        448,
        266,
        416,
        250,
        134,
        327,
        187,
        253,
        298,
        245,
        172,
        45,
        292,
        242,
        258,
        308,
        493,
        123,
        323,
        138,
        317,
        441,
        96,
        34,
        489,
        168,
        467,
        22,
        92,
        433,
        439,
        44,
        363,
        5,
        454,
        326,
        222,
        12,
        426,
        105,
        487,
        169,
        304,
        445,
        47,
        272,
        482,
        36,
        232,
        30,
        71,
        1,
        361,
        306,
        174,
        278,
        397,
        267,
        373,
        231,
        281,
        176,
        474,
        82,
        85,
        389,
        354,
        488,
        164
    ],
    "Nb of functions evaluations": 200010,
    "Computational time in seconds": 1013.8708939552307,
    "Stopping criterion in evaluations": 200000
}