27° run output:
{
    "Function": "euclidA500.tsp",
    "Problem dimension": [
        126,
        480,
        481,
        365,
        495,
        134,
        492,
        455,
        347,
        114,
        335,
        469,
        61,
        97,
        362,
        253,
        437,
        276,
        177,
        121,
        54,
        344,
        216,
        59,
        451,
        146,
        404,
        301,
        102,
        132,
        135,
        320,
        45,
        17,
        292,
        238,
        193,
        174,
        400,
        105,
        51,
        257,
        412,
        203,
        331,
        445,
        169,
        90,
        22,
        364,
        433,
        233,
        474,
        325,
        149,
        366,
        463,
        143,
        32,
        273,
        48,
        477,
        419,
        58,
        464,
        206,
        312,
        28,
        282,
        185,
        360,
        269,
        188,
        207,
        290,
        173,
        184,
        1,
        71,
        310,
        348,
        49,
        266,
        92,
        101,
        345,
        277,
        213,
        191,
        291,
        160,
        490,
        467,
        95,
        409,
        280,
        24,
        260,
        330,
        488,
        68,
        322,
        283,
        494,
        208,
        461,
        429,
        14,
        145,
        249,
        220,
        93,
        306,
        448,
        55,
        27,
        405,
        499,
        251,
        435,
        179,
        137,
        41,
        38,
        151,
        218,
        37,
        355,
        221,
        85,
        487,
        20,
        150,
        422,
        439,
        287,
        210,
        390,
        12,
        417,
        98,
        398,
        265,
        176,
        328,
        431,
        319,
        165,
        342,
        372,
        47,
        385,
        349,
        354,
        246,
        278,
        418,
        296,
        468,
        256,
        141,
        318,
        272,
        346,
        230,
        241,
        264,
        231,
        197,
        123,
        285,
        454,
        57,
        427,
        384,
        186,
        396,
        370,
        406,
        376,
        128,
        381,
        498,
        368,
        379,
        271,
        136,
        352,
        161,
        281,
        386,
        316,
        240,
        50,
        198,
        122,
        201,
        486,
        34,
        321,
        315,
        162,
        441,
        460,
        183,
        131,
        324,
        8,
        10,
        443,
        329,
        168,
        457,
        224,
        77,
        187,
        180,
        299,
        171,
        361,
        353,
        209,
        473,
        46,
        62,
        200,
        232,
        80,
        175,
        382,
        465,
        94,
        222,
        21,
        181,
        340,
        452,
        225,
        438,
        108,
        428,
        157,
        358,
        120,
        65,
        472,
        261,
        489,
        39,
        182,
        363,
        420,
        268,
        356,
        425,
        227,
        96,
        43,
        462,
        70,
        252,
        459,
        78,
        311,
        244,
        63,
        79,
        387,
        18,
        52,
        16,
        408,
        258,
        470,
        67,
        383,
        407,
        332,
        167,
        117,
        113,
        237,
        236,
        124,
        112,
        479,
        190,
        72,
        133,
        109,
        397,
        309,
        421,
        434,
        430,
        195,
        154,
        155,
        82,
        245,
        127,
        104,
        255,
        359,
        247,
        336,
        410,
        307,
        471,
        444,
        111,
        391,
        449,
        259,
        389,
        350,
        317,
        401,
        130,
        476,
        270,
        217,
        341,
        116,
        138,
        250,
        229,
        414,
        493,
        426,
        159,
        69,
        35,
        26,
        76,
        4,
        66,
        53,
        199,
        262,
        423,
        300,
        84,
        394,
        326,
        483,
        395,
        497,
        142,
        140,
        413,
        293,
        242,
        7,
        308,
        88,
        178,
        226,
        388,
        313,
        81,
        304,
        129,
        31,
        33,
        103,
        75,
        5,
        447,
        485,
        228,
        303,
        6,
        219,
        393,
        44,
        23,
        172,
        295,
        446,
        334,
        40,
        87,
        369,
        466,
        254,
        491,
        11,
        371,
        144,
        9,
        106,
        442,
        235,
        378,
        29,
        64,
        377,
        118,
        380,
        450,
        189,
        148,
        194,
        367,
        374,
        403,
        166,
        274,
        223,
        42,
        100,
        284,
        496,
        294,
        152,
        99,
        432,
        115,
        60,
        164,
        19,
        343,
        158,
        243,
        107,
        373,
        13,
        436,
        456,
        415,
        440,
        196,
        83,
        91,
        411,
        289,
        89,
        327,
        211,
        416,
        478,
        279,
        86,
        248,
        73,
        15,
        170,
        323,
        267,
        286,
        375,
        338,
        110,
        239,
        147,
        402,
        333,
        56,
        351,
        302,
        119,
        3,
        399,
        202,
        139,
        288,
        453,
        0,
        204,
        125,
        357,
        192,
        337,
        25,
        74,
        2,
        36,
        156,
        214,
        305,
        30,
        475,
        263,
        482,
        234,
        205,
        298,
        163,
        153,
        339,
        458,
        275,
        297,
        215,
        314,
        484,
        392,
        212,
        424
    ],
    "Global Optimum": 0,
    "Algorithm": "Genetic algorithm",
    "Parameters": {
        "population": 30,
        "offspring": 30,
        "mutation probability": 0.002,
        "crossover probability": 0.9
    },
    "Fitness": 609628,
    "Solution": [
        126,
        480,
        481,
        365,
        495,
        134,
        492,
        455,
        347,
        114,
        335,
        469,
        61,
        97,
        362,
        253,
        437,
        276,
        177,
        121,
        54,
        344,
        216,
        59,
        451,
        146,
        404,
        301,
        102,
        132,
        135,
        320,
        45,
        17,
        292,
        238,
        193,
        174,
        400,
        105,
        51,
        257,
        412,
        203,
        331,
        445,
        169,
        90,
        22,
        364,
        433,
        233,
        474,
        325,
        149,
        366,
        463,
        143,
        32,
        273,
        48,
        477,
        419,
        58,
        464,
        206,
        312,
        28,
        282,
        185,
        360,
        269,
        188,
        207,
        290,
        173,
        184,
        1,
        71,
        310,
        348,
        49,
        266,
        92,
        101,
        345,
        277,
        213,
        191,
        291,
        160,
        490,
        467,
        95,
        409,
        280,
        24,
        260,
        330,
        488,
        68,
        322,
        283,
        494,
        208,
        461,
        429,
        14,
        145,
        249,
        220,
        93,
        306,
        448,
        55,
        27,
        405,
        499,
        251,
        435,
        179,
        137,
        41,
        38,
        151,
        218,
        37,
        355,
        221,
        85,
        487,
        20,
        150,
        422,
        439,
        287,
        210,
        390,
        12,
        417,
        98,
        398,
        265,
        176,
        328,
        431,
        319,
        165,
        342,
        372,
        47,
        385,
        349,
        354,
        246,
        278,
        418,
        296,
        468,
        256,
        141,
        318,
        272,
        346,
        230,
        241,
        264,
        231,
        197,
        123,
        285,
        454,
        57,
        427,
        384,
        186,
        396,
        370,
        406,
        376,
        128,
        381,
        498,
        368,
        379,
        271,
        136,
        352,
        161,
        281,
        386,
        316,
        240,
        50,
        198,
        122,
        201,
        486,
        34,
        321,
        315,
        162,
        441,
        460,
        183,
        131,
        324,
        8,
        10,
        443,
        329,
        168,
        457,
        224,
        77,
        187,
        180,
        299,
        171,
        361,
        353,
        209,
        473,
        46,
        62,
        200,
        232,
        80,
        175,
        382,
        465,
        94,
        222,
        21,
        181,
        340,
        452,
        225,
        438,
        108,
        428,
        157,
        358,
        120,
        65,
        472,
        261,
        489,
        39,
        182,
        363,
        420,
        268,
        356,
        425,
        227,
        96,
        43,
        462,
        70,
        252,
        459,
        78,
        311,
        244,
        63,
        79,
        387,
        18,
        52,
        16,
        408,
        258,
        470,
        67,
        383,
        407,
        332,
        167,
        117,
        113,
        237,
        236,
        124,
        112,
        479,
        190,
        72,
        133,
        109,
        397,
        309,
        421,
        434,
        430,
        195,
        154,
        155,
        82,
        245,
        127,
        104,
        255,
        359,
        247,
        336,
        410,
        307,
        471,
        444,
        111,
        391,
        449,
        259,
        389,
        350,
        317,
        401,
        130,
        476,
        270,
        217,
        341,
        116,
        138,
        250,
        229,
        414,
        493,
        426,
        159,
        69,
        35,
        26,
        76,
        4,
        66,
        53,
        199,
        262,
        423,
        300,
        84,
        394,
        326,
        483,
        395,
        497,
        142,
        140,
        413,
        293,
        242,
        7,
        308,
        88,
        178,
        226,
        388,
        313,
        81,
        304,
        129,
        31,
        33,
        103,
        75,
        5,
        447,
        485,
        228,
        303,
        6,
        219,
        393,
        44,
        23,
        172,
        295,
        446,
        334,
        40,
        87,
        369,
        466,
        254,
        491,
        11,
        371,
        144,
        9,
        106,
        442,
        235,
        378,
        29,
        64,
        377,
        118,
        380,
        450,
        189,
        148,
        194,
        367,
        374,
        403,
        166,
        274,
        223,
        42,
        100,
        284,
        496,
        294,
        152,
        99,
        432,
        115,
        60,
        164,
        19,
        343,
        158,
        243,
        107,
        373,
        13,
        436,
        456,
        415,
        440,
        196,
        83,
        91,
        411,
        289,
        89,
        327,
        211,
        416,
        478,
        279,
        86,
        248,
        73,
        15,
        170,
        323,
        267,
        286,
        375,
        338,
        110,
        239,
        147,
        402,
        333,
        56,
        351,
        302,
        119,
        3,
        399,
        202,
        139,
        288,
        453,
        0,
        204,
        125,
        357,
        192,
        337,
        25,
        74,
        2,
        36,
        156,
        214,
        305,
        30,
        475,
        263,
        482,
        234,
        205,
        298,
        163,
        153,
        339,
        458,
        275,
        297,
        215,
        314,
        484,
        392,
        212,
        424
    ],
    "Nb of functions evaluations": 200010,
    "Computational time in seconds": 1032.2366616725922,
    "Stopping criterion in evaluations": 200000
}