2° run output:
{
    "Function": "euclidA500.tsp",
    "Problem dimension": [
        490,
        466,
        366,
        3,
        112,
        4,
        140,
        117,
        430,
        106,
        246,
        168,
        200,
        7,
        49,
        81,
        37,
        114,
        99,
        0,
        338,
        433,
        48,
        313,
        256,
        428,
        178,
        60,
        146,
        28,
        323,
        459,
        455,
        378,
        107,
        475,
        302,
        111,
        15,
        32,
        391,
        128,
        70,
        381,
        277,
        105,
        63,
        480,
        165,
        142,
        194,
        73,
        447,
        132,
        248,
        93,
        306,
        465,
        484,
        360,
        92,
        458,
        236,
        1,
        187,
        9,
        145,
        304,
        78,
        357,
        317,
        329,
        237,
        311,
        452,
        301,
        271,
        64,
        318,
        275,
        460,
        472,
        157,
        205,
        359,
        499,
        179,
        77,
        84,
        353,
        424,
        204,
        177,
        445,
        337,
        331,
        257,
        427,
        98,
        191,
        462,
        364,
        147,
        152,
        169,
        133,
        463,
        469,
        167,
        374,
        247,
        176,
        227,
        20,
        310,
        83,
        126,
        416,
        349,
        115,
        230,
        51,
        344,
        327,
        201,
        314,
        232,
        138,
        444,
        233,
        368,
        435,
        400,
        188,
        231,
        2,
        36,
        192,
        316,
        341,
        319,
        206,
        376,
        58,
        389,
        102,
        180,
        161,
        419,
        31,
        38,
        276,
        241,
        240,
        399,
        441,
        79,
        207,
        382,
        470,
        486,
        347,
        414,
        158,
        333,
        203,
        268,
        71,
        451,
        170,
        89,
        186,
        101,
        440,
        160,
        199,
        183,
        54,
        450,
        292,
        174,
        52,
        72,
        308,
        352,
        402,
        429,
        221,
        19,
        164,
        16,
        412,
        97,
        415,
        136,
        348,
        393,
        250,
        392,
        264,
        252,
        148,
        104,
        274,
        68,
        10,
        149,
        209,
        55,
        321,
        282,
        272,
        121,
        91,
        39,
        130,
        124,
        269,
        34,
        27,
        388,
        369,
        14,
        387,
        129,
        40,
        384,
        116,
        432,
        401,
        367,
        295,
        47,
        343,
        383,
        365,
        139,
        379,
        30,
        320,
        18,
        335,
        278,
        75,
        245,
        190,
        225,
        45,
        438,
        346,
        489,
        422,
        448,
        59,
        53,
        330,
        477,
        239,
        202,
        150,
        299,
        488,
        334,
        279,
        110,
        354,
        243,
        288,
        325,
        8,
        42,
        193,
        208,
        41,
        229,
        283,
        442,
        251,
        464,
        476,
        238,
        258,
        266,
        95,
        423,
        90,
        483,
        29,
        12,
        263,
        474,
        370,
        436,
        345,
        358,
        290,
        312,
        86,
        371,
        270,
        211,
        498,
        396,
        85,
        390,
        66,
        155,
        213,
        411,
        65,
        113,
        305,
        103,
        485,
        397,
        56,
        420,
        172,
        210,
        446,
        135,
        285,
        184,
        267,
        431,
        17,
        491,
        80,
        125,
        108,
        44,
        356,
        449,
        324,
        495,
        120,
        226,
        127,
        377,
        254,
        405,
        496,
        197,
        222,
        473,
        303,
        309,
        421,
        223,
        162,
        362,
        417,
        62,
        154,
        122,
        293,
        13,
        219,
        296,
        363,
        410,
        143,
        409,
        461,
        242,
        185,
        50,
        195,
        281,
        69,
        137,
        260,
        166,
        492,
        373,
        182,
        76,
        11,
        61,
        493,
        322,
        355,
        96,
        198,
        494,
        151,
        196,
        385,
        21,
        153,
        339,
        119,
        350,
        478,
        74,
        259,
        372,
        57,
        141,
        487,
        408,
        437,
        439,
        118,
        175,
        67,
        297,
        443,
        380,
        244,
        425,
        215,
        386,
        434,
        228,
        22,
        25,
        100,
        361,
        413,
        82,
        234,
        43,
        23,
        273,
        284,
        220,
        481,
        46,
        395,
        289,
        171,
        216,
        35,
        454,
        253,
        457,
        482,
        5,
        261,
        287,
        351,
        262,
        291,
        181,
        212,
        144,
        426,
        300,
        315,
        87,
        214,
        224,
        156,
        307,
        265,
        456,
        109,
        471,
        336,
        332,
        403,
        249,
        394,
        326,
        404,
        218,
        189,
        398,
        340,
        123,
        298,
        497,
        407,
        418,
        134,
        294,
        453,
        217,
        24,
        280,
        88,
        6,
        467,
        235,
        94,
        131,
        328,
        33,
        342,
        286,
        255,
        26,
        406,
        159,
        163,
        375,
        479,
        468,
        173
    ],
    "Global Optimum": 0,
    "Algorithm": "Genetic algorithm",
    "Parameters": {
        "population": 30,
        "offspring": 30,
        "mutation probability": 0.002,
        "crossover probability": 0.9
    },
    "Fitness": 608460,
    "Solution": [
        490,
        466,
        366,
        3,
        112,
        4,
        140,
        117,
        430,
        106,
        246,
        168,
        200,
        7,
        49,
        81,
        37,
        114,
        99,
        0,
        338,
        433,
        48,
        313,
        256,
        428,
        178,
        60,
        146,
        28,
        323,
        459,
        455,
        378,
        107,
        475,
        302,
        111,
        15,
        32,
        391,
        128,
        70,
        381,
        277,
        105,
        63,
        480,
        165,
        142,
        194,
        73,
        447,
        132,
        248,
        93,
        306,
        465,
        484,
        360,
        92,
        458,
        236,
        1,
        187,
        9,
        145,
        304,
        78,
        357,
        317,
        329,
        237,
        311,
        452,
        301,
        271,
        64,
        318,
        275,
        460,
        472,
        157,
        205,
        359,
        499,
        179,
        77,
        84,
        353,
        424,
        204,
        177,
        445,
        337,
        331,
        257,
        427,
        98,
        191,
        462,
        364,
        147,
        152,
        169,
        133,
        463,
        469,
        167,
        374,
        247,
        176,
        227,
        20,
        310,
        83,
        126,
        416,
        349,
        115,
        230,
        51,
        344,
        327,
        201,
        314,
        232,
        138,
        444,
        233,
        368,
        435,
        400,
        188,
        231,
        2,
        36,
        192,
        316,
        341,
        319,
        206,
        376,
        58,
        389,
        102,
        180,
        161,
        419,
        31,
        38,
        276,
        241,
        240,
        399,
        441,
        79,
        207,
        382,
        470,
        486,
        347,
        414,
        158,
        333,
        203,
        268,
        71,
        451,
        170,
        89,
        186,
        101,
        440,
        160,
        199,
        183,
        54,
        450,
        292,
        174,
        52,
        72,
        308,
        352,
        402,
        429,
        221,
        19,
        164,
        16,
        412,
        97,
        415,
        136,
        348,
        393,
        250,
        392,
        264,
        252,
        148,
        104,
        274,
        68,
        10,
        149,
        209,
        55,
        321,
        282,
        272,
        121,
        91,
        39,
        130,
        124,
        269,
        34,
        27,
        388,
        369,
        14,
        387,
        129,
        40,
        384,
        116,
        432,
        401,
        367,
        295,
        47,
        343,
        383,
        365,
        139,
        379,
        30,
        320,
        18,
        335,
        278,
        75,
        245,
        190,
        225,
        45,
        438,
        346,
        489,
        422,
        448,
        59,
        53,
        330,
        477,
        239,
        202,
        150,
        299,
        488,
        334,
        279,
        110,
        354,
        243,
        288,
        325,
        8,
        42,
        193,
        208,
        41,
        229,
        283,
        442,
        251,
        464,
        476,
        238,
        258,
        266,
        95,
        423,
        90,
        483,
        29,
        12,
        263,
        474,
        370,
        436,
        345,
        358,
        290,
        312,
        86,
        371,
        270,
        211,
        498,
        396,
        85,
        390,
        66,
        155,
        213,
        411,
        65,
        113,
        305,
        103,
        485,
        397,
        56,
        420,
        172,
        210,
        446,
        135,
        285,
        184,
        267,
        431,
        17,
        491,
        80,
        125,
        108,
        44,
        356,
        449,
        324,
        495,
        120,
        226,
        127,
        377,
        254,
        405,
        496,
        197,
        222,
        473,
        303,
        309,
        421,
        223,
        162,
        362,
        417,
        62,
        154,
        122,
        293,
        13,
        219,
        296,
        363,
        410,
        143,
        409,
        461,
        242,
        185,
        50,
        195,
        281,
        69,
        137,
        260,
        166,
        492,
        373,
        182,
        76,
        11,
        61,
        493,
        322,
        355,
        96,
        198,
        494,
        151,
        196,
        385,
        21,
        153,
        339,
        119,
        350,
        478,
        74,
        259,
        372,
        57,
        141,
        487,
        408,
        437,
        439,
        118,
        175,
        67,
        297,
        443,
        380,
        244,
        425,
        215,
        386,
        434,
        228,
        22,
        25,
        100,
        361,
        413,
        82,
        234,
        43,
        23,
        273,
        284,
        220,
        481,
        46,
        395,
        289,
        171,
        216,
        35,
        454,
        253,
        457,
        482,
        5,
        261,
        287,
        351,
        262,
        291,
        181,
        212,
        144,
        426,
        300,
        315,
        87,
        214,
        224,
        156,
        307,
        265,
        456,
        109,
        471,
        336,
        332,
        403,
        249,
        394,
        326,
        404,
        218,
        189,
        398,
        340,
        123,
        298,
        497,
        407,
        418,
        134,
        294,
        453,
        217,
        24,
        280,
        88,
        6,
        467,
        235,
        94,
        131,
        328,
        33,
        342,
        286,
        255,
        26,
        406,
        159,
        163,
        375,
        479,
        468,
        173
    ],
    "Nb of functions evaluations": 200010,
    "Computational time in seconds": 1011.5099000930786,
    "Stopping criterion in evaluations": 200000
}