30° run output:
{
    "Function": "euclidA500.tsp",
    "Problem dimension": [
        113,
        404,
        23,
        324,
        262,
        160,
        489,
        409,
        319,
        173,
        225,
        401,
        257,
        424,
        0,
        294,
        170,
        293,
        479,
        140,
        497,
        362,
        193,
        158,
        204,
        214,
        364,
        17,
        120,
        476,
        212,
        356,
        464,
        289,
        9,
        407,
        117,
        450,
        81,
        115,
        435,
        475,
        132,
        291,
        456,
        274,
        403,
        25,
        453,
        119,
        358,
        104,
        60,
        328,
        375,
        429,
        242,
        443,
        420,
        412,
        438,
        130,
        189,
        441,
        240,
        280,
        238,
        197,
        277,
        49,
        3,
        152,
        494,
        312,
        418,
        372,
        88,
        279,
        31,
        30,
        105,
        345,
        304,
        20,
        366,
        7,
        148,
        297,
        408,
        411,
        480,
        235,
        421,
        149,
        332,
        21,
        266,
        445,
        265,
        310,
        217,
        108,
        98,
        422,
        470,
        315,
        226,
        52,
        321,
        300,
        200,
        458,
        211,
        306,
        114,
        351,
        43,
        16,
        484,
        442,
        406,
        229,
        162,
        451,
        318,
        174,
        178,
        292,
        33,
        39,
        131,
        463,
        246,
        390,
        368,
        19,
        465,
        181,
        80,
        342,
        320,
        339,
        387,
        349,
        125,
        172,
        329,
        343,
        28,
        469,
        8,
        468,
        109,
        495,
        186,
        473,
        118,
        491,
        493,
        305,
        85,
        100,
        269,
        35,
        327,
        230,
        488,
        79,
        399,
        38,
        268,
        106,
        263,
        247,
        496,
        90,
        73,
        96,
        48,
        188,
        452,
        40,
        344,
        379,
        255,
        161,
        34,
        248,
        448,
        202,
        482,
        70,
        55,
        402,
        276,
        290,
        78,
        415,
        84,
        143,
        228,
        27,
        346,
        42,
        296,
        54,
        303,
        203,
        250,
        237,
        423,
        330,
        32,
        313,
        222,
        281,
        169,
        63,
        307,
        337,
        123,
        65,
        110,
        323,
        249,
        176,
        142,
        101,
        95,
        478,
        165,
        433,
        14,
        483,
        11,
        314,
        434,
        154,
        223,
        385,
        392,
        309,
        416,
        175,
        2,
        91,
        53,
        365,
        41,
        99,
        93,
        340,
        410,
        220,
        374,
        57,
        474,
        233,
        273,
        133,
        68,
        380,
        205,
        182,
        271,
        459,
        12,
        22,
        264,
        285,
        71,
        454,
        159,
        471,
        275,
        462,
        377,
        187,
        485,
        251,
        427,
        331,
        46,
        134,
        1,
        29,
        253,
        355,
        336,
        322,
        417,
        447,
        455,
        77,
        227,
        76,
        86,
        139,
        400,
        36,
        192,
        267,
        62,
        180,
        171,
        419,
        492,
        221,
        185,
        440,
        47,
        352,
        37,
        373,
        4,
        490,
        213,
        370,
        89,
        141,
        51,
        224,
        15,
        437,
        460,
        302,
        426,
        58,
        413,
        97,
        107,
        286,
        252,
        163,
        357,
        166,
        335,
        111,
        354,
        146,
        150,
        72,
        393,
        282,
        405,
        466,
        359,
        472,
        283,
        298,
        498,
        137,
        138,
        218,
        87,
        389,
        367,
        254,
        425,
        499,
        56,
        446,
        44,
        232,
        75,
        121,
        326,
        350,
        195,
        386,
        381,
        66,
        348,
        126,
        360,
        449,
        395,
        5,
        241,
        164,
        190,
        191,
        361,
        272,
        382,
        64,
        383,
        259,
        127,
        287,
        258,
        26,
        270,
        295,
        94,
        388,
        18,
        288,
        67,
        244,
        353,
        201,
        299,
        260,
        457,
        153,
        122,
        317,
        486,
        333,
        467,
        219,
        234,
        391,
        334,
        177,
        6,
        325,
        103,
        145,
        124,
        24,
        209,
        236,
        199,
        147,
        151,
        376,
        444,
        311,
        167,
        397,
        183,
        136,
        371,
        239,
        394,
        231,
        384,
        243,
        363,
        155,
        316,
        184,
        347,
        13,
        301,
        256,
        398,
        144,
        168,
        10,
        156,
        369,
        69,
        461,
        278,
        378,
        216,
        129,
        341,
        82,
        208,
        432,
        487,
        430,
        128,
        431,
        284,
        414,
        196,
        477,
        59,
        396,
        215,
        50,
        45,
        92,
        83,
        157,
        245,
        102,
        135,
        179,
        481,
        436,
        308,
        194,
        61,
        210,
        116,
        428,
        338,
        112,
        206,
        261,
        207,
        439,
        198,
        74
    ],
    "Global Optimum": 0,
    "Algorithm": "Genetic algorithm",
    "Parameters": {
        "population": 30,
        "offspring": 30,
        "mutation probability": 0.002,
        "crossover probability": 0.9
    },
    "Fitness": 605139,
    "Solution": [
        113,
        404,
        23,
        324,
        262,
        160,
        489,
        409,
        319,
        173,
        225,
        401,
        257,
        424,
        0,
        294,
        170,
        293,
        479,
        140,
        497,
        362,
        193,
        158,
        204,
        214,
        364,
        17,
        120,
        476,
        212,
        356,
        464,
        289,
        9,
        407,
        117,
        450,
        81,
        115,
        435,
        475,
        132,
        291,
        456,
        274,
        403,
        25,
        453,
        119,
        358,
        104,
        60,
        328,
        375,
        429,
        242,
        443,
        420,
        412,
        438,
        130,
        189,
        441,
        240,
        280,
        238,
        197,
        277,
        49,
        3,
        152,
        494,
        312,
        418,
        372,
        88,
        279,
        31,
        30,
        105,
        345,
        304,
        20,
        366,
        7,
        148,
        297,
        408,
        411,
        480,
        235,
        421,
        149,
        332,
        21,
        266,
        445,
        265,
        310,
        217,
        108,
        98,
        422,
        470,
        315,
        226,
        52,
        321,
        300,
        200,
        458,
        211,
        306,
        114,
        351,
        43,
        16,
        484,
        442,
        406,
        229,
        162,
        451,
        318,
        174,
        178,
        292,
        33,
        39,
        131,
        463,
        246,
        390,
        368,
        19,
        465,
        181,
        80,
        342,
        320,
        339,
        387,
        349,
        125,
        172,
        329,
        343,
        28,
        469,
        8,
        468,
        109,
        495,
        186,
        473,
        118,
        491,
        493,
        305,
        85,
        100,
        269,
        35,
        327,
        230,
        488,
        79,
        399,
        38,
        268,
        106,
        263,
        247,
        496,
        90,
        73,
        96,
        48,
        188,
        452,
        40,
        344,
        379,
        255,
        161,
        34,
        248,
        448,
        202,
        482,
        70,
        55,
        402,
        276,
        290,
        78,
        415,
        84,
        143,
        228,
        27,
        346,
        42,
        296,
        54,
        303,
        203,
        250,
        237,
        423,
        330,
        32,
        313,
        222,
        281,
        169,
        63,
        307,
        337,
        123,
        65,
        110,
        323,
        249,
        176,
        142,
        101,
        95,
        478,
        165,
        433,
        14,
        483,
        11,
        314,
        434,
        154,
        223,
        385,
        392,
        309,
        416,
        175,
        2,
        91,
        53,
        365,
        41,
        99,
        93,
        340,
        410,
        220,
        374,
        57,
        474,
        233,
        273,
        133,
        68,
        380,
        205,
        182,
        271,
        459,
        12,
        22,
        264,
        285,
        71,
        454,
        159,
        471,
        275,
        462,
        377,
        187,
        485,
        251,
        427,
        331,
        46,
        134,
        1,
        29,
        253,
        355,
        336,
        322,
        417,
        447,
        455,
        77,
        227,
        76,
        86,
        139,
        400,
        36,
        192,
        267,
        62,
        180,
        171,
        419,
        492,
        221,
        185,
        440,
        47,
        352,
        37,
        373,
        4,
        490,
        213,
        370,
        89,
        141,
        51,
        224,
        15,
        437,
        460,
        302,
        426,
        58,
        413,
        97,
        107,
        286,
        252,
        163,
        357,
        166,
        335,
        111,
        354,
        146,
        150,
        72,
        393,
        282,
        405,
        466,
        359,
        472,
        283,
        298,
        498,
        137,
        138,
        218,
        87,
        389,
        367,
        254,
        425,
        499,
        56,
        446,
        44,
        232,
        75,
        121,
        326,
        350,
        195,
        386,
        381,
        66,
        348,
        126,
        360,
        449,
        395,
        5,
        241,
        164,
        190,
        191,
        361,
        272,
        382,
        64,
        383,
        259,
        127,
        287,
        258,
        26,
        270,
        295,
        94,
        388,
        18,
        288,
        67,
        244,
        353,
        201,
        299,
        260,
        457,
        153,
        122,
        317,
        486,
        333,
        467,
        219,
        234,
        391,
        334,
        177,
        6,
        325,
        103,
        145,
        124,
        24,
        209,
        236,
        199,
        147,
        151,
        376,
        444,
        311,
        167,
        397,
        183,
        136,
        371,
        239,
        394,
        231,
        384,
        243,
        363,
        155,
        316,
        184,
        347,
        13,
        301,
        256,
        398,
        144,
        168,
        10,
        156,
        369,
        69,
        461,
        278,
        378,
        216,
        129,
        341,
        82,
        208,
        432,
        487,
        430,
        128,
        431,
        284,
        414,
        196,
        477,
        59,
        396,
        215,
        50,
        45,
        92,
        83,
        157,
        245,
        102,
        135,
        179,
        481,
        436,
        308,
        194,
        61,
        210,
        116,
        428,
        338,
        112,
        206,
        261,
        207,
        439,
        198,
        74
    ],
    "Nb of functions evaluations": 200010,
    "Computational time in seconds": 1069.0092318058014,
    "Stopping criterion in evaluations": 200000
}