4° run output:
{
    "Function": "ClusterA500.tsp",
    "Problem dimension": [
        35,
        381,
        425,
        139,
        67,
        171,
        411,
        314,
        167,
        321,
        334,
        198,
        49,
        191,
        355,
        4,
        66,
        445,
        272,
        414,
        125,
        463,
        390,
        362,
        290,
        175,
        294,
        323,
        453,
        250,
        443,
        207,
        247,
        461,
        412,
        38,
        31,
        229,
        422,
        295,
        15,
        304,
        392,
        457,
        447,
        95,
        110,
        394,
        70,
        197,
        358,
        54,
        499,
        124,
        119,
        181,
        232,
        336,
        92,
        193,
        286,
        147,
        73,
        235,
        361,
        218,
        188,
        460,
        44,
        242,
        488,
        186,
        76,
        244,
        72,
        276,
        350,
        238,
        28,
        0,
        296,
        269,
        25,
        476,
        82,
        153,
        357,
        398,
        21,
        340,
        351,
        1,
        148,
        312,
        257,
        327,
        266,
        444,
        130,
        206,
        440,
        30,
        56,
        455,
        273,
        454,
        426,
        418,
        395,
        431,
        164,
        393,
        205,
        348,
        442,
        79,
        114,
        88,
        287,
        13,
        464,
        36,
        77,
        87,
        29,
        403,
        282,
        424,
        180,
        144,
        42,
        63,
        6,
        165,
        168,
        423,
        344,
        349,
        94,
        254,
        166,
        91,
        231,
        261,
        100,
        363,
        40,
        450,
        5,
        413,
        128,
        151,
        452,
        489,
        449,
        234,
        354,
        437,
        284,
        223,
        222,
        341,
        241,
        377,
        157,
        302,
        134,
        482,
        55,
        255,
        133,
        245,
        26,
        64,
        387,
        176,
        169,
        285,
        331,
        150,
        495,
        220,
        90,
        375,
        337,
        308,
        162,
        18,
        369,
        379,
        280,
        19,
        479,
        468,
        243,
        103,
        96,
        52,
        192,
        256,
        214,
        389,
        492,
        14,
        409,
        200,
        478,
        481,
        359,
        239,
        97,
        316,
        446,
        212,
        473,
        360,
        474,
        356,
        132,
        47,
        366,
        11,
        145,
        89,
        161,
        252,
        448,
        174,
        306,
        278,
        435,
        93,
        101,
        137,
        226,
        307,
        328,
        219,
        196,
        391,
        16,
        397,
        211,
        2,
        120,
        485,
        477,
        497,
        456,
        404,
        146,
        265,
        210,
        471,
        98,
        227,
        378,
        421,
        50,
        46,
        32,
        7,
        131,
        370,
        300,
        111,
        228,
        126,
        246,
        113,
        275,
        12,
        320,
        61,
        433,
        156,
        305,
        41,
        83,
        135,
        329,
        37,
        318,
        23,
        281,
        343,
        10,
        297,
        347,
        264,
        80,
        384,
        428,
        401,
        71,
        237,
        429,
        106,
        185,
        373,
        251,
        467,
        253,
        402,
        277,
        470,
        240,
        372,
        208,
        84,
        75,
        459,
        116,
        317,
        62,
        224,
        233,
        291,
        143,
        338,
        493,
        430,
        406,
        155,
        118,
        427,
        20,
        399,
        173,
        68,
        288,
        342,
        469,
        466,
        9,
        289,
        417,
        410,
        99,
        371,
        194,
        494,
        303,
        53,
        152,
        490,
        184,
        484,
        216,
        230,
        213,
        24,
        333,
        163,
        112,
        400,
        462,
        109,
        416,
        215,
        271,
        45,
        51,
        78,
        353,
        108,
        39,
        382,
        58,
        385,
        270,
        483,
        465,
        420,
        123,
        374,
        386,
        159,
        74,
        472,
        121,
        158,
        187,
        138,
        209,
        105,
        33,
        221,
        407,
        352,
        204,
        498,
        415,
        179,
        326,
        432,
        107,
        154,
        325,
        309,
        170,
        365,
        248,
        177,
        491,
        298,
        364,
        17,
        367,
        141,
        451,
        283,
        405,
        376,
        262,
        136,
        195,
        202,
        48,
        190,
        127,
        480,
        225,
        279,
        315,
        438,
        313,
        22,
        57,
        458,
        60,
        199,
        496,
        172,
        81,
        274,
        104,
        65,
        324,
        475,
        383,
        332,
        322,
        142,
        236,
        122,
        8,
        330,
        436,
        299,
        419,
        258,
        178,
        203,
        293,
        34,
        140,
        368,
        160,
        441,
        346,
        396,
        487,
        183,
        292,
        86,
        3,
        102,
        380,
        486,
        434,
        335,
        260,
        345,
        69,
        268,
        388,
        27,
        59,
        310,
        189,
        43,
        339,
        259,
        217,
        115,
        117,
        201,
        439,
        249,
        301,
        263,
        129,
        85,
        408,
        319,
        182,
        267,
        311,
        149
    ],
    "Global Optimum": 0,
    "Algorithm": "Genetic algorithm",
    "Parameters": {
        "population": 30,
        "offspring": 30,
        "mutation probability": 0.002,
        "crossover probability": 0.9
    },
    "Fitness": 581903,
    "Solution": [
        35,
        381,
        425,
        139,
        67,
        171,
        411,
        314,
        167,
        321,
        334,
        198,
        49,
        191,
        355,
        4,
        66,
        445,
        272,
        414,
        125,
        463,
        390,
        362,
        290,
        175,
        294,
        323,
        453,
        250,
        443,
        207,
        247,
        461,
        412,
        38,
        31,
        229,
        422,
        295,
        15,
        304,
        392,
        457,
        447,
        95,
        110,
        394,
        70,
        197,
        358,
        54,
        499,
        124,
        119,
        181,
        232,
        336,
        92,
        193,
        286,
        147,
        73,
        235,
        361,
        218,
        188,
        460,
        44,
        242,
        488,
        186,
        76,
        244,
        72,
        276,
        350,
        238,
        28,
        0,
        296,
        269,
        25,
        476,
        82,
        153,
        357,
        398,
        21,
        340,
        351,
        1,
        148,
        312,
        257,
        327,
        266,
        444,
        130,
        206,
        440,
        30,
        56,
        455,
        273,
        454,
        426,
        418,
        395,
        431,
        164,
        393,
        205,
        348,
        442,
        79,
        114,
        88,
        287,
        13,
        464,
        36,
        77,
        87,
        29,
        403,
        282,
        424,
        180,
        144,
        42,
        63,
        6,
        165,
        168,
        423,
        344,
        349,
        94,
        254,
        166,
        91,
        231,
        261,
        100,
        363,
        40,
        450,
        5,
        413,
        128,
        151,
        452,
        489,
        449,
        234,
        354,
        437,
        284,
        223,
        222,
        341,
        241,
        377,
        157,
        302,
        134,
        482,
        55,
        255,
        133,
        245,
        26,
        64,
        387,
        176,
        169,
        285,
        331,
        150,
        495,
        220,
        90,
        375,
        337,
        308,
        162,
        18,
        369,
        379,
        280,
        19,
        479,
        468,
        243,
        103,
        96,
        52,
        192,
        256,
        214,
        389,
        492,
        14,
        409,
        200,
        478,
        481,
        359,
        239,
        97,
        316,
        446,
        212,
        473,
        360,
        474,
        356,
        132,
        47,
        366,
        11,
        145,
        89,
        161,
        252,
        448,
        174,
        306,
        278,
        435,
        93,
        101,
        137,
        226,
        307,
        328,
        219,
        196,
        391,
        16,
        397,
        211,
        2,
        120,
        485,
        477,
        497,
        456,
        404,
        146,
        265,
        210,
        471,
        98,
        227,
        378,
        421,
        50,
        46,
        32,
        7,
        131,
        370,
        300,
        111,
        228,
        126,
        246,
        113,
        275,
        12,
        320,
        61,
        433,
        156,
        305,
        41,
        83,
        135,
        329,
        37,
        318,
        23,
        281,
        343,
        10,
        297,
        347,
        264,
        80,
        384,
        428,
        401,
        71,
        237,
        429,
        106,
        185,
        373,
        251,
        467,
        253,
        402,
        277,
        470,
        240,
        372,
        208,
        84,
        75,
        459,
        116,
        317,
        62,
        224,
        233,
        291,
        143,
        338,
        493,
        430,
        406,
        155,
        118,
        427,
        20,
        399,
        173,
        68,
        288,
        342,
        469,
        466,
        9,
        289,
        417,
        410,
        99,
        371,
        194,
        494,
        303,
        53,
        152,
        490,
        184,
        484,
        216,
        230,
        213,
        24,
        333,
        163,
        112,
        400,
        462,
        109,
        416,
        215,
        271,
        45,
        51,
        78,
        353,
        108,
        39,
        382,
        58,
        385,
        270,
        483,
        465,
        420,
        123,
        374,
        386,
        159,
        74,
        472,
        121,
        158,
        187,
        138,
        209,
        105,
        33,
        221,
        407,
        352,
        204,
        498,
        415,
        179,
        326,
        432,
        107,
        154,
        325,
        309,
        170,
        365,
        248,
        177,
        491,
        298,
        364,
        17,
        367,
        141,
        451,
        283,
        405,
        376,
        262,
        136,
        195,
        202,
        48,
        190,
        127,
        480,
        225,
        279,
        315,
        438,
        313,
        22,
        57,
        458,
        60,
        199,
        496,
        172,
        81,
        274,
        104,
        65,
        324,
        475,
        383,
        332,
        322,
        142,
        236,
        122,
        8,
        330,
        436,
        299,
        419,
        258,
        178,
        203,
        293,
        34,
        140,
        368,
        160,
        441,
        346,
        396,
        487,
        183,
        292,
        86,
        3,
        102,
        380,
        486,
        434,
        335,
        260,
        345,
        69,
        268,
        388,
        27,
        59,
        310,
        189,
        43,
        339,
        259,
        217,
        115,
        117,
        201,
        439,
        249,
        301,
        263,
        129,
        85,
        408,
        319,
        182,
        267,
        311,
        149
    ],
    "Nb of functions evaluations": 400020,
    "Computational time in seconds": 1815.8545136451721,
    "Stopping criterion in evaluations": 400000
}