27° run output:
{
    "Function": "ClusterA500.tsp",
    "Problem dimension": [
        140,
        121,
        256,
        433,
        250,
        483,
        476,
        6,
        338,
        204,
        221,
        479,
        248,
        17,
        252,
        487,
        445,
        37,
        442,
        230,
        177,
        194,
        469,
        395,
        166,
        210,
        12,
        156,
        392,
        326,
        196,
        7,
        352,
        145,
        225,
        67,
        376,
        336,
        443,
        199,
        207,
        303,
        287,
        73,
        415,
        189,
        143,
        160,
        5,
        36,
        10,
        318,
        2,
        367,
        228,
        38,
        455,
        229,
        380,
        371,
        224,
        220,
        39,
        3,
        126,
        354,
        105,
        457,
        329,
        22,
        115,
        291,
        311,
        141,
        335,
        119,
        15,
        499,
        235,
        247,
        223,
        492,
        390,
        404,
        305,
        370,
        470,
        267,
        493,
        490,
        136,
        200,
        243,
        148,
        285,
        23,
        488,
        46,
        307,
        171,
        477,
        410,
        312,
        185,
        99,
        95,
        246,
        387,
        50,
        290,
        218,
        300,
        374,
        147,
        308,
        357,
        214,
        40,
        327,
        424,
        1,
        249,
        325,
        124,
        0,
        122,
        388,
        393,
        51,
        413,
        293,
        398,
        116,
        363,
        377,
        161,
        345,
        289,
        193,
        486,
        496,
        314,
        118,
        384,
        114,
        459,
        106,
        77,
        474,
        34,
        372,
        205,
        438,
        454,
        42,
        301,
        66,
        169,
        431,
        155,
        437,
        480,
        62,
        340,
        366,
        82,
        55,
        191,
        182,
        167,
        399,
        125,
        79,
        111,
        98,
        471,
        313,
        260,
        299,
        281,
        75,
        368,
        292,
        137,
        342,
        270,
        467,
        309,
        451,
        71,
        322,
        146,
        103,
        165,
        184,
        236,
        123,
        419,
        389,
        180,
        446,
        188,
        405,
        21,
        269,
        202,
        29,
        365,
        441,
        364,
        414,
        226,
        128,
        215,
        206,
        85,
        152,
        261,
        56,
        315,
        288,
        320,
        53,
        298,
        282,
        19,
        444,
        57,
        439,
        369,
        64,
        418,
        61,
        108,
        394,
        198,
        295,
        192,
        80,
        154,
        203,
        276,
        216,
        150,
        462,
        86,
        412,
        92,
        83,
        219,
        208,
        16,
        30,
        346,
        120,
        255,
        91,
        495,
        473,
        25,
        49,
        347,
        333,
        440,
        72,
        63,
        286,
        254,
        297,
        272,
        162,
        456,
        465,
        427,
        90,
        212,
        458,
        20,
        159,
        296,
        158,
        178,
        190,
        242,
        52,
        453,
        74,
        396,
        233,
        81,
        239,
        378,
        174,
        416,
        408,
        94,
        403,
        361,
        8,
        9,
        44,
        430,
        277,
        423,
        304,
        485,
        351,
        373,
        330,
        76,
        222,
        460,
        449,
        234,
        237,
        464,
        273,
        406,
        381,
        341,
        251,
        132,
        319,
        481,
        107,
        397,
        284,
        201,
        321,
        168,
        323,
        356,
        468,
        181,
        58,
        213,
        32,
        491,
        179,
        244,
        173,
        102,
        450,
        463,
        484,
        263,
        436,
        54,
        142,
        45,
        353,
        401,
        448,
        324,
        383,
        402,
        96,
        217,
        302,
        362,
        130,
        407,
        343,
        70,
        59,
        349,
        104,
        280,
        170,
        240,
        429,
        262,
        385,
        279,
        157,
        176,
        275,
        328,
        186,
        274,
        344,
        489,
        78,
        127,
        129,
        238,
        28,
        411,
        283,
        348,
        163,
        350,
        466,
        258,
        386,
        400,
        422,
        24,
        482,
        4,
        195,
        355,
        33,
        432,
        69,
        31,
        135,
        112,
        197,
        48,
        420,
        253,
        332,
        41,
        266,
        231,
        421,
        317,
        84,
        110,
        472,
        133,
        241,
        461,
        43,
        175,
        391,
        409,
        278,
        113,
        172,
        87,
        257,
        245,
        417,
        339,
        139,
        494,
        93,
        259,
        13,
        187,
        447,
        11,
        14,
        358,
        149,
        100,
        138,
        18,
        478,
        294,
        60,
        26,
        65,
        306,
        310,
        375,
        337,
        232,
        359,
        164,
        89,
        316,
        434,
        426,
        47,
        117,
        360,
        227,
        497,
        264,
        68,
        271,
        209,
        144,
        331,
        334,
        435,
        452,
        265,
        109,
        151,
        153,
        382,
        425,
        475,
        379,
        428,
        88,
        134,
        101,
        131,
        268,
        97,
        35,
        498,
        211,
        183,
        27
    ],
    "Global Optimum": 0,
    "Algorithm": "Genetic algorithm",
    "Parameters": {
        "population": 30,
        "offspring": 30,
        "mutation probability": 0.002,
        "crossover probability": 0.9
    },
    "Fitness": 571140,
    "Solution": [
        140,
        121,
        256,
        433,
        250,
        483,
        476,
        6,
        338,
        204,
        221,
        479,
        248,
        17,
        252,
        487,
        445,
        37,
        442,
        230,
        177,
        194,
        469,
        395,
        166,
        210,
        12,
        156,
        392,
        326,
        196,
        7,
        352,
        145,
        225,
        67,
        376,
        336,
        443,
        199,
        207,
        303,
        287,
        73,
        415,
        189,
        143,
        160,
        5,
        36,
        10,
        318,
        2,
        367,
        228,
        38,
        455,
        229,
        380,
        371,
        224,
        220,
        39,
        3,
        126,
        354,
        105,
        457,
        329,
        22,
        115,
        291,
        311,
        141,
        335,
        119,
        15,
        499,
        235,
        247,
        223,
        492,
        390,
        404,
        305,
        370,
        470,
        267,
        493,
        490,
        136,
        200,
        243,
        148,
        285,
        23,
        488,
        46,
        307,
        171,
        477,
        410,
        312,
        185,
        99,
        95,
        246,
        387,
        50,
        290,
        218,
        300,
        374,
        147,
        308,
        357,
        214,
        40,
        327,
        424,
        1,
        249,
        325,
        124,
        0,
        122,
        388,
        393,
        51,
        413,
        293,
        398,
        116,
        363,
        377,
        161,
        345,
        289,
        193,
        486,
        496,
        314,
        118,
        384,
        114,
        459,
        106,
        77,
        474,
        34,
        372,
        205,
        438,
        454,
        42,
        301,
        66,
        169,
        431,
        155,
        437,
        480,
        62,
        340,
        366,
        82,
        55,
        191,
        182,
        167,
        399,
        125,
        79,
        111,
        98,
        471,
        313,
        260,
        299,
        281,
        75,
        368,
        292,
        137,
        342,
        270,
        467,
        309,
        451,
        71,
        322,
        146,
        103,
        165,
        184,
        236,
        123,
        419,
        389,
        180,
        446,
        188,
        405,
        21,
        269,
        202,
        29,
        365,
        441,
        364,
        414,
        226,
        128,
        215,
        206,
        85,
        152,
        261,
        56,
        315,
        288,
        320,
        53,
        298,
        282,
        19,
        444,
        57,
        439,
        369,
        64,
        418,
        61,
        108,
        394,
        198,
        295,
        192,
        80,
        154,
        203,
        276,
        216,
        150,
        462,
        86,
        412,
        92,
        83,
        219,
        208,
        16,
        30,
        346,
        120,
        255,
        91,
        495,
        473,
        25,
        49,
        347,
        333,
        440,
        72,
        63,
        286,
        254,
        297,
        272,
        162,
        456,
        465,
        427,
        90,
        212,
        458,
        20,
        159,
        296,
        158,
        178,
        190,
        242,
        52,
        453,
        74,
        396,
        233,
        81,
        239,
        378,
        174,
        416,
        408,
        94,
        403,
        361,
        8,
        9,
        44,
        430,
        277,
        423,
        304,
        485,
        351,
        373,
        330,
        76,
        222,
        460,
        449,
        234,
        237,
        464,
        273,
        406,
        381,
        341,
        251,
        132,
        319,
        481,
        107,
        397,
        284,
        201,
        321,
        168,
        323,
        356,
        468,
        181,
        58,
        213,
        32,
        491,
        179,
        244,
        173,
        102,
        450,
        463,
        484,
        263,
        436,
        54,
        142,
        45,
        353,
        401,
        448,
        324,
        383,
        402,
        96,
        217,
        302,
        362,
        130,
        407,
        343,
        70,
        59,
        349,
        104,
        280,
        170,
        240,
        429,
        262,
        385,
        279,
        157,
        176,
        275,
        328,
        186,
        274,
        344,
        489,
        78,
        127,
        129,
        238,
        28,
        411,
        283,
        348,
        163,
        350,
        466,
        258,
        386,
        400,
        422,
        24,
        482,
        4,
        195,
        355,
        33,
        432,
        69,
        31,
        135,
        112,
        197,
        48,
        420,
        253,
        332,
        41,
        266,
        231,
        421,
        317,
        84,
        110,
        472,
        133,
        241,
        461,
        43,
        175,
        391,
        409,
        278,
        113,
        172,
        87,
        257,
        245,
        417,
        339,
        139,
        494,
        93,
        259,
        13,
        187,
        447,
        11,
        14,
        358,
        149,
        100,
        138,
        18,
        478,
        294,
        60,
        26,
        65,
        306,
        310,
        375,
        337,
        232,
        359,
        164,
        89,
        316,
        434,
        426,
        47,
        117,
        360,
        227,
        497,
        264,
        68,
        271,
        209,
        144,
        331,
        334,
        435,
        452,
        265,
        109,
        151,
        153,
        382,
        425,
        475,
        379,
        428,
        88,
        134,
        101,
        131,
        268,
        97,
        35,
        498,
        211,
        183,
        27
    ],
    "Nb of functions evaluations": 400020,
    "Computational time in seconds": 1774.5794558525085,
    "Stopping criterion in evaluations": 400000
}