16° run output:
{
    "Function": "ClusterA500.tsp",
    "Problem dimension": [
        153,
        356,
        127,
        1,
        365,
        233,
        48,
        121,
        244,
        406,
        35,
        407,
        311,
        282,
        171,
        206,
        309,
        352,
        445,
        315,
        129,
        337,
        294,
        149,
        461,
        275,
        241,
        84,
        417,
        429,
        235,
        150,
        369,
        181,
        9,
        166,
        29,
        280,
        4,
        302,
        273,
        25,
        208,
        67,
        277,
        117,
        463,
        450,
        194,
        344,
        481,
        380,
        327,
        370,
        120,
        33,
        20,
        499,
        308,
        472,
        477,
        137,
        122,
        192,
        263,
        447,
        405,
        90,
        257,
        77,
        404,
        182,
        21,
        469,
        373,
        284,
        178,
        466,
        411,
        134,
        470,
        189,
        422,
        433,
        93,
        102,
        455,
        177,
        200,
        454,
        2,
        68,
        146,
        82,
        144,
        254,
        300,
        94,
        314,
        75,
        265,
        303,
        55,
        318,
        475,
        114,
        307,
        44,
        125,
        436,
        374,
        438,
        169,
        176,
        452,
        361,
        116,
        92,
        85,
        267,
        464,
        72,
        203,
        65,
        357,
        49,
        210,
        483,
        34,
        175,
        111,
        152,
        474,
        381,
        272,
        290,
        484,
        493,
        216,
        276,
        142,
        420,
        58,
        333,
        12,
        359,
        387,
        371,
        379,
        22,
        391,
        479,
        343,
        245,
        243,
        211,
        262,
        8,
        83,
        130,
        296,
        291,
        185,
        43,
        118,
        26,
        123,
        214,
        423,
        389,
        497,
        269,
        341,
        204,
        439,
        264,
        188,
        162,
        274,
        42,
        73,
        103,
        110,
        414,
        196,
        30,
        448,
        66,
        52,
        299,
        434,
        47,
        453,
        363,
        207,
        100,
        199,
        362,
        86,
        106,
        342,
        283,
        360,
        5,
        168,
        384,
        242,
        237,
        287,
        99,
        412,
        165,
        98,
        136,
        220,
        409,
        489,
        288,
        401,
        38,
        310,
        148,
        205,
        37,
        0,
        334,
        59,
        316,
        81,
        402,
        255,
        492,
        50,
        186,
        76,
        132,
        191,
        163,
        396,
        170,
        473,
        349,
        232,
        367,
        312,
        324,
        101,
        449,
        115,
        430,
        437,
        496,
        95,
        151,
        183,
        215,
        325,
        440,
        91,
        297,
        27,
        358,
        431,
        138,
        383,
        465,
        126,
        382,
        424,
        485,
        457,
        413,
        45,
        398,
        187,
        460,
        281,
        329,
        154,
        201,
        124,
        346,
        345,
        236,
        218,
        317,
        28,
        486,
        62,
        54,
        78,
        403,
        238,
        458,
        487,
        388,
        285,
        353,
        46,
        190,
        13,
        476,
        443,
        180,
        270,
        347,
        338,
        408,
        326,
        223,
        87,
        3,
        104,
        332,
        133,
        330,
        355,
        375,
        158,
        319,
        418,
        231,
        256,
        459,
        390,
        105,
        498,
        112,
        69,
        113,
        139,
        322,
        167,
        293,
        234,
        56,
        226,
        295,
        248,
        279,
        258,
        495,
        336,
        421,
        320,
        96,
        250,
        155,
        222,
        335,
        172,
        212,
        354,
        259,
        156,
        141,
        173,
        10,
        467,
        425,
        426,
        147,
        202,
        164,
        107,
        108,
        39,
        446,
        305,
        88,
        480,
        213,
        143,
        392,
        57,
        53,
        372,
        400,
        184,
        266,
        128,
        339,
        240,
        482,
        6,
        64,
        70,
        15,
        399,
        397,
        7,
        251,
        340,
        32,
        221,
        427,
        331,
        18,
        292,
        415,
        478,
        230,
        451,
        41,
        198,
        24,
        419,
        79,
        109,
        301,
        209,
        51,
        40,
        462,
        16,
        491,
        261,
        227,
        224,
        131,
        74,
        268,
        239,
        36,
        63,
        97,
        160,
        410,
        193,
        494,
        119,
        350,
        278,
        249,
        219,
        253,
        456,
        348,
        377,
        298,
        442,
        140,
        60,
        321,
        17,
        260,
        393,
        289,
        488,
        11,
        145,
        31,
        252,
        432,
        328,
        228,
        61,
        14,
        444,
        174,
        71,
        157,
        229,
        225,
        471,
        490,
        89,
        366,
        286,
        197,
        217,
        468,
        304,
        23,
        394,
        376,
        395,
        271,
        247,
        368,
        159,
        385,
        179,
        80,
        161,
        19,
        246,
        306,
        313,
        351,
        195,
        364,
        386,
        416,
        135,
        428,
        378,
        323,
        435,
        441
    ],
    "Global Optimum": 0,
    "Algorithm": "Genetic algorithm",
    "Parameters": {
        "population": 30,
        "offspring": 30,
        "mutation probability": 0.002,
        "crossover probability": 0.9
    },
    "Fitness": 574635,
    "Solution": [
        153,
        356,
        127,
        1,
        365,
        233,
        48,
        121,
        244,
        406,
        35,
        407,
        311,
        282,
        171,
        206,
        309,
        352,
        445,
        315,
        129,
        337,
        294,
        149,
        461,
        275,
        241,
        84,
        417,
        429,
        235,
        150,
        369,
        181,
        9,
        166,
        29,
        280,
        4,
        302,
        273,
        25,
        208,
        67,
        277,
        117,
        463,
        450,
        194,
        344,
        481,
        380,
        327,
        370,
        120,
        33,
        20,
        499,
        308,
        472,
        477,
        137,
        122,
        192,
        263,
        447,
        405,
        90,
        257,
        77,
        404,
        182,
        21,
        469,
        373,
        284,
        178,
        466,
        411,
        134,
        470,
        189,
        422,
        433,
        93,
        102,
        455,
        177,
        200,
        454,
        2,
        68,
        146,
        82,
        144,
        254,
        300,
        94,
        314,
        75,
        265,
        303,
        55,
        318,
        475,
        114,
        307,
        44,
        125,
        436,
        374,
        438,
        169,
        176,
        452,
        361,
        116,
        92,
        85,
        267,
        464,
        72,
        203,
        65,
        357,
        49,
        210,
        483,
        34,
        175,
        111,
        152,
        474,
        381,
        272,
        290,
        484,
        493,
        216,
        276,
        142,
        420,
        58,
        333,
        12,
        359,
        387,
        371,
        379,
        22,
        391,
        479,
        343,
        245,
        243,
        211,
        262,
        8,
        83,
        130,
        296,
        291,
        185,
        43,
        118,
        26,
        123,
        214,
        423,
        389,
        497,
        269,
        341,
        204,
        439,
        264,
        188,
        162,
        274,
        42,
        73,
        103,
        110,
        414,
        196,
        30,
        448,
        66,
        52,
        299,
        434,
        47,
        453,
        363,
        207,
        100,
        199,
        362,
        86,
        106,
        342,
        283,
        360,
        5,
        168,
        384,
        242,
        237,
        287,
        99,
        412,
        165,
        98,
        136,
        220,
        409,
        489,
        288,
        401,
        38,
        310,
        148,
        205,
        37,
        0,
        334,
        59,
        316,
        81,
        402,
        255,
        492,
        50,
        186,
        76,
        132,
        191,
        163,
        396,
        170,
        473,
        349,
        232,
        367,
        312,
        324,
        101,
        449,
        115,
        430,
        437,
        496,
        95,
        151,
        183,
        215,
        325,
        440,
        91,
        297,
        27,
        358,
        431,
        138,
        383,
        465,
        126,
        382,
        424,
        485,
        457,
        413,
        45,
        398,
        187,
        460,
        281,
        329,
        154,
        201,
        124,
        346,
        345,
        236,
        218,
        317,
        28,
        486,
        62,
        54,
        78,
        403,
        238,
        458,
        487,
        388,
        285,
        353,
        46,
        190,
        13,
        476,
        443,
        180,
        270,
        347,
        338,
        408,
        326,
        223,
        87,
        3,
        104,
        332,
        133,
        330,
        355,
        375,
        158,
        319,
        418,
        231,
        256,
        459,
        390,
        105,
        498,
        112,
        69,
        113,
        139,
        322,
        167,
        293,
        234,
        56,
        226,
        295,
        248,
        279,
        258,
        495,
        336,
        421,
        320,
        96,
        250,
        155,
        222,
        335,
        172,
        212,
        354,
        259,
        156,
        141,
        173,
        10,
        467,
        425,
        426,
        147,
        202,
        164,
        107,
        108,
        39,
        446,
        305,
        88,
        480,
        213,
        143,
        392,
        57,
        53,
        372,
        400,
        184,
        266,
        128,
        339,
        240,
        482,
        6,
        64,
        70,
        15,
        399,
        397,
        7,
        251,
        340,
        32,
        221,
        427,
        331,
        18,
        292,
        415,
        478,
        230,
        451,
        41,
        198,
        24,
        419,
        79,
        109,
        301,
        209,
        51,
        40,
        462,
        16,
        491,
        261,
        227,
        224,
        131,
        74,
        268,
        239,
        36,
        63,
        97,
        160,
        410,
        193,
        494,
        119,
        350,
        278,
        249,
        219,
        253,
        456,
        348,
        377,
        298,
        442,
        140,
        60,
        321,
        17,
        260,
        393,
        289,
        488,
        11,
        145,
        31,
        252,
        432,
        328,
        228,
        61,
        14,
        444,
        174,
        71,
        157,
        229,
        225,
        471,
        490,
        89,
        366,
        286,
        197,
        217,
        468,
        304,
        23,
        394,
        376,
        395,
        271,
        247,
        368,
        159,
        385,
        179,
        80,
        161,
        19,
        246,
        306,
        313,
        351,
        195,
        364,
        386,
        416,
        135,
        428,
        378,
        323,
        435,
        441
    ],
    "Nb of functions evaluations": 400020,
    "Computational time in seconds": 1782.88463306427,
    "Stopping criterion in evaluations": 400000
}