29° run output:
{
    "Function": "ClusterA500.tsp",
    "Problem dimension": [
        413,
        184,
        163,
        395,
        361,
        25,
        351,
        397,
        295,
        298,
        448,
        95,
        175,
        162,
        468,
        262,
        400,
        330,
        484,
        420,
        244,
        495,
        474,
        320,
        118,
        21,
        214,
        354,
        215,
        108,
        236,
        390,
        391,
        161,
        230,
        279,
        353,
        266,
        115,
        40,
        83,
        155,
        358,
        210,
        438,
        15,
        237,
        386,
        245,
        113,
        229,
        206,
        456,
        308,
        254,
        375,
        463,
        171,
        7,
        219,
        28,
        194,
        159,
        56,
        29,
        347,
        377,
        211,
        167,
        166,
        299,
        223,
        485,
        424,
        224,
        200,
        439,
        402,
        124,
        10,
        235,
        98,
        491,
        312,
        440,
        304,
        269,
        145,
        48,
        461,
        255,
        370,
        315,
        283,
        385,
        470,
        148,
        4,
        69,
        92,
        187,
        498,
        146,
        459,
        13,
        6,
        417,
        246,
        68,
        120,
        409,
        418,
        41,
        278,
        329,
        372,
        50,
        158,
        5,
        199,
        227,
        332,
        311,
        436,
        103,
        122,
        228,
        272,
        482,
        33,
        205,
        249,
        435,
        422,
        407,
        91,
        263,
        43,
        322,
        285,
        248,
        226,
        96,
        453,
        234,
        393,
        421,
        394,
        475,
        432,
        449,
        64,
        368,
        131,
        107,
        319,
        291,
        429,
        362,
        247,
        185,
        72,
        341,
        481,
        260,
        54,
        414,
        294,
        24,
        119,
        225,
        252,
        176,
        39,
        81,
        374,
        82,
        238,
        104,
        196,
        339,
        60,
        483,
        427,
        26,
        446,
        90,
        97,
        168,
        189,
        346,
        326,
        178,
        352,
        497,
        216,
        75,
        59,
        71,
        455,
        336,
        496,
        462,
        86,
        239,
        466,
        411,
        36,
        105,
        331,
        337,
        371,
        53,
        250,
        136,
        384,
        197,
        11,
        27,
        376,
        192,
        383,
        297,
        12,
        378,
        433,
        363,
        195,
        313,
        16,
        17,
        261,
        190,
        152,
        80,
        428,
        0,
        265,
        274,
        127,
        314,
        89,
        434,
        426,
        284,
        204,
        9,
        293,
        356,
        350,
        454,
        45,
        399,
        110,
        231,
        259,
        327,
        317,
        140,
        408,
        472,
        423,
        202,
        99,
        287,
        430,
        273,
        47,
        139,
        343,
        138,
        365,
        19,
        169,
        74,
        333,
        218,
        477,
        324,
        62,
        30,
        213,
        388,
        217,
        452,
        240,
        479,
        325,
        23,
        221,
        143,
        364,
        151,
        318,
        87,
        303,
        469,
        431,
        447,
        144,
        121,
        443,
        243,
        487,
        387,
        445,
        493,
        271,
        65,
        76,
        20,
        405,
        473,
        467,
        172,
        288,
        286,
        412,
        46,
        478,
        382,
        367,
        66,
        490,
        160,
        111,
        366,
        489,
        38,
        198,
        116,
        301,
        182,
        150,
        109,
        232,
        114,
        1,
        141,
        425,
        207,
        112,
        464,
        106,
        460,
        58,
        201,
        132,
        281,
        191,
        290,
        3,
        270,
        323,
        458,
        79,
        292,
        360,
        173,
        220,
        102,
        153,
        14,
        37,
        183,
        258,
        300,
        310,
        321,
        51,
        316,
        349,
        18,
        180,
        476,
        306,
        401,
        78,
        208,
        88,
        335,
        419,
        164,
        147,
        126,
        381,
        135,
        137,
        345,
        442,
        302,
        309,
        63,
        129,
        334,
        42,
        415,
        465,
        398,
        404,
        52,
        282,
        241,
        257,
        480,
        492,
        22,
        242,
        61,
        123,
        94,
        32,
        133,
        156,
        203,
        369,
        101,
        296,
        125,
        450,
        100,
        348,
        149,
        305,
        8,
        73,
        85,
        471,
        396,
        93,
        212,
        264,
        276,
        70,
        380,
        57,
        222,
        233,
        35,
        181,
        344,
        389,
        499,
        267,
        406,
        437,
        44,
        2,
        188,
        142,
        457,
        186,
        179,
        253,
        392,
        342,
        174,
        355,
        170,
        328,
        177,
        165,
        307,
        289,
        268,
        441,
        34,
        251,
        154,
        67,
        128,
        31,
        451,
        55,
        340,
        134,
        117,
        338,
        359,
        157,
        275,
        410,
        373,
        77,
        256,
        209,
        403,
        416,
        357,
        277,
        49,
        486,
        379,
        130,
        84,
        280,
        444,
        494,
        488,
        193
    ],
    "Global Optimum": 0,
    "Algorithm": "Genetic algorithm",
    "Parameters": {
        "population": 30,
        "offspring": 30,
        "mutation probability": 0.002,
        "crossover probability": 0.9
    },
    "Fitness": 562010,
    "Solution": [
        413,
        184,
        163,
        395,
        361,
        25,
        351,
        397,
        295,
        298,
        448,
        95,
        175,
        162,
        468,
        262,
        400,
        330,
        484,
        420,
        244,
        495,
        474,
        320,
        118,
        21,
        214,
        354,
        215,
        108,
        236,
        390,
        391,
        161,
        230,
        279,
        353,
        266,
        115,
        40,
        83,
        155,
        358,
        210,
        438,
        15,
        237,
        386,
        245,
        113,
        229,
        206,
        456,
        308,
        254,
        375,
        463,
        171,
        7,
        219,
        28,
        194,
        159,
        56,
        29,
        347,
        377,
        211,
        167,
        166,
        299,
        223,
        485,
        424,
        224,
        200,
        439,
        402,
        124,
        10,
        235,
        98,
        491,
        312,
        440,
        304,
        269,
        145,
        48,
        461,
        255,
        370,
        315,
        283,
        385,
        470,
        148,
        4,
        69,
        92,
        187,
        498,
        146,
        459,
        13,
        6,
        417,
        246,
        68,
        120,
        409,
        418,
        41,
        278,
        329,
        372,
        50,
        158,
        5,
        199,
        227,
        332,
        311,
        436,
        103,
        122,
        228,
        272,
        482,
        33,
        205,
        249,
        435,
        422,
        407,
        91,
        263,
        43,
        322,
        285,
        248,
        226,
        96,
        453,
        234,
        393,
        421,
        394,
        475,
        432,
        449,
        64,
        368,
        131,
        107,
        319,
        291,
        429,
        362,
        247,
        185,
        72,
        341,
        481,
        260,
        54,
        414,
        294,
        24,
        119,
        225,
        252,
        176,
        39,
        81,
        374,
        82,
        238,
        104,
        196,
        339,
        60,
        483,
        427,
        26,
        446,
        90,
        97,
        168,
        189,
        346,
        326,
        178,
        352,
        497,
        216,
        75,
        59,
        71,
        455,
        336,
        496,
        462,
        86,
        239,
        466,
        411,
        36,
        105,
        331,
        337,
        371,
        53,
        250,
        136,
        384,
        197,
        11,
        27,
        376,
        192,
        383,
        297,
        12,
        378,
        433,
        363,
        195,
        313,
        16,
        17,
        261,
        190,
        152,
        80,
        428,
        0,
        265,
        274,
        127,
        314,
        89,
        434,
        426,
        284,
        204,
        9,
        293,
        356,
        350,
        454,
        45,
        399,
        110,
        231,
        259,
        327,
        317,
        140,
        408,
        472,
        423,
        202,
        99,
        287,
        430,
        273,
        47,
        139,
        343,
        138,
        365,
        19,
        169,
        74,
        333,
        218,
        477,
        324,
        62,
        30,
        213,
        388,
        217,
        452,
        240,
        479,
        325,
        23,
        221,
        143,
        364,
        151,
        318,
        87,
        303,
        469,
        431,
        447,
        144,
        121,
        443,
        243,
        487,
        387,
        445,
        493,
        271,
        65,
        76,
        20,
        405,
        473,
        467,
        172,
        288,
        286,
        412,
        46,
        478,
        382,
        367,
        66,
        490,
        160,
        111,
        366,
        489,
        38,
        198,
        116,
        301,
        182,
        150,
        109,
        232,
        114,
        1,
        141,
        425,
        207,
        112,
        464,
        106,
        460,
        58,
        201,
        132,
        281,
        191,
        290,
        3,
        270,
        323,
        458,
        79,
        292,
        360,
        173,
        220,
        102,
        153,
        14,
        37,
        183,
        258,
        300,
        310,
        321,
        51,
        316,
        349,
        18,
        180,
        476,
        306,
        401,
        78,
        208,
        88,
        335,
        419,
        164,
        147,
        126,
        381,
        135,
        137,
        345,
        442,
        302,
        309,
        63,
        129,
        334,
        42,
        415,
        465,
        398,
        404,
        52,
        282,
        241,
        257,
        480,
        492,
        22,
        242,
        61,
        123,
        94,
        32,
        133,
        156,
        203,
        369,
        101,
        296,
        125,
        450,
        100,
        348,
        149,
        305,
        8,
        73,
        85,
        471,
        396,
        93,
        212,
        264,
        276,
        70,
        380,
        57,
        222,
        233,
        35,
        181,
        344,
        389,
        499,
        267,
        406,
        437,
        44,
        2,
        188,
        142,
        457,
        186,
        179,
        253,
        392,
        342,
        174,
        355,
        170,
        328,
        177,
        165,
        307,
        289,
        268,
        441,
        34,
        251,
        154,
        67,
        128,
        31,
        451,
        55,
        340,
        134,
        117,
        338,
        359,
        157,
        275,
        410,
        373,
        77,
        256,
        209,
        403,
        416,
        357,
        277,
        49,
        486,
        379,
        130,
        84,
        280,
        444,
        494,
        488,
        193
    ],
    "Nb of functions evaluations": 400020,
    "Computational time in seconds": 1805.6811056137085,
    "Stopping criterion in evaluations": 400000
}