8° run output:
{
    "Function": "ClusterA500.tsp",
    "Problem dimension": [
        278,
        213,
        304,
        407,
        346,
        352,
        410,
        322,
        288,
        347,
        172,
        440,
        51,
        447,
        458,
        294,
        256,
        72,
        7,
        433,
        203,
        36,
        44,
        247,
        82,
        405,
        13,
        102,
        467,
        385,
        251,
        212,
        416,
        46,
        217,
        449,
        99,
        194,
        96,
        369,
        73,
        486,
        325,
        175,
        191,
        267,
        466,
        2,
        3,
        74,
        387,
        421,
        103,
        61,
        83,
        324,
        33,
        351,
        359,
        71,
        80,
        428,
        70,
        55,
        345,
        176,
        75,
        481,
        66,
        88,
        475,
        174,
        378,
        479,
        69,
        280,
        123,
        162,
        434,
        206,
        117,
        164,
        204,
        168,
        326,
        201,
        180,
        498,
        21,
        336,
        380,
        471,
        218,
        132,
        392,
        129,
        362,
        134,
        446,
        482,
        497,
        126,
        163,
        42,
        239,
        97,
        409,
        302,
        130,
        376,
        34,
        334,
        227,
        281,
        412,
        14,
        313,
        444,
        268,
        287,
        179,
        473,
        198,
        154,
        364,
        474,
        408,
        388,
        101,
        26,
        312,
        438,
        166,
        47,
        270,
        181,
        122,
        453,
        371,
        65,
        286,
        476,
        243,
        169,
        143,
        93,
        295,
        89,
        404,
        490,
        56,
        394,
        368,
        465,
        116,
        496,
        390,
        43,
        158,
        193,
        192,
        112,
        431,
        499,
        318,
        160,
        305,
        333,
        223,
        149,
        45,
        321,
        293,
        319,
        430,
        146,
        459,
        303,
        259,
        310,
        231,
        300,
        437,
        423,
        79,
        441,
        190,
        356,
        454,
        366,
        4,
        344,
        269,
        338,
        225,
        137,
        355,
        448,
        1,
        403,
        492,
        271,
        469,
        209,
        381,
        144,
        315,
        189,
        391,
        38,
        234,
        472,
        119,
        273,
        230,
        400,
        330,
        58,
        263,
        104,
        283,
        145,
        420,
        241,
        328,
        418,
        98,
        463,
        214,
        29,
        133,
        78,
        15,
        54,
        357,
        202,
        153,
        254,
        282,
        306,
        284,
        173,
        147,
        233,
        109,
        451,
        339,
        113,
        456,
        118,
        40,
        384,
        491,
        250,
        323,
        52,
        307,
        337,
        205,
        49,
        436,
        343,
        415,
        317,
        62,
        224,
        23,
        159,
        379,
        226,
        111,
        115,
        488,
        215,
        308,
        386,
        222,
        340,
        57,
        478,
        95,
        452,
        22,
        155,
        442,
        424,
        470,
        274,
        464,
        450,
        100,
        86,
        314,
        485,
        19,
        135,
        443,
        375,
        360,
        207,
        59,
        150,
        167,
        389,
        331,
        292,
        60,
        5,
        377,
        301,
        25,
        136,
        401,
        353,
        275,
        17,
        363,
        264,
        253,
        402,
        296,
        187,
        358,
        427,
        106,
        468,
        228,
        373,
        422,
        185,
        276,
        335,
        120,
        186,
        350,
        244,
        365,
        220,
        200,
        327,
        329,
        238,
        399,
        265,
        77,
        199,
        35,
        411,
        370,
        435,
        30,
        53,
        341,
        461,
        406,
        354,
        20,
        28,
        266,
        177,
        12,
        480,
        398,
        125,
        232,
        6,
        195,
        320,
        432,
        487,
        107,
        248,
        18,
        105,
        316,
        124,
        108,
        211,
        309,
        148,
        272,
        210,
        50,
        289,
        235,
        110,
        170,
        138,
        0,
        8,
        10,
        396,
        32,
        439,
        196,
        139,
        489,
        229,
        128,
        477,
        348,
        165,
        11,
        361,
        182,
        48,
        156,
        255,
        277,
        157,
        221,
        493,
        342,
        457,
        76,
        484,
        297,
        279,
        393,
        298,
        246,
        349,
        290,
        81,
        68,
        91,
        413,
        257,
        151,
        41,
        178,
        245,
        383,
        184,
        429,
        84,
        417,
        372,
        462,
        494,
        367,
        24,
        242,
        262,
        92,
        291,
        142,
        426,
        141,
        140,
        445,
        161,
        16,
        260,
        114,
        483,
        208,
        455,
        171,
        131,
        249,
        67,
        31,
        395,
        121,
        252,
        285,
        94,
        9,
        127,
        258,
        419,
        299,
        460,
        236,
        188,
        414,
        90,
        237,
        216,
        332,
        219,
        27,
        425,
        382,
        87,
        39,
        311,
        64,
        63,
        495,
        183,
        85,
        261,
        240,
        374,
        197,
        397,
        152,
        37
    ],
    "Global Optimum": 0,
    "Algorithm": "Genetic algorithm",
    "Parameters": {
        "population": 30,
        "offspring": 30,
        "mutation probability": 0.002,
        "crossover probability": 0.9
    },
    "Fitness": 572561,
    "Solution": [
        278,
        213,
        304,
        407,
        346,
        352,
        410,
        322,
        288,
        347,
        172,
        440,
        51,
        447,
        458,
        294,
        256,
        72,
        7,
        433,
        203,
        36,
        44,
        247,
        82,
        405,
        13,
        102,
        467,
        385,
        251,
        212,
        416,
        46,
        217,
        449,
        99,
        194,
        96,
        369,
        73,
        486,
        325,
        175,
        191,
        267,
        466,
        2,
        3,
        74,
        387,
        421,
        103,
        61,
        83,
        324,
        33,
        351,
        359,
        71,
        80,
        428,
        70,
        55,
        345,
        176,
        75,
        481,
        66,
        88,
        475,
        174,
        378,
        479,
        69,
        280,
        123,
        162,
        434,
        206,
        117,
        164,
        204,
        168,
        326,
        201,
        180,
        498,
        21,
        336,
        380,
        471,
        218,
        132,
        392,
        129,
        362,
        134,
        446,
        482,
        497,
        126,
        163,
        42,
        239,
        97,
        409,
        302,
        130,
        376,
        34,
        334,
        227,
        281,
        412,
        14,
        313,
        444,
        268,
        287,
        179,
        473,
        198,
        154,
        364,
        474,
        408,
        388,
        101,
        26,
        312,
        438,
        166,
        47,
        270,
        181,
        122,
        453,
        371,
        65,
        286,
        476,
        243,
        169,
        143,
        93,
        295,
        89,
        404,
        490,
        56,
        394,
        368,
        465,
        116,
        496,
        390,
        43,
        158,
        193,
        192,
        112,
        431,
        499,
        318,
        160,
        305,
        333,
        223,
        149,
        45,
        321,
        293,
        319,
        430,
        146,
        459,
        303,
        259,
        310,
        231,
        300,
        437,
        423,
        79,
        441,
        190,
        356,
        454,
        366,
        4,
        344,
        269,
        338,
        225,
        137,
        355,
        448,
        1,
        403,
        492,
        271,
        469,
        209,
        381,
        144,
        315,
        189,
        391,
        38,
        234,
        472,
        119,
        273,
        230,
        400,
        330,
        58,
        263,
        104,
        283,
        145,
        420,
        241,
        328,
        418,
        98,
        463,
        214,
        29,
        133,
        78,
        15,
        54,
        357,
        202,
        153,
        254,
        282,
        306,
        284,
        173,
        147,
        233,
        109,
        451,
        339,
        113,
        456,
        118,
        40,
        384,
        491,
        250,
        323,
        52,
        307,
        337,
        205,
        49,
        436,
        343,
        415,
        317,
        62,
        224,
        23,
        159,
        379,
        226,
        111,
        115,
        488,
        215,
        308,
        386,
        222,
        340,
        57,
        478,
        95,
        452,
        22,
        155,
        442,
        424,
        470,
        274,
        464,
        450,
        100,
        86,
        314,
        485,
        19,
        135,
        443,
        375,
        360,
        207,
        59,
        150,
        167,
        389,
        331,
        292,
        60,
        5,
        377,
        301,
        25,
        136,
        401,
        353,
        275,
        17,
        363,
        264,
        253,
        402,
        296,
        187,
        358,
        427,
        106,
        468,
        228,
        373,
        422,
        185,
        276,
        335,
        120,
        186,
        350,
        244,
        365,
        220,
        200,
        327,
        329,
        238,
        399,
        265,
        77,
        199,
        35,
        411,
        370,
        435,
        30,
        53,
        341,
        461,
        406,
        354,
        20,
        28,
        266,
        177,
        12,
        480,
        398,
        125,
        232,
        6,
        195,
        320,
        432,
        487,
        107,
        248,
        18,
        105,
        316,
        124,
        108,
        211,
        309,
        148,
        272,
        210,
        50,
        289,
        235,
        110,
        170,
        138,
        0,
        8,
        10,
        396,
        32,
        439,
        196,
        139,
        489,
        229,
        128,
        477,
        348,
        165,
        11,
        361,
        182,
        48,
        156,
        255,
        277,
        157,
        221,
        493,
        342,
        457,
        76,
        484,
        297,
        279,
        393,
        298,
        246,
        349,
        290,
        81,
        68,
        91,
        413,
        257,
        151,
        41,
        178,
        245,
        383,
        184,
        429,
        84,
        417,
        372,
        462,
        494,
        367,
        24,
        242,
        262,
        92,
        291,
        142,
        426,
        141,
        140,
        445,
        161,
        16,
        260,
        114,
        483,
        208,
        455,
        171,
        131,
        249,
        67,
        31,
        395,
        121,
        252,
        285,
        94,
        9,
        127,
        258,
        419,
        299,
        460,
        236,
        188,
        414,
        90,
        237,
        216,
        332,
        219,
        27,
        425,
        382,
        87,
        39,
        311,
        64,
        63,
        495,
        183,
        85,
        261,
        240,
        374,
        197,
        397,
        152,
        37
    ],
    "Nb of functions evaluations": 400020,
    "Computational time in seconds": 1774.203286409378,
    "Stopping criterion in evaluations": 400000
}