19° run output:
{
    "Function": "euclidB100.tsp",
    "Problem dimension": [
        29,
        59,
        45,
        6,
        37,
        20,
        97,
        54,
        23,
        85,
        52,
        77,
        70,
        3,
        9,
        65,
        26,
        69,
        53,
        57,
        12,
        99,
        35,
        24,
        7,
        39,
        43,
        11,
        86,
        73,
        13,
        8,
        40,
        15,
        2,
        72,
        31,
        95,
        62,
        0,
        60,
        89,
        94,
        98,
        58,
        51,
        48,
        96,
        19,
        17,
        50,
        79,
        10,
        22,
        61,
        33,
        27,
        14,
        68,
        1,
        66,
        18,
        78,
        49,
        44,
        64,
        28,
        38,
        81,
        88,
        91,
        84,
        90,
        4,
        76,
        67,
        41,
        56,
        32,
        25,
        93,
        83,
        80,
        42,
        34,
        71,
        82,
        46,
        36,
        16,
        55,
        92,
        21,
        63,
        74,
        87,
        5,
        30,
        75,
        47
    ],
    "Global Optimum": 0,
    "Algorithm": "Genetic algorithm",
    "Parameters": {
        "population": 30,
        "offspring": 30,
        "mutation probability": 0.01,
        "crossover probability": 0.9
    },
    "Fitness": 90220,
    "Solution": [
        29,
        59,
        45,
        6,
        37,
        20,
        97,
        54,
        23,
        85,
        52,
        77,
        70,
        3,
        9,
        65,
        26,
        69,
        53,
        57,
        12,
        99,
        35,
        24,
        7,
        39,
        43,
        11,
        86,
        73,
        13,
        8,
        40,
        15,
        2,
        72,
        31,
        95,
        62,
        0,
        60,
        89,
        94,
        98,
        58,
        51,
        48,
        96,
        19,
        17,
        50,
        79,
        10,
        22,
        61,
        33,
        27,
        14,
        68,
        1,
        66,
        18,
        78,
        49,
        44,
        64,
        28,
        38,
        81,
        88,
        91,
        84,
        90,
        4,
        76,
        67,
        41,
        56,
        32,
        25,
        93,
        83,
        80,
        42,
        34,
        71,
        82,
        46,
        36,
        16,
        55,
        92,
        21,
        63,
        74,
        87,
        5,
        30,
        75,
        47
    ],
    "Nb of functions evaluations": 50010,
    "Computational time in seconds": 22.84870195388794,
    "Stopping criterion in evaluations": 50000
}