18° run output:
{
    "Function": "euclidB100.tsp",
    "Problem dimension": [
        8,
        11,
        37,
        80,
        61,
        64,
        46,
        81,
        99,
        33,
        72,
        89,
        16,
        29,
        47,
        52,
        27,
        59,
        75,
        70,
        42,
        45,
        79,
        19,
        30,
        54,
        96,
        57,
        5,
        77,
        3,
        69,
        85,
        53,
        13,
        22,
        58,
        34,
        87,
        73,
        86,
        48,
        84,
        82,
        67,
        56,
        0,
        18,
        88,
        12,
        51,
        36,
        94,
        93,
        6,
        65,
        92,
        41,
        2,
        50,
        9,
        35,
        66,
        1,
        26,
        90,
        62,
        71,
        7,
        20,
        17,
        14,
        39,
        15,
        43,
        40,
        55,
        74,
        63,
        28,
        49,
        4,
        21,
        44,
        76,
        60,
        98,
        68,
        91,
        24,
        95,
        31,
        32,
        78,
        83,
        38,
        25,
        23,
        10,
        97
    ],
    "Global Optimum": 0,
    "Algorithm": "Genetic algorithm",
    "Parameters": {
        "population": 30,
        "offspring": 30,
        "mutation probability": 0.01,
        "crossover probability": 0.9
    },
    "Fitness": 88001,
    "Solution": [
        8,
        11,
        37,
        80,
        61,
        64,
        46,
        81,
        99,
        33,
        72,
        89,
        16,
        29,
        47,
        52,
        27,
        59,
        75,
        70,
        42,
        45,
        79,
        19,
        30,
        54,
        96,
        57,
        5,
        77,
        3,
        69,
        85,
        53,
        13,
        22,
        58,
        34,
        87,
        73,
        86,
        48,
        84,
        82,
        67,
        56,
        0,
        18,
        88,
        12,
        51,
        36,
        94,
        93,
        6,
        65,
        92,
        41,
        2,
        50,
        9,
        35,
        66,
        1,
        26,
        90,
        62,
        71,
        7,
        20,
        17,
        14,
        39,
        15,
        43,
        40,
        55,
        74,
        63,
        28,
        49,
        4,
        21,
        44,
        76,
        60,
        98,
        68,
        91,
        24,
        95,
        31,
        32,
        78,
        83,
        38,
        25,
        23,
        10,
        97
    ],
    "Nb of functions evaluations": 50010,
    "Computational time in seconds": 22.782928705215454,
    "Stopping criterion in evaluations": 50000
}