12° run output:
{
    "Function": "euclidB100.tsp",
    "Problem dimension": [
        55,
        6,
        7,
        94,
        72,
        14,
        43,
        89,
        9,
        48,
        5,
        81,
        64,
        63,
        21,
        13,
        85,
        52,
        97,
        49,
        56,
        1,
        91,
        0,
        16,
        10,
        28,
        38,
        46,
        82,
        44,
        4,
        47,
        86,
        39,
        8,
        22,
        42,
        87,
        99,
        51,
        32,
        93,
        2,
        15,
        80,
        73,
        69,
        66,
        68,
        60,
        37,
        41,
        90,
        74,
        31,
        25,
        84,
        12,
        18,
        24,
        26,
        71,
        11,
        17,
        58,
        33,
        34,
        29,
        75,
        96,
        95,
        62,
        88,
        92,
        79,
        67,
        53,
        83,
        23,
        30,
        36,
        57,
        65,
        35,
        98,
        3,
        54,
        70,
        61,
        20,
        45,
        27,
        76,
        59,
        77,
        19,
        40,
        50,
        78
    ],
    "Global Optimum": 0,
    "Algorithm": "Genetic algorithm",
    "Parameters": {
        "population": 30,
        "offspring": 30,
        "mutation probability": 0.01,
        "crossover probability": 0.9
    },
    "Fitness": 89836,
    "Solution": [
        55,
        6,
        7,
        94,
        72,
        14,
        43,
        89,
        9,
        48,
        5,
        81,
        64,
        63,
        21,
        13,
        85,
        52,
        97,
        49,
        56,
        1,
        91,
        0,
        16,
        10,
        28,
        38,
        46,
        82,
        44,
        4,
        47,
        86,
        39,
        8,
        22,
        42,
        87,
        99,
        51,
        32,
        93,
        2,
        15,
        80,
        73,
        69,
        66,
        68,
        60,
        37,
        41,
        90,
        74,
        31,
        25,
        84,
        12,
        18,
        24,
        26,
        71,
        11,
        17,
        58,
        33,
        34,
        29,
        75,
        96,
        95,
        62,
        88,
        92,
        79,
        67,
        53,
        83,
        23,
        30,
        36,
        57,
        65,
        35,
        98,
        3,
        54,
        70,
        61,
        20,
        45,
        27,
        76,
        59,
        77,
        19,
        40,
        50,
        78
    ],
    "Nb of functions evaluations": 50010,
    "Computational time in seconds": 22.7786226272583,
    "Stopping criterion in evaluations": 50000
}