2° run output:
{
    "Function": "euclidB100.tsp",
    "Problem dimension": [
        1,
        26,
        56,
        38,
        25,
        73,
        2,
        0,
        93,
        61,
        89,
        37,
        55,
        51,
        74,
        84,
        36,
        92,
        81,
        46,
        5,
        64,
        76,
        4,
        54,
        10,
        59,
        47,
        49,
        78,
        12,
        57,
        99,
        69,
        33,
        79,
        18,
        88,
        71,
        31,
        13,
        97,
        67,
        32,
        41,
        8,
        45,
        42,
        39,
        43,
        50,
        9,
        62,
        23,
        3,
        70,
        98,
        6,
        60,
        66,
        7,
        11,
        21,
        48,
        16,
        52,
        15,
        58,
        90,
        82,
        40,
        34,
        22,
        80,
        85,
        65,
        95,
        63,
        28,
        96,
        44,
        17,
        72,
        94,
        14,
        27,
        86,
        20,
        77,
        19,
        29,
        30,
        75,
        53,
        83,
        24,
        68,
        87,
        35,
        91
    ],
    "Global Optimum": 0,
    "Algorithm": "Genetic algorithm",
    "Parameters": {
        "population": 30,
        "offspring": 30,
        "mutation probability": 0.01,
        "crossover probability": 0.9
    },
    "Fitness": 94154,
    "Solution": [
        1,
        26,
        56,
        38,
        25,
        73,
        2,
        0,
        93,
        61,
        89,
        37,
        55,
        51,
        74,
        84,
        36,
        92,
        81,
        46,
        5,
        64,
        76,
        4,
        54,
        10,
        59,
        47,
        49,
        78,
        12,
        57,
        99,
        69,
        33,
        79,
        18,
        88,
        71,
        31,
        13,
        97,
        67,
        32,
        41,
        8,
        45,
        42,
        39,
        43,
        50,
        9,
        62,
        23,
        3,
        70,
        98,
        6,
        60,
        66,
        7,
        11,
        21,
        48,
        16,
        52,
        15,
        58,
        90,
        82,
        40,
        34,
        22,
        80,
        85,
        65,
        95,
        63,
        28,
        96,
        44,
        17,
        72,
        94,
        14,
        27,
        86,
        20,
        77,
        19,
        29,
        30,
        75,
        53,
        83,
        24,
        68,
        87,
        35,
        91
    ],
    "Nb of functions evaluations": 50010,
    "Computational time in seconds": 22.686662673950195,
    "Stopping criterion in evaluations": 50000
}