20° run output:
{
    "Function": "euclidB100.tsp",
    "Problem dimension": [
        75,
        77,
        23,
        47,
        98,
        56,
        18,
        24,
        66,
        1,
        91,
        0,
        32,
        61,
        19,
        29,
        16,
        48,
        74,
        87,
        93,
        37,
        68,
        34,
        85,
        14,
        89,
        43,
        11,
        60,
        92,
        64,
        88,
        26,
        55,
        52,
        27,
        79,
        67,
        82,
        46,
        81,
        62,
        84,
        63,
        25,
        38,
        54,
        33,
        40,
        58,
        39,
        42,
        15,
        80,
        28,
        96,
        30,
        3,
        70,
        90,
        31,
        9,
        35,
        71,
        95,
        2,
        8,
        59,
        10,
        4,
        12,
        69,
        53,
        76,
        41,
        78,
        83,
        94,
        44,
        36,
        51,
        49,
        21,
        73,
        99,
        65,
        57,
        5,
        97,
        45,
        6,
        13,
        86,
        50,
        17,
        20,
        22,
        7,
        72
    ],
    "Global Optimum": 0,
    "Algorithm": "Genetic algorithm",
    "Parameters": {
        "population": 30,
        "offspring": 30,
        "mutation probability": 0.01,
        "crossover probability": 0.9
    },
    "Fitness": 88626,
    "Solution": [
        75,
        77,
        23,
        47,
        98,
        56,
        18,
        24,
        66,
        1,
        91,
        0,
        32,
        61,
        19,
        29,
        16,
        48,
        74,
        87,
        93,
        37,
        68,
        34,
        85,
        14,
        89,
        43,
        11,
        60,
        92,
        64,
        88,
        26,
        55,
        52,
        27,
        79,
        67,
        82,
        46,
        81,
        62,
        84,
        63,
        25,
        38,
        54,
        33,
        40,
        58,
        39,
        42,
        15,
        80,
        28,
        96,
        30,
        3,
        70,
        90,
        31,
        9,
        35,
        71,
        95,
        2,
        8,
        59,
        10,
        4,
        12,
        69,
        53,
        76,
        41,
        78,
        83,
        94,
        44,
        36,
        51,
        49,
        21,
        73,
        99,
        65,
        57,
        5,
        97,
        45,
        6,
        13,
        86,
        50,
        17,
        20,
        22,
        7,
        72
    ],
    "Nb of functions evaluations": 50010,
    "Computational time in seconds": 22.672584295272827,
    "Stopping criterion in evaluations": 50000
}