9° run output:
{
    "Function": "kroA750.tsp",
    "Problem dimension": [
        270,
        461,
        140,
        394,
        68,
        396,
        193,
        519,
        513,
        474,
        627,
        679,
        559,
        160,
        420,
        8,
        250,
        598,
        412,
        483,
        290,
        161,
        743,
        731,
        265,
        708,
        660,
        66,
        104,
        97,
        150,
        80,
        207,
        456,
        683,
        384,
        264,
        142,
        715,
        369,
        257,
        733,
        656,
        169,
        615,
        440,
        520,
        609,
        61,
        710,
        112,
        528,
        476,
        505,
        590,
        666,
        536,
        85,
        686,
        746,
        657,
        584,
        75,
        455,
        502,
        730,
        230,
        243,
        671,
        383,
        670,
        201,
        672,
        462,
        411,
        557,
        373,
        73,
        385,
        571,
        358,
        229,
        402,
        16,
        391,
        321,
        144,
        377,
        15,
        220,
        246,
        382,
        279,
        386,
        138,
        466,
        231,
        673,
        30,
        532,
        691,
        639,
        10,
        445,
        241,
        453,
        473,
        434,
        146,
        740,
        188,
        522,
        578,
        50,
        444,
        258,
        527,
        29,
        222,
        736,
        98,
        437,
        209,
        195,
        570,
        236,
        469,
        692,
        233,
        172,
        597,
        566,
        460,
        423,
        475,
        210,
        654,
        334,
        226,
        464,
        90,
        429,
        439,
        549,
        211,
        299,
        401,
        51,
        106,
        180,
        318,
        76,
        32,
        508,
        621,
        311,
        655,
        294,
        612,
        7,
        362,
        617,
        276,
        371,
        223,
        70,
        388,
        417,
        171,
        65,
        594,
        450,
        659,
        509,
        221,
        729,
        300,
        720,
        19,
        556,
        662,
        69,
        77,
        131,
        650,
        274,
        410,
        480,
        208,
        665,
        652,
        638,
        517,
        707,
        347,
        345,
        572,
        23,
        484,
        742,
        325,
        738,
        52,
        697,
        81,
        495,
        608,
        363,
        675,
        603,
        178,
        700,
        302,
        64,
        723,
        197,
        531,
        699,
        304,
        506,
        607,
        422,
        680,
        31,
        651,
        438,
        44,
        86,
        493,
        547,
        635,
        646,
        482,
        62,
        667,
        721,
        74,
        53,
        301,
        214,
        330,
        593,
        415,
        564,
        498,
        164,
        109,
        2,
        553,
        611,
        452,
        582,
        36,
        709,
        728,
        237,
        293,
        577,
        37,
        400,
        141,
        324,
        395,
        539,
        622,
        155,
        702,
        408,
        458,
        350,
        34,
        313,
        535,
        13,
        387,
        409,
        295,
        604,
        113,
        596,
        225,
        688,
        372,
        698,
        530,
        618,
        78,
        289,
        59,
        368,
        542,
        599,
        364,
        375,
        6,
        187,
        641,
        39,
        283,
        645,
        541,
        335,
        575,
        259,
        100,
        251,
        352,
        398,
        327,
        357,
        511,
        255,
        704,
        544,
        173,
        24,
        392,
        14,
        323,
        344,
        376,
        102,
        268,
        548,
        579,
        261,
        139,
        478,
        93,
        71,
        356,
        56,
        580,
        182,
        232,
        631,
        216,
        669,
        643,
        490,
        381,
        271,
        653,
        40,
        240,
        537,
        467,
        565,
        685,
        713,
        58,
        42,
        465,
        491,
        217,
        128,
        137,
        199,
        145,
        586,
        174,
        213,
        143,
        591,
        432,
        416,
        734,
        524,
        212,
        550,
        254,
        722,
        124,
        111,
        159,
        534,
        317,
        228,
        705,
        562,
        105,
        121,
        457,
        273,
        9,
        288,
        424,
        636,
        27,
        510,
        153,
        163,
        504,
        526,
        191,
        329,
        642,
        239,
        427,
        41,
        714,
        500,
        275,
        366,
        162,
        122,
        674,
        419,
        449,
        38,
        179,
        690,
        192,
        127,
        130,
        60,
        613,
        83,
        256,
        280,
        601,
        135,
        245,
        17,
        63,
        663,
        749,
        637,
        447,
        397,
        167,
        648,
        129,
        717,
        454,
        379,
        726,
        470,
        367,
        287,
        351,
        523,
        22,
        185,
        339,
        249,
        303,
        629,
        296,
        610,
        442,
        320,
        203,
        521,
        247,
        587,
        514,
        349,
        308,
        602,
        322,
        175,
        489,
        67,
        88,
        341,
        581,
        333,
        284,
        471,
        176,
        487,
        678,
        337,
        262,
        694,
        205,
        616,
        446,
        558,
        488,
        619,
        592,
        184,
        744,
        227,
        496,
        430,
        543,
        724,
        94,
        732,
        218,
        378,
        125,
        115,
        585,
        668,
        649,
        407,
        563,
        503,
        693,
        348,
        286,
        628,
        116,
        428,
        737,
        189,
        640,
        166,
        501,
        136,
        605,
        33,
        492,
        569,
        312,
        272,
        748,
        370,
        529,
        253,
        661,
        525,
        499,
        600,
        202,
        92,
        3,
        735,
        583,
        306,
        747,
        25,
        413,
        123,
        625,
        282,
        215,
        451,
        45,
        43,
        404,
        359,
        91,
        426,
        147,
        87,
        739,
        310,
        725,
        183,
        103,
        485,
        120,
        589,
        658,
        448,
        297,
        84,
        28,
        18,
        315,
        538,
        560,
        414,
        277,
        260,
        4,
        89,
        194,
        219,
        238,
        309,
        630,
        110,
        114,
        518,
        555,
        435,
        316,
        436,
        633,
        718,
        96,
        644,
        340,
        576,
        441,
        20,
        235,
        281,
        156,
        355,
        206,
        244,
        168,
        157,
        703,
        26,
        0,
        497,
        540,
        677,
        433,
        234,
        546,
        681,
        554,
        567,
        545,
        741,
        512,
        695,
        443,
        314,
        267,
        1,
        682,
        706,
        177,
        133,
        516,
        574,
        170,
        595,
        328,
        49,
        48,
        331,
        186,
        118,
        21,
        346,
        269,
        399,
        119,
        711,
        343,
        421,
        360,
        278,
        716,
        11,
        552,
        620,
        307,
        626,
        507,
        57,
        132,
        72,
        101,
        117,
        425,
        12,
        148,
        459,
        479,
        165,
        374,
        405,
        533,
        326,
        154,
        126,
        35,
        353,
        573,
        319,
        477,
        108,
        393,
        252,
        418,
        198,
        634,
        676,
        46,
        291,
        292,
        82,
        561,
        134,
        248,
        380,
        719,
        623,
        54,
        696,
        551,
        338,
        342,
        647,
        181,
        305,
        588,
        632,
        190,
        664,
        568,
        298,
        745,
        687,
        99,
        266,
        614,
        242,
        152,
        606,
        47,
        701,
        684,
        5,
        204,
        481,
        55,
        431,
        336,
        158,
        515,
        285,
        463,
        354,
        712,
        200,
        361,
        95,
        365,
        624,
        406,
        468,
        263,
        472,
        79,
        389,
        151,
        149,
        224,
        689,
        332,
        107,
        486,
        196,
        403,
        390,
        727,
        494
    ],
    "Global Optimum": 0,
    "Algorithm": "Genetic algorithm",
    "Parameters": {
        "population": 30,
        "offspring": 30,
        "mutation probability": 0.0013333333333333333,
        "crossover probability": 0.9
    },
    "Fitness": 887954,
    "Solution": [
        270,
        461,
        140,
        394,
        68,
        396,
        193,
        519,
        513,
        474,
        627,
        679,
        559,
        160,
        420,
        8,
        250,
        598,
        412,
        483,
        290,
        161,
        743,
        731,
        265,
        708,
        660,
        66,
        104,
        97,
        150,
        80,
        207,
        456,
        683,
        384,
        264,
        142,
        715,
        369,
        257,
        733,
        656,
        169,
        615,
        440,
        520,
        609,
        61,
        710,
        112,
        528,
        476,
        505,
        590,
        666,
        536,
        85,
        686,
        746,
        657,
        584,
        75,
        455,
        502,
        730,
        230,
        243,
        671,
        383,
        670,
        201,
        672,
        462,
        411,
        557,
        373,
        73,
        385,
        571,
        358,
        229,
        402,
        16,
        391,
        321,
        144,
        377,
        15,
        220,
        246,
        382,
        279,
        386,
        138,
        466,
        231,
        673,
        30,
        532,
        691,
        639,
        10,
        445,
        241,
        453,
        473,
        434,
        146,
        740,
        188,
        522,
        578,
        50,
        444,
        258,
        527,
        29,
        222,
        736,
        98,
        437,
        209,
        195,
        570,
        236,
        469,
        692,
        233,
        172,
        597,
        566,
        460,
        423,
        475,
        210,
        654,
        334,
        226,
        464,
        90,
        429,
        439,
        549,
        211,
        299,
        401,
        51,
        106,
        180,
        318,
        76,
        32,
        508,
        621,
        311,
        655,
        294,
        612,
        7,
        362,
        617,
        276,
        371,
        223,
        70,
        388,
        417,
        171,
        65,
        594,
        450,
        659,
        509,
        221,
        729,
        300,
        720,
        19,
        556,
        662,
        69,
        77,
        131,
        650,
        274,
        410,
        480,
        208,
        665,
        652,
        638,
        517,
        707,
        347,
        345,
        572,
        23,
        484,
        742,
        325,
        738,
        52,
        697,
        81,
        495,
        608,
        363,
        675,
        603,
        178,
        700,
        302,
        64,
        723,
        197,
        531,
        699,
        304,
        506,
        607,
        422,
        680,
        31,
        651,
        438,
        44,
        86,
        493,
        547,
        635,
        646,
        482,
        62,
        667,
        721,
        74,
        53,
        301,
        214,
        330,
        593,
        415,
        564,
        498,
        164,
        109,
        2,
        553,
        611,
        452,
        582,
        36,
        709,
        728,
        237,
        293,
        577,
        37,
        400,
        141,
        324,
        395,
        539,
        622,
        155,
        702,
        408,
        458,
        350,
        34,
        313,
        535,
        13,
        387,
        409,
        295,
        604,
        113,
        596,
        225,
        688,
        372,
        698,
        530,
        618,
        78,
        289,
        59,
        368,
        542,
        599,
        364,
        375,
        6,
        187,
        641,
        39,
        283,
        645,
        541,
        335,
        575,
        259,
        100,
        251,
        352,
        398,
        327,
        357,
        511,
        255,
        704,
        544,
        173,
        24,
        392,
        14,
        323,
        344,
        376,
        102,
        268,
        548,
        579,
        261,
        139,
        478,
        93,
        71,
        356,
        56,
        580,
        182,
        232,
        631,
        216,
        669,
        643,
        490,
        381,
        271,
        653,
        40,
        240,
        537,
        467,
        565,
        685,
        713,
        58,
        42,
        465,
        491,
        217,
        128,
        137,
        199,
        145,
        586,
        174,
        213,
        143,
        591,
        432,
        416,
        734,
        524,
        212,
        550,
        254,
        722,
        124,
        111,
        159,
        534,
        317,
        228,
        705,
        562,
        105,
        121,
        457,
        273,
        9,
        288,
        424,
        636,
        27,
        510,
        153,
        163,
        504,
        526,
        191,
        329,
        642,
        239,
        427,
        41,
        714,
        500,
        275,
        366,
        162,
        122,
        674,
        419,
        449,
        38,
        179,
        690,
        192,
        127,
        130,
        60,
        613,
        83,
        256,
        280,
        601,
        135,
        245,
        17,
        63,
        663,
        749,
        637,
        447,
        397,
        167,
        648,
        129,
        717,
        454,
        379,
        726,
        470,
        367,
        287,
        351,
        523,
        22,
        185,
        339,
        249,
        303,
        629,
        296,
        610,
        442,
        320,
        203,
        521,
        247,
        587,
        514,
        349,
        308,
        602,
        322,
        175,
        489,
        67,
        88,
        341,
        581,
        333,
        284,
        471,
        176,
        487,
        678,
        337,
        262,
        694,
        205,
        616,
        446,
        558,
        488,
        619,
        592,
        184,
        744,
        227,
        496,
        430,
        543,
        724,
        94,
        732,
        218,
        378,
        125,
        115,
        585,
        668,
        649,
        407,
        563,
        503,
        693,
        348,
        286,
        628,
        116,
        428,
        737,
        189,
        640,
        166,
        501,
        136,
        605,
        33,
        492,
        569,
        312,
        272,
        748,
        370,
        529,
        253,
        661,
        525,
        499,
        600,
        202,
        92,
        3,
        735,
        583,
        306,
        747,
        25,
        413,
        123,
        625,
        282,
        215,
        451,
        45,
        43,
        404,
        359,
        91,
        426,
        147,
        87,
        739,
        310,
        725,
        183,
        103,
        485,
        120,
        589,
        658,
        448,
        297,
        84,
        28,
        18,
        315,
        538,
        560,
        414,
        277,
        260,
        4,
        89,
        194,
        219,
        238,
        309,
        630,
        110,
        114,
        518,
        555,
        435,
        316,
        436,
        633,
        718,
        96,
        644,
        340,
        576,
        441,
        20,
        235,
        281,
        156,
        355,
        206,
        244,
        168,
        157,
        703,
        26,
        0,
        497,
        540,
        677,
        433,
        234,
        546,
        681,
        554,
        567,
        545,
        741,
        512,
        695,
        443,
        314,
        267,
        1,
        682,
        706,
        177,
        133,
        516,
        574,
        170,
        595,
        328,
        49,
        48,
        331,
        186,
        118,
        21,
        346,
        269,
        399,
        119,
        711,
        343,
        421,
        360,
        278,
        716,
        11,
        552,
        620,
        307,
        626,
        507,
        57,
        132,
        72,
        101,
        117,
        425,
        12,
        148,
        459,
        479,
        165,
        374,
        405,
        533,
        326,
        154,
        126,
        35,
        353,
        573,
        319,
        477,
        108,
        393,
        252,
        418,
        198,
        634,
        676,
        46,
        291,
        292,
        82,
        561,
        134,
        248,
        380,
        719,
        623,
        54,
        696,
        551,
        338,
        342,
        647,
        181,
        305,
        588,
        632,
        190,
        664,
        568,
        298,
        745,
        687,
        99,
        266,
        614,
        242,
        152,
        606,
        47,
        701,
        684,
        5,
        204,
        481,
        55,
        431,
        336,
        158,
        515,
        285,
        463,
        354,
        712,
        200,
        361,
        95,
        365,
        624,
        406,
        468,
        263,
        472,
        79,
        389,
        151,
        149,
        224,
        689,
        332,
        107,
        486,
        196,
        403,
        390,
        727,
        494
    ],
    "Nb of functions evaluations": 400020,
    "Computational time in seconds": 3824.7168645858765,
    "Stopping criterion in evaluations": 400000
}