7° run output:
{
    "Function": "kroA750.tsp",
    "Problem dimension": [
        180,
        5,
        442,
        253,
        729,
        229,
        409,
        613,
        160,
        145,
        587,
        486,
        282,
        0,
        730,
        387,
        480,
        713,
        119,
        687,
        146,
        574,
        733,
        376,
        668,
        468,
        273,
        586,
        491,
        233,
        348,
        689,
        606,
        373,
        243,
        509,
        550,
        488,
        58,
        276,
        441,
        13,
        43,
        737,
        68,
        62,
        11,
        357,
        680,
        652,
        650,
        556,
        546,
        484,
        59,
        736,
        431,
        527,
        682,
        64,
        465,
        448,
        129,
        617,
        701,
        396,
        717,
        405,
        678,
        460,
        101,
        181,
        108,
        702,
        264,
        671,
        325,
        520,
        455,
        444,
        99,
        341,
        169,
        395,
        686,
        608,
        60,
        2,
        504,
        303,
        63,
        636,
        429,
        423,
        492,
        113,
        628,
        538,
        171,
        218,
        34,
        140,
        151,
        138,
        72,
        139,
        329,
        268,
        577,
        653,
        503,
        263,
        664,
        399,
        351,
        342,
        292,
        516,
        380,
        182,
        471,
        619,
        314,
        723,
        410,
        66,
        227,
        217,
        523,
        635,
        384,
        246,
        286,
        382,
        461,
        422,
        67,
        211,
        610,
        696,
        326,
        712,
        466,
        661,
        132,
        644,
        65,
        86,
        521,
        374,
        49,
        149,
        240,
        512,
        322,
        707,
        254,
        623,
        421,
        369,
        153,
        170,
        640,
        734,
        107,
        381,
        155,
        77,
        47,
        295,
        727,
        452,
        349,
        87,
        616,
        540,
        319,
        703,
        531,
        84,
        57,
        536,
        216,
        499,
        345,
        88,
        561,
        571,
        278,
        603,
        98,
        274,
        196,
        36,
        236,
        150,
        514,
        419,
        643,
        318,
        691,
        575,
        38,
        26,
        519,
        614,
        190,
        175,
        301,
        485,
        25,
        337,
        416,
        659,
        401,
        388,
        156,
        633,
        629,
        590,
        97,
        627,
        688,
        583,
        495,
        558,
        564,
        470,
        490,
        478,
        144,
        568,
        226,
        30,
        232,
        670,
        541,
        356,
        533,
        308,
        697,
        695,
        203,
        393,
        7,
        186,
        595,
        201,
        311,
        235,
        605,
        133,
        417,
        164,
        386,
        191,
        237,
        92,
        443,
        530,
        300,
        567,
        669,
        709,
        70,
        647,
        354,
        168,
        506,
        104,
        672,
        591,
        662,
        510,
        710,
        463,
        394,
        71,
        708,
        90,
        100,
        320,
        315,
        291,
        566,
        599,
        615,
        327,
        458,
        534,
        127,
        272,
        436,
        154,
        746,
        23,
        433,
        622,
        572,
        115,
        148,
        222,
        501,
        136,
        655,
        159,
        306,
        476,
        142,
        620,
        722,
        94,
        403,
        194,
        692,
        52,
        238,
        537,
        14,
        522,
        183,
        215,
        666,
        576,
        83,
        81,
        193,
        207,
        44,
        366,
        288,
        85,
        208,
        526,
        331,
        15,
        51,
        438,
        141,
        426,
        743,
        400,
        481,
        261,
        336,
        111,
        517,
        137,
        125,
        298,
        355,
        19,
        607,
        54,
        525,
        660,
        552,
        439,
        674,
        430,
        408,
        368,
        343,
        699,
        89,
        654,
        424,
        61,
        239,
        39,
        544,
        683,
        346,
        718,
        698,
        166,
        174,
        284,
        55,
        212,
        407,
        178,
        641,
        594,
        472,
        69,
        202,
        549,
        271,
        551,
        449,
        330,
        582,
        37,
        163,
        219,
        477,
        265,
        592,
        281,
        371,
        363,
        209,
        247,
        557,
        176,
        513,
        427,
        637,
        630,
        539,
        210,
        8,
        700,
        242,
        350,
        588,
        21,
        475,
        483,
        277,
        547,
        79,
        328,
        358,
        22,
        624,
        299,
        199,
        82,
        305,
        665,
        42,
        578,
        428,
        487,
        500,
        362,
        200,
        251,
        334,
        412,
        290,
        128,
        323,
        420,
        562,
        518,
        248,
        415,
        406,
        213,
        124,
        543,
        33,
        456,
        269,
        370,
        469,
        673,
        359,
        259,
        361,
        187,
        598,
        553,
        313,
        35,
        179,
        74,
        609,
        116,
        205,
        511,
        706,
        147,
        249,
        352,
        379,
        738,
        735,
        340,
        383,
        347,
        162,
        279,
        663,
        76,
        9,
        726,
        275,
        198,
        502,
        601,
        742,
        48,
        584,
        157,
        344,
        3,
        657,
        493,
        745,
        224,
        739,
        413,
        173,
        283,
        649,
        266,
        177,
        172,
        474,
        189,
        626,
        255,
        704,
        548,
        262,
        385,
        367,
        293,
        280,
        6,
        256,
        17,
        505,
        545,
        4,
        646,
        524,
        425,
        10,
        310,
        740,
        121,
        50,
        73,
        454,
        131,
        391,
        677,
        332,
        375,
        535,
        589,
        451,
        241,
        560,
        185,
        515,
        489,
        130,
        580,
        479,
        749,
        126,
        244,
        333,
        705,
        123,
        600,
        56,
        188,
        602,
        440,
        117,
        206,
        230,
        720,
        555,
        16,
        621,
        732,
        715,
        309,
        360,
        573,
        289,
        656,
        611,
        529,
        152,
        353,
        234,
        563,
        585,
        184,
        316,
        747,
        631,
        260,
        748,
        714,
        453,
        91,
        45,
        304,
        245,
        364,
        418,
        435,
        158,
        220,
        258,
        32,
        221,
        143,
        554,
        579,
        618,
        508,
        457,
        725,
        122,
        1,
        728,
        634,
        28,
        302,
        446,
        473,
        392,
        694,
        105,
        24,
        494,
        532,
        642,
        106,
        459,
        338,
        593,
        675,
        267,
        204,
        570,
        596,
        681,
        118,
        496,
        297,
        711,
        41,
        225,
        389,
        114,
        638,
        542,
        294,
        467,
        744,
        390,
        27,
        612,
        565,
        223,
        110,
        679,
        397,
        402,
        312,
        287,
        581,
        109,
        651,
        31,
        447,
        78,
        632,
        40,
        252,
        507,
        721,
        112,
        135,
        639,
        693,
        335,
        716,
        270,
        731,
        404,
        339,
        414,
        724,
        528,
        93,
        228,
        604,
        192,
        120,
        658,
        20,
        497,
        29,
        377,
        95,
        365,
        102,
        434,
        197,
        12,
        482,
        667,
        18,
        645,
        450,
        161,
        321,
        498,
        317,
        378,
        684,
        676,
        195,
        307,
        432,
        53,
        372,
        597,
        134,
        685,
        250,
        231,
        625,
        285,
        464,
        411,
        46,
        324,
        96,
        690,
        445,
        741,
        462,
        167,
        569,
        559,
        257,
        214,
        103,
        80,
        719,
        296,
        648,
        75,
        437,
        165,
        398
    ],
    "Global Optimum": 0,
    "Algorithm": "Genetic algorithm",
    "Parameters": {
        "population": 30,
        "offspring": 30,
        "mutation probability": 0.0013333333333333333,
        "crossover probability": 0.9
    },
    "Fitness": 890719,
    "Solution": [
        180,
        5,
        442,
        253,
        729,
        229,
        409,
        613,
        160,
        145,
        587,
        486,
        282,
        0,
        730,
        387,
        480,
        713,
        119,
        687,
        146,
        574,
        733,
        376,
        668,
        468,
        273,
        586,
        491,
        233,
        348,
        689,
        606,
        373,
        243,
        509,
        550,
        488,
        58,
        276,
        441,
        13,
        43,
        737,
        68,
        62,
        11,
        357,
        680,
        652,
        650,
        556,
        546,
        484,
        59,
        736,
        431,
        527,
        682,
        64,
        465,
        448,
        129,
        617,
        701,
        396,
        717,
        405,
        678,
        460,
        101,
        181,
        108,
        702,
        264,
        671,
        325,
        520,
        455,
        444,
        99,
        341,
        169,
        395,
        686,
        608,
        60,
        2,
        504,
        303,
        63,
        636,
        429,
        423,
        492,
        113,
        628,
        538,
        171,
        218,
        34,
        140,
        151,
        138,
        72,
        139,
        329,
        268,
        577,
        653,
        503,
        263,
        664,
        399,
        351,
        342,
        292,
        516,
        380,
        182,
        471,
        619,
        314,
        723,
        410,
        66,
        227,
        217,
        523,
        635,
        384,
        246,
        286,
        382,
        461,
        422,
        67,
        211,
        610,
        696,
        326,
        712,
        466,
        661,
        132,
        644,
        65,
        86,
        521,
        374,
        49,
        149,
        240,
        512,
        322,
        707,
        254,
        623,
        421,
        369,
        153,
        170,
        640,
        734,
        107,
        381,
        155,
        77,
        47,
        295,
        727,
        452,
        349,
        87,
        616,
        540,
        319,
        703,
        531,
        84,
        57,
        536,
        216,
        499,
        345,
        88,
        561,
        571,
        278,
        603,
        98,
        274,
        196,
        36,
        236,
        150,
        514,
        419,
        643,
        318,
        691,
        575,
        38,
        26,
        519,
        614,
        190,
        175,
        301,
        485,
        25,
        337,
        416,
        659,
        401,
        388,
        156,
        633,
        629,
        590,
        97,
        627,
        688,
        583,
        495,
        558,
        564,
        470,
        490,
        478,
        144,
        568,
        226,
        30,
        232,
        670,
        541,
        356,
        533,
        308,
        697,
        695,
        203,
        393,
        7,
        186,
        595,
        201,
        311,
        235,
        605,
        133,
        417,
        164,
        386,
        191,
        237,
        92,
        443,
        530,
        300,
        567,
        669,
        709,
        70,
        647,
        354,
        168,
        506,
        104,
        672,
        591,
        662,
        510,
        710,
        463,
        394,
        71,
        708,
        90,
        100,
        320,
        315,
        291,
        566,
        599,
        615,
        327,
        458,
        534,
        127,
        272,
        436,
        154,
        746,
        23,
        433,
        622,
        572,
        115,
        148,
        222,
        501,
        136,
        655,
        159,
        306,
        476,
        142,
        620,
        722,
        94,
        403,
        194,
        692,
        52,
        238,
        537,
        14,
        522,
        183,
        215,
        666,
        576,
        83,
        81,
        193,
        207,
        44,
        366,
        288,
        85,
        208,
        526,
        331,
        15,
        51,
        438,
        141,
        426,
        743,
        400,
        481,
        261,
        336,
        111,
        517,
        137,
        125,
        298,
        355,
        19,
        607,
        54,
        525,
        660,
        552,
        439,
        674,
        430,
        408,
        368,
        343,
        699,
        89,
        654,
        424,
        61,
        239,
        39,
        544,
        683,
        346,
        718,
        698,
        166,
        174,
        284,
        55,
        212,
        407,
        178,
        641,
        594,
        472,
        69,
        202,
        549,
        271,
        551,
        449,
        330,
        582,
        37,
        163,
        219,
        477,
        265,
        592,
        281,
        371,
        363,
        209,
        247,
        557,
        176,
        513,
        427,
        637,
        630,
        539,
        210,
        8,
        700,
        242,
        350,
        588,
        21,
        475,
        483,
        277,
        547,
        79,
        328,
        358,
        22,
        624,
        299,
        199,
        82,
        305,
        665,
        42,
        578,
        428,
        487,
        500,
        362,
        200,
        251,
        334,
        412,
        290,
        128,
        323,
        420,
        562,
        518,
        248,
        415,
        406,
        213,
        124,
        543,
        33,
        456,
        269,
        370,
        469,
        673,
        359,
        259,
        361,
        187,
        598,
        553,
        313,
        35,
        179,
        74,
        609,
        116,
        205,
        511,
        706,
        147,
        249,
        352,
        379,
        738,
        735,
        340,
        383,
        347,
        162,
        279,
        663,
        76,
        9,
        726,
        275,
        198,
        502,
        601,
        742,
        48,
        584,
        157,
        344,
        3,
        657,
        493,
        745,
        224,
        739,
        413,
        173,
        283,
        649,
        266,
        177,
        172,
        474,
        189,
        626,
        255,
        704,
        548,
        262,
        385,
        367,
        293,
        280,
        6,
        256,
        17,
        505,
        545,
        4,
        646,
        524,
        425,
        10,
        310,
        740,
        121,
        50,
        73,
        454,
        131,
        391,
        677,
        332,
        375,
        535,
        589,
        451,
        241,
        560,
        185,
        515,
        489,
        130,
        580,
        479,
        749,
        126,
        244,
        333,
        705,
        123,
        600,
        56,
        188,
        602,
        440,
        117,
        206,
        230,
        720,
        555,
        16,
        621,
        732,
        715,
        309,
        360,
        573,
        289,
        656,
        611,
        529,
        152,
        353,
        234,
        563,
        585,
        184,
        316,
        747,
        631,
        260,
        748,
        714,
        453,
        91,
        45,
        304,
        245,
        364,
        418,
        435,
        158,
        220,
        258,
        32,
        221,
        143,
        554,
        579,
        618,
        508,
        457,
        725,
        122,
        1,
        728,
        634,
        28,
        302,
        446,
        473,
        392,
        694,
        105,
        24,
        494,
        532,
        642,
        106,
        459,
        338,
        593,
        675,
        267,
        204,
        570,
        596,
        681,
        118,
        496,
        297,
        711,
        41,
        225,
        389,
        114,
        638,
        542,
        294,
        467,
        744,
        390,
        27,
        612,
        565,
        223,
        110,
        679,
        397,
        402,
        312,
        287,
        581,
        109,
        651,
        31,
        447,
        78,
        632,
        40,
        252,
        507,
        721,
        112,
        135,
        639,
        693,
        335,
        716,
        270,
        731,
        404,
        339,
        414,
        724,
        528,
        93,
        228,
        604,
        192,
        120,
        658,
        20,
        497,
        29,
        377,
        95,
        365,
        102,
        434,
        197,
        12,
        482,
        667,
        18,
        645,
        450,
        161,
        321,
        498,
        317,
        378,
        684,
        676,
        195,
        307,
        432,
        53,
        372,
        597,
        134,
        685,
        250,
        231,
        625,
        285,
        464,
        411,
        46,
        324,
        96,
        690,
        445,
        741,
        462,
        167,
        569,
        559,
        257,
        214,
        103,
        80,
        719,
        296,
        648,
        75,
        437,
        165,
        398
    ],
    "Nb of functions evaluations": 400020,
    "Computational time in seconds": 3835.8985409736633,
    "Stopping criterion in evaluations": 400000
}