1° run output:
{
    "Function": "kroA750.tsp",
    "Problem dimension": [
        563,
        616,
        435,
        627,
        290,
        417,
        539,
        458,
        473,
        88,
        670,
        262,
        610,
        620,
        358,
        29,
        302,
        2,
        346,
        277,
        100,
        680,
        179,
        586,
        161,
        297,
        41,
        1,
        699,
        214,
        91,
        428,
        55,
        466,
        180,
        521,
        26,
        385,
        602,
        211,
        345,
        567,
        40,
        526,
        68,
        542,
        43,
        152,
        218,
        419,
        452,
        159,
        0,
        368,
        724,
        591,
        310,
        527,
        260,
        672,
        424,
        11,
        18,
        151,
        293,
        199,
        270,
        630,
        697,
        332,
        495,
        380,
        188,
        212,
        639,
        472,
        522,
        438,
        600,
        319,
        47,
        396,
        534,
        210,
        119,
        676,
        285,
        727,
        696,
        369,
        463,
        420,
        720,
        196,
        677,
        663,
        12,
        537,
        5,
        553,
        692,
        4,
        193,
        626,
        306,
        107,
        624,
        501,
        545,
        372,
        240,
        142,
        343,
        546,
        729,
        126,
        140,
        519,
        392,
        460,
        681,
        544,
        324,
        221,
        632,
        111,
        436,
        63,
        220,
        340,
        249,
        513,
        130,
        575,
        36,
        374,
        75,
        367,
        611,
        376,
        365,
        498,
        245,
        665,
        492,
        181,
        129,
        619,
        233,
        583,
        207,
        734,
        125,
        689,
        404,
        713,
        330,
        38,
        82,
        487,
        499,
        309,
        654,
        439,
        450,
        457,
        286,
        172,
        644,
        629,
        593,
        462,
        503,
        655,
        132,
        533,
        588,
        442,
        216,
        85,
        90,
        106,
        205,
        555,
        688,
        361,
        328,
        80,
        192,
        20,
        584,
        500,
        354,
        686,
        609,
        529,
        123,
        493,
        300,
        723,
        701,
        395,
        244,
        656,
        491,
        175,
        722,
        716,
        437,
        571,
        587,
        427,
        618,
        171,
        381,
        745,
        247,
        494,
        433,
        60,
        664,
        230,
        333,
        329,
        173,
        590,
        743,
        342,
        304,
        671,
        66,
        338,
        556,
        134,
        307,
        236,
        401,
        540,
        352,
        291,
        566,
        156,
        21,
        446,
        516,
        601,
        482,
        275,
        35,
        350,
        596,
        517,
        200,
        165,
        215,
        217,
        721,
        422,
        225,
        389,
        303,
        76,
        728,
        515,
        683,
        481,
        449,
        738,
        69,
        287,
        187,
        158,
        416,
        146,
        704,
        121,
        564,
        62,
        44,
        155,
        86,
        296,
        528,
        99,
        377,
        415,
        316,
        573,
        425,
        496,
        288,
        242,
        138,
        470,
        454,
        579,
        195,
        299,
        414,
        57,
        614,
        59,
        237,
        485,
        375,
        356,
        9,
        572,
        695,
        732,
        71,
        486,
        164,
        81,
        651,
        453,
        703,
        402,
        690,
        549,
        552,
        577,
        464,
        191,
        719,
        669,
        231,
        387,
        429,
        747,
        6,
        391,
        604,
        255,
        712,
        740,
        502,
        317,
        272,
        48,
        232,
        14,
        46,
        362,
        565,
        388,
        166,
        631,
        366,
        58,
        451,
        17,
        162,
        717,
        92,
        393,
        700,
        363,
        659,
        650,
        281,
        693,
        634,
        312,
        209,
        382,
        327,
        292,
        489,
        326,
        185,
        294,
        613,
        13,
        736,
        265,
        42,
        355,
        538,
        668,
        384,
        638,
        349,
        413,
        739,
        16,
        364,
        645,
        295,
        667,
        465,
        250,
        190,
        15,
        398,
        661,
        708,
        170,
        348,
        154,
        597,
        576,
        606,
        483,
        506,
        637,
        263,
        298,
        67,
        224,
        49,
        341,
        431,
        313,
        714,
        61,
        336,
        213,
        124,
        78,
        675,
        337,
        8,
        54,
        592,
        229,
        511,
        246,
        508,
        51,
        353,
        28,
        105,
        257,
        39,
        241,
        421,
        182,
        52,
        253,
        269,
        31,
        468,
        98,
        131,
        523,
        418,
        478,
        259,
        228,
        266,
        649,
        698,
        488,
        554,
        548,
        204,
        315,
        114,
        589,
        432,
        568,
        642,
        373,
        122,
        725,
        441,
        339,
        684,
        284,
        476,
        274,
        648,
        72,
        705,
        136,
        227,
        561,
        694,
        252,
        65,
        115,
        570,
        662,
        334,
        679,
        118,
        251,
        226,
        323,
        702,
        351,
        335,
        448,
        238,
        461,
        605,
        710,
        331,
        139,
        254,
        234,
        559,
        267,
        603,
        24,
        636,
        471,
        685,
        455,
        469,
        397,
        467,
        445,
        456,
        444,
        256,
        748,
        198,
        325,
        479,
        608,
        399,
        386,
        535,
        194,
        174,
        379,
        279,
        646,
        569,
        116,
        574,
        176,
        509,
        673,
        440,
        79,
        406,
        507,
        497,
        547,
        347,
        742,
        110,
        731,
        514,
        383,
        426,
        612,
        741,
        56,
        541,
        617,
        189,
        45,
        177,
        643,
        530,
        283,
        3,
        203,
        344,
        32,
        157,
        459,
        183,
        83,
        531,
        524,
        518,
        641,
        480,
        623,
        278,
        505,
        197,
        447,
        557,
        258,
        581,
        562,
        594,
        411,
        423,
        525,
        147,
        543,
        93,
        647,
        607,
        248,
        378,
        135,
        360,
        74,
        145,
        50,
        95,
        144,
        27,
        682,
        657,
        599,
        143,
        219,
        184,
        394,
        510,
        108,
        202,
        186,
        160,
        133,
        410,
        408,
        582,
        550,
        585,
        201,
        733,
        34,
        73,
        84,
        77,
        625,
        235,
        666,
        640,
        276,
        7,
        403,
        621,
        370,
        578,
        730,
        321,
        264,
        749,
        580,
        153,
        407,
        167,
        30,
        475,
        33,
        239,
        102,
        595,
        150,
        178,
        282,
        628,
        273,
        148,
        141,
        409,
        359,
        320,
        127,
        678,
        687,
        289,
        412,
        261,
        101,
        674,
        149,
        558,
        163,
        653,
        268,
        474,
        19,
        709,
        70,
        223,
        737,
        430,
        390,
        504,
        726,
        400,
        169,
        243,
        484,
        25,
        707,
        434,
        314,
        706,
        560,
        746,
        222,
        711,
        271,
        551,
        691,
        598,
        357,
        633,
        89,
        512,
        652,
        536,
        318,
        308,
        615,
        371,
        103,
        96,
        280,
        735,
        53,
        168,
        109,
        10,
        113,
        128,
        715,
        104,
        660,
        22,
        311,
        532,
        37,
        718,
        744,
        301,
        23,
        635,
        405,
        305,
        322,
        443,
        622,
        208,
        477,
        97,
        117,
        137,
        520,
        206,
        120,
        658,
        490,
        87,
        112,
        94,
        64
    ],
    "Global Optimum": 0,
    "Algorithm": "Genetic algorithm",
    "Parameters": {
        "population": 30,
        "offspring": 30,
        "mutation probability": 0.0013333333333333333,
        "crossover probability": 0.9
    },
    "Fitness": 891060,
    "Solution": [
        563,
        616,
        435,
        627,
        290,
        417,
        539,
        458,
        473,
        88,
        670,
        262,
        610,
        620,
        358,
        29,
        302,
        2,
        346,
        277,
        100,
        680,
        179,
        586,
        161,
        297,
        41,
        1,
        699,
        214,
        91,
        428,
        55,
        466,
        180,
        521,
        26,
        385,
        602,
        211,
        345,
        567,
        40,
        526,
        68,
        542,
        43,
        152,
        218,
        419,
        452,
        159,
        0,
        368,
        724,
        591,
        310,
        527,
        260,
        672,
        424,
        11,
        18,
        151,
        293,
        199,
        270,
        630,
        697,
        332,
        495,
        380,
        188,
        212,
        639,
        472,
        522,
        438,
        600,
        319,
        47,
        396,
        534,
        210,
        119,
        676,
        285,
        727,
        696,
        369,
        463,
        420,
        720,
        196,
        677,
        663,
        12,
        537,
        5,
        553,
        692,
        4,
        193,
        626,
        306,
        107,
        624,
        501,
        545,
        372,
        240,
        142,
        343,
        546,
        729,
        126,
        140,
        519,
        392,
        460,
        681,
        544,
        324,
        221,
        632,
        111,
        436,
        63,
        220,
        340,
        249,
        513,
        130,
        575,
        36,
        374,
        75,
        367,
        611,
        376,
        365,
        498,
        245,
        665,
        492,
        181,
        129,
        619,
        233,
        583,
        207,
        734,
        125,
        689,
        404,
        713,
        330,
        38,
        82,
        487,
        499,
        309,
        654,
        439,
        450,
        457,
        286,
        172,
        644,
        629,
        593,
        462,
        503,
        655,
        132,
        533,
        588,
        442,
        216,
        85,
        90,
        106,
        205,
        555,
        688,
        361,
        328,
        80,
        192,
        20,
        584,
        500,
        354,
        686,
        609,
        529,
        123,
        493,
        300,
        723,
        701,
        395,
        244,
        656,
        491,
        175,
        722,
        716,
        437,
        571,
        587,
        427,
        618,
        171,
        381,
        745,
        247,
        494,
        433,
        60,
        664,
        230,
        333,
        329,
        173,
        590,
        743,
        342,
        304,
        671,
        66,
        338,
        556,
        134,
        307,
        236,
        401,
        540,
        352,
        291,
        566,
        156,
        21,
        446,
        516,
        601,
        482,
        275,
        35,
        350,
        596,
        517,
        200,
        165,
        215,
        217,
        721,
        422,
        225,
        389,
        303,
        76,
        728,
        515,
        683,
        481,
        449,
        738,
        69,
        287,
        187,
        158,
        416,
        146,
        704,
        121,
        564,
        62,
        44,
        155,
        86,
        296,
        528,
        99,
        377,
        415,
        316,
        573,
        425,
        496,
        288,
        242,
        138,
        470,
        454,
        579,
        195,
        299,
        414,
        57,
        614,
        59,
        237,
        485,
        375,
        356,
        9,
        572,
        695,
        732,
        71,
        486,
        164,
        81,
        651,
        453,
        703,
        402,
        690,
        549,
        552,
        577,
        464,
        191,
        719,
        669,
        231,
        387,
        429,
        747,
        6,
        391,
        604,
        255,
        712,
        740,
        502,
        317,
        272,
        48,
        232,
        14,
        46,
        362,
        565,
        388,
        166,
        631,
        366,
        58,
        451,
        17,
        162,
        717,
        92,
        393,
        700,
        363,
        659,
        650,
        281,
        693,
        634,
        312,
        209,
        382,
        327,
        292,
        489,
        326,
        185,
        294,
        613,
        13,
        736,
        265,
        42,
        355,
        538,
        668,
        384,
        638,
        349,
        413,
        739,
        16,
        364,
        645,
        295,
        667,
        465,
        250,
        190,
        15,
        398,
        661,
        708,
        170,
        348,
        154,
        597,
        576,
        606,
        483,
        506,
        637,
        263,
        298,
        67,
        224,
        49,
        341,
        431,
        313,
        714,
        61,
        336,
        213,
        124,
        78,
        675,
        337,
        8,
        54,
        592,
        229,
        511,
        246,
        508,
        51,
        353,
        28,
        105,
        257,
        39,
        241,
        421,
        182,
        52,
        253,
        269,
        31,
        468,
        98,
        131,
        523,
        418,
        478,
        259,
        228,
        266,
        649,
        698,
        488,
        554,
        548,
        204,
        315,
        114,
        589,
        432,
        568,
        642,
        373,
        122,
        725,
        441,
        339,
        684,
        284,
        476,
        274,
        648,
        72,
        705,
        136,
        227,
        561,
        694,
        252,
        65,
        115,
        570,
        662,
        334,
        679,
        118,
        251,
        226,
        323,
        702,
        351,
        335,
        448,
        238,
        461,
        605,
        710,
        331,
        139,
        254,
        234,
        559,
        267,
        603,
        24,
        636,
        471,
        685,
        455,
        469,
        397,
        467,
        445,
        456,
        444,
        256,
        748,
        198,
        325,
        479,
        608,
        399,
        386,
        535,
        194,
        174,
        379,
        279,
        646,
        569,
        116,
        574,
        176,
        509,
        673,
        440,
        79,
        406,
        507,
        497,
        547,
        347,
        742,
        110,
        731,
        514,
        383,
        426,
        612,
        741,
        56,
        541,
        617,
        189,
        45,
        177,
        643,
        530,
        283,
        3,
        203,
        344,
        32,
        157,
        459,
        183,
        83,
        531,
        524,
        518,
        641,
        480,
        623,
        278,
        505,
        197,
        447,
        557,
        258,
        581,
        562,
        594,
        411,
        423,
        525,
        147,
        543,
        93,
        647,
        607,
        248,
        378,
        135,
        360,
        74,
        145,
        50,
        95,
        144,
        27,
        682,
        657,
        599,
        143,
        219,
        184,
        394,
        510,
        108,
        202,
        186,
        160,
        133,
        410,
        408,
        582,
        550,
        585,
        201,
        733,
        34,
        73,
        84,
        77,
        625,
        235,
        666,
        640,
        276,
        7,
        403,
        621,
        370,
        578,
        730,
        321,
        264,
        749,
        580,
        153,
        407,
        167,
        30,
        475,
        33,
        239,
        102,
        595,
        150,
        178,
        282,
        628,
        273,
        148,
        141,
        409,
        359,
        320,
        127,
        678,
        687,
        289,
        412,
        261,
        101,
        674,
        149,
        558,
        163,
        653,
        268,
        474,
        19,
        709,
        70,
        223,
        737,
        430,
        390,
        504,
        726,
        400,
        169,
        243,
        484,
        25,
        707,
        434,
        314,
        706,
        560,
        746,
        222,
        711,
        271,
        551,
        691,
        598,
        357,
        633,
        89,
        512,
        652,
        536,
        318,
        308,
        615,
        371,
        103,
        96,
        280,
        735,
        53,
        168,
        109,
        10,
        113,
        128,
        715,
        104,
        660,
        22,
        311,
        532,
        37,
        718,
        744,
        301,
        23,
        635,
        405,
        305,
        322,
        443,
        622,
        208,
        477,
        97,
        117,
        137,
        520,
        206,
        120,
        658,
        490,
        87,
        112,
        94,
        64
    ],
    "Nb of functions evaluations": 400020,
    "Computational time in seconds": 3845.881952524185,
    "Stopping criterion in evaluations": 400000
}