24° run output:
{
    "Function": "kroA750.tsp",
    "Problem dimension": [
        742,
        468,
        654,
        529,
        726,
        487,
        384,
        606,
        381,
        574,
        672,
        390,
        334,
        415,
        485,
        745,
        295,
        590,
        150,
        127,
        370,
        190,
        232,
        77,
        118,
        80,
        535,
        568,
        45,
        645,
        393,
        676,
        160,
        634,
        285,
        367,
        192,
        218,
        679,
        515,
        168,
        372,
        544,
        167,
        270,
        428,
        340,
        352,
        225,
        482,
        673,
        312,
        498,
        725,
        173,
        686,
        414,
        63,
        376,
        76,
        343,
        429,
        349,
        681,
        560,
        441,
        210,
        432,
        702,
        647,
        747,
        174,
        508,
        282,
        195,
        611,
        307,
        741,
        165,
        530,
        56,
        35,
        379,
        243,
        383,
        228,
        142,
        233,
        488,
        89,
        594,
        727,
        317,
        2,
        44,
        92,
        609,
        185,
        64,
        339,
        224,
        638,
        240,
        147,
        309,
        33,
        631,
        635,
        533,
        347,
        582,
        475,
        668,
        564,
        335,
        264,
        543,
        152,
        62,
        351,
        260,
        511,
        548,
        696,
        129,
        706,
        81,
        731,
        620,
        583,
        1,
        90,
        691,
        217,
        623,
        596,
        38,
        577,
        213,
        59,
        730,
        12,
        469,
        245,
        599,
        454,
        713,
        68,
        413,
        598,
        585,
        626,
        388,
        688,
        435,
        382,
        489,
        473,
        451,
        332,
        248,
        71,
        94,
        604,
        293,
        572,
        736,
        519,
        344,
        179,
        303,
        472,
        234,
        479,
        284,
        641,
        286,
        345,
        602,
        387,
        124,
        471,
        496,
        326,
        547,
        176,
        235,
        244,
        366,
        239,
        78,
        541,
        242,
        669,
        665,
        561,
        158,
        291,
        486,
        74,
        711,
        650,
        119,
        392,
        655,
        513,
        314,
        363,
        739,
        311,
        408,
        171,
        720,
        569,
        296,
        540,
        272,
        670,
        461,
        175,
        28,
        15,
        630,
        434,
        274,
        526,
        662,
        304,
        666,
        91,
        280,
        85,
        126,
        354,
        710,
        223,
        550,
        199,
        55,
        424,
        581,
        684,
        661,
        281,
        495,
        163,
        633,
        397,
        268,
        96,
        555,
        46,
        692,
        442,
        256,
        144,
        298,
        616,
        517,
        266,
        624,
        111,
        699,
        116,
        567,
        455,
        632,
        16,
        494,
        651,
        402,
        698,
        132,
        374,
        410,
        499,
        704,
        162,
        436,
        406,
        674,
        400,
        6,
        164,
        578,
        25,
        114,
        549,
        75,
        194,
        380,
        671,
        292,
        420,
        562,
        320,
        102,
        542,
        208,
        362,
        226,
        348,
        112,
        716,
        558,
        618,
        125,
        484,
        690,
        355,
        83,
        642,
        448,
        437,
        445,
        121,
        202,
        423,
        276,
        209,
        41,
        186,
        712,
        54,
        108,
        728,
        262,
        478,
        640,
        491,
        216,
        113,
        9,
        48,
        254,
        301,
        385,
        622,
        592,
        417,
        537,
        591,
        449,
        399,
        371,
        600,
        325,
        53,
        401,
        5,
        279,
        723,
        386,
        261,
        554,
        656,
        197,
        715,
        409,
        369,
        608,
        300,
        237,
        30,
        82,
        539,
        4,
        452,
        357,
        220,
        246,
        375,
        329,
        694,
        614,
        748,
        522,
        135,
        411,
        238,
        101,
        580,
        154,
        257,
        460,
        43,
        58,
        677,
        236,
        746,
        136,
        714,
        72,
        221,
        653,
        412,
        457,
        333,
        389,
        528,
        196,
        10,
        207,
        595,
        34,
        73,
        378,
        447,
        480,
        416,
        421,
        458,
        565,
        467,
        717,
        625,
        131,
        11,
        687,
        18,
        446,
        658,
        337,
        0,
        19,
        327,
        576,
        181,
        680,
        128,
        430,
        21,
        425,
        396,
        737,
        361,
        476,
        732,
        431,
        17,
        241,
        106,
        323,
        525,
        134,
        159,
        405,
        724,
        321,
        283,
        278,
        214,
        271,
        177,
        531,
        269,
        115,
        359,
        481,
        695,
        14,
        203,
        65,
        230,
        639,
        557,
        259,
        377,
        615,
        13,
        198,
        110,
        603,
        718,
        255,
        422,
        474,
        391,
        419,
        350,
        27,
        427,
        502,
        273,
        518,
        52,
        249,
        433,
        493,
        95,
        211,
        330,
        23,
        610,
        707,
        703,
        664,
        459,
        553,
        440,
        178,
        222,
        443,
        67,
        621,
        527,
        588,
        545,
        612,
        39,
        719,
        466,
        138,
        520,
        98,
        36,
        328,
        188,
        463,
        57,
        682,
        182,
        297,
        660,
        204,
        444,
        667,
        700,
        180,
        394,
        288,
        649,
        503,
        287,
        584,
        512,
        149,
        105,
        79,
        575,
        678,
        324,
        133,
        470,
        613,
        263,
        26,
        663,
        205,
        193,
        247,
        646,
        505,
        617,
        22,
        523,
        7,
        229,
        331,
        559,
        155,
        398,
        521,
        368,
        556,
        744,
        573,
        346,
        313,
        500,
        49,
        465,
        265,
        93,
        579,
        70,
        302,
        450,
        708,
        130,
        693,
        250,
        169,
        206,
        157,
        735,
        453,
        191,
        571,
        161,
        24,
        37,
        364,
        516,
        3,
        749,
        20,
        353,
        99,
        538,
        31,
        32,
        187,
        153,
        122,
        586,
        318,
        407,
        212,
        107,
        709,
        644,
        689,
        97,
        322,
        308,
        536,
        145,
        290,
        172,
        729,
        120,
        403,
        306,
        734,
        40,
        123,
        319,
        137,
        456,
        251,
        637,
        743,
        60,
        88,
        139,
        51,
        628,
        570,
        395,
        683,
        356,
        507,
        601,
        509,
        404,
        231,
        721,
        151,
        342,
        464,
        439,
        305,
        156,
        47,
        490,
        50,
        252,
        146,
        605,
        201,
        418,
        524,
        267,
        299,
        148,
        275,
        310,
        697,
        566,
        316,
        551,
        294,
        740,
        510,
        438,
        627,
        66,
        477,
        358,
        514,
        426,
        483,
        143,
        532,
        636,
        597,
        8,
        563,
        69,
        492,
        462,
        87,
        140,
        183,
        189,
        61,
        227,
        593,
        733,
        365,
        103,
        341,
        589,
        685,
        552,
        360,
        336,
        701,
        315,
        534,
        659,
        652,
        675,
        607,
        629,
        29,
        504,
        141,
        42,
        104,
        277,
        501,
        100,
        373,
        109,
        289,
        546,
        184,
        497,
        170,
        705,
        215,
        738,
        258,
        200,
        86,
        643,
        219,
        338,
        506,
        619,
        722,
        648,
        253,
        587,
        84,
        117,
        166,
        657
    ],
    "Global Optimum": 0,
    "Algorithm": "Genetic algorithm",
    "Parameters": {
        "population": 30,
        "offspring": 30,
        "mutation probability": 0.0013333333333333333,
        "crossover probability": 0.9
    },
    "Fitness": 889769,
    "Solution": [
        742,
        468,
        654,
        529,
        726,
        487,
        384,
        606,
        381,
        574,
        672,
        390,
        334,
        415,
        485,
        745,
        295,
        590,
        150,
        127,
        370,
        190,
        232,
        77,
        118,
        80,
        535,
        568,
        45,
        645,
        393,
        676,
        160,
        634,
        285,
        367,
        192,
        218,
        679,
        515,
        168,
        372,
        544,
        167,
        270,
        428,
        340,
        352,
        225,
        482,
        673,
        312,
        498,
        725,
        173,
        686,
        414,
        63,
        376,
        76,
        343,
        429,
        349,
        681,
        560,
        441,
        210,
        432,
        702,
        647,
        747,
        174,
        508,
        282,
        195,
        611,
        307,
        741,
        165,
        530,
        56,
        35,
        379,
        243,
        383,
        228,
        142,
        233,
        488,
        89,
        594,
        727,
        317,
        2,
        44,
        92,
        609,
        185,
        64,
        339,
        224,
        638,
        240,
        147,
        309,
        33,
        631,
        635,
        533,
        347,
        582,
        475,
        668,
        564,
        335,
        264,
        543,
        152,
        62,
        351,
        260,
        511,
        548,
        696,
        129,
        706,
        81,
        731,
        620,
        583,
        1,
        90,
        691,
        217,
        623,
        596,
        38,
        577,
        213,
        59,
        730,
        12,
        469,
        245,
        599,
        454,
        713,
        68,
        413,
        598,
        585,
        626,
        388,
        688,
        435,
        382,
        489,
        473,
        451,
        332,
        248,
        71,
        94,
        604,
        293,
        572,
        736,
        519,
        344,
        179,
        303,
        472,
        234,
        479,
        284,
        641,
        286,
        345,
        602,
        387,
        124,
        471,
        496,
        326,
        547,
        176,
        235,
        244,
        366,
        239,
        78,
        541,
        242,
        669,
        665,
        561,
        158,
        291,
        486,
        74,
        711,
        650,
        119,
        392,
        655,
        513,
        314,
        363,
        739,
        311,
        408,
        171,
        720,
        569,
        296,
        540,
        272,
        670,
        461,
        175,
        28,
        15,
        630,
        434,
        274,
        526,
        662,
        304,
        666,
        91,
        280,
        85,
        126,
        354,
        710,
        223,
        550,
        199,
        55,
        424,
        581,
        684,
        661,
        281,
        495,
        163,
        633,
        397,
        268,
        96,
        555,
        46,
        692,
        442,
        256,
        144,
        298,
        616,
        517,
        266,
        624,
        111,
        699,
        116,
        567,
        455,
        632,
        16,
        494,
        651,
        402,
        698,
        132,
        374,
        410,
        499,
        704,
        162,
        436,
        406,
        674,
        400,
        6,
        164,
        578,
        25,
        114,
        549,
        75,
        194,
        380,
        671,
        292,
        420,
        562,
        320,
        102,
        542,
        208,
        362,
        226,
        348,
        112,
        716,
        558,
        618,
        125,
        484,
        690,
        355,
        83,
        642,
        448,
        437,
        445,
        121,
        202,
        423,
        276,
        209,
        41,
        186,
        712,
        54,
        108,
        728,
        262,
        478,
        640,
        491,
        216,
        113,
        9,
        48,
        254,
        301,
        385,
        622,
        592,
        417,
        537,
        591,
        449,
        399,
        371,
        600,
        325,
        53,
        401,
        5,
        279,
        723,
        386,
        261,
        554,
        656,
        197,
        715,
        409,
        369,
        608,
        300,
        237,
        30,
        82,
        539,
        4,
        452,
        357,
        220,
        246,
        375,
        329,
        694,
        614,
        748,
        522,
        135,
        411,
        238,
        101,
        580,
        154,
        257,
        460,
        43,
        58,
        677,
        236,
        746,
        136,
        714,
        72,
        221,
        653,
        412,
        457,
        333,
        389,
        528,
        196,
        10,
        207,
        595,
        34,
        73,
        378,
        447,
        480,
        416,
        421,
        458,
        565,
        467,
        717,
        625,
        131,
        11,
        687,
        18,
        446,
        658,
        337,
        0,
        19,
        327,
        576,
        181,
        680,
        128,
        430,
        21,
        425,
        396,
        737,
        361,
        476,
        732,
        431,
        17,
        241,
        106,
        323,
        525,
        134,
        159,
        405,
        724,
        321,
        283,
        278,
        214,
        271,
        177,
        531,
        269,
        115,
        359,
        481,
        695,
        14,
        203,
        65,
        230,
        639,
        557,
        259,
        377,
        615,
        13,
        198,
        110,
        603,
        718,
        255,
        422,
        474,
        391,
        419,
        350,
        27,
        427,
        502,
        273,
        518,
        52,
        249,
        433,
        493,
        95,
        211,
        330,
        23,
        610,
        707,
        703,
        664,
        459,
        553,
        440,
        178,
        222,
        443,
        67,
        621,
        527,
        588,
        545,
        612,
        39,
        719,
        466,
        138,
        520,
        98,
        36,
        328,
        188,
        463,
        57,
        682,
        182,
        297,
        660,
        204,
        444,
        667,
        700,
        180,
        394,
        288,
        649,
        503,
        287,
        584,
        512,
        149,
        105,
        79,
        575,
        678,
        324,
        133,
        470,
        613,
        263,
        26,
        663,
        205,
        193,
        247,
        646,
        505,
        617,
        22,
        523,
        7,
        229,
        331,
        559,
        155,
        398,
        521,
        368,
        556,
        744,
        573,
        346,
        313,
        500,
        49,
        465,
        265,
        93,
        579,
        70,
        302,
        450,
        708,
        130,
        693,
        250,
        169,
        206,
        157,
        735,
        453,
        191,
        571,
        161,
        24,
        37,
        364,
        516,
        3,
        749,
        20,
        353,
        99,
        538,
        31,
        32,
        187,
        153,
        122,
        586,
        318,
        407,
        212,
        107,
        709,
        644,
        689,
        97,
        322,
        308,
        536,
        145,
        290,
        172,
        729,
        120,
        403,
        306,
        734,
        40,
        123,
        319,
        137,
        456,
        251,
        637,
        743,
        60,
        88,
        139,
        51,
        628,
        570,
        395,
        683,
        356,
        507,
        601,
        509,
        404,
        231,
        721,
        151,
        342,
        464,
        439,
        305,
        156,
        47,
        490,
        50,
        252,
        146,
        605,
        201,
        418,
        524,
        267,
        299,
        148,
        275,
        310,
        697,
        566,
        316,
        551,
        294,
        740,
        510,
        438,
        627,
        66,
        477,
        358,
        514,
        426,
        483,
        143,
        532,
        636,
        597,
        8,
        563,
        69,
        492,
        462,
        87,
        140,
        183,
        189,
        61,
        227,
        593,
        733,
        365,
        103,
        341,
        589,
        685,
        552,
        360,
        336,
        701,
        315,
        534,
        659,
        652,
        675,
        607,
        629,
        29,
        504,
        141,
        42,
        104,
        277,
        501,
        100,
        373,
        109,
        289,
        546,
        184,
        497,
        170,
        705,
        215,
        738,
        258,
        200,
        86,
        643,
        219,
        338,
        506,
        619,
        722,
        648,
        253,
        587,
        84,
        117,
        166,
        657
    ],
    "Nb of functions evaluations": 400020,
    "Computational time in seconds": 3878.616972208023,
    "Stopping criterion in evaluations": 400000
}