16° run output:
{
    "Function": "kroA750.tsp",
    "Problem dimension": [
        378,
        654,
        228,
        526,
        90,
        596,
        414,
        263,
        725,
        519,
        377,
        329,
        289,
        461,
        326,
        201,
        358,
        605,
        138,
        665,
        656,
        443,
        204,
        666,
        577,
        208,
        437,
        740,
        481,
        597,
        210,
        691,
        651,
        152,
        182,
        636,
        53,
        743,
        578,
        57,
        512,
        466,
        500,
        99,
        408,
        426,
        207,
        395,
        285,
        372,
        220,
        141,
        254,
        59,
        367,
        151,
        612,
        276,
        271,
        129,
        570,
        239,
        88,
        362,
        306,
        391,
        490,
        111,
        184,
        700,
        420,
        640,
        709,
        503,
        730,
        628,
        347,
        699,
        449,
        140,
        374,
        219,
        557,
        729,
        678,
        696,
        33,
        223,
        97,
        492,
        89,
        305,
        195,
        160,
        722,
        383,
        107,
        340,
        280,
        355,
        459,
        64,
        264,
        217,
        176,
        618,
        341,
        524,
        482,
        392,
        202,
        197,
        689,
        417,
        1,
        615,
        165,
        702,
        429,
        315,
        676,
        642,
        34,
        543,
        496,
        284,
        318,
        647,
        528,
        747,
        18,
        262,
        110,
        518,
        266,
        127,
        384,
        728,
        480,
        291,
        132,
        328,
        116,
        282,
        424,
        21,
        402,
        112,
        698,
        281,
        299,
        571,
        537,
        397,
        371,
        687,
        558,
        616,
        324,
        312,
        327,
        215,
        240,
        672,
        12,
        28,
        444,
        560,
        123,
        694,
        183,
        380,
        716,
        529,
        19,
        513,
        739,
        629,
        47,
        62,
        297,
        357,
        153,
        146,
        58,
        674,
        136,
        422,
        388,
        156,
        705,
        369,
        718,
        472,
        169,
        51,
        520,
        631,
        336,
        288,
        463,
        342,
        122,
        627,
        65,
        346,
        55,
        469,
        186,
        488,
        403,
        670,
        26,
        381,
        317,
        76,
        549,
        731,
        60,
        269,
        476,
        213,
        314,
        79,
        188,
        415,
        583,
        693,
        405,
        541,
        711,
        363,
        236,
        316,
        339,
        494,
        477,
        379,
        595,
        550,
        154,
        5,
        684,
        303,
        311,
        91,
        585,
        72,
        535,
        607,
        9,
        189,
        416,
        478,
        29,
        435,
        523,
        648,
        452,
        24,
        530,
        139,
        63,
        393,
        50,
        581,
        361,
        121,
        580,
        475,
        41,
        644,
        418,
        683,
        398,
        738,
        635,
        737,
        508,
        553,
        715,
        170,
        551,
        506,
        166,
        617,
        114,
        354,
        710,
        671,
        277,
        591,
        7,
        22,
        675,
        61,
        11,
        109,
        206,
        438,
        457,
        598,
        172,
        93,
        257,
        662,
        209,
        748,
        600,
        211,
        614,
        243,
        572,
        732,
        348,
        192,
        67,
        430,
        77,
        685,
        227,
        294,
        175,
        54,
        514,
        323,
        497,
        52,
        673,
        56,
        157,
        218,
        664,
        279,
        95,
        251,
        657,
        252,
        337,
        445,
        364,
        313,
        216,
        235,
        242,
        587,
        421,
        667,
        244,
        113,
        6,
        177,
        660,
        330,
        489,
        548,
        365,
        376,
        14,
        359,
        185,
        370,
        681,
        310,
        31,
        625,
        40,
        375,
        507,
        399,
        45,
        545,
        334,
        423,
        565,
        78,
        638,
        83,
        96,
        320,
        706,
        84,
        462,
        546,
        409,
        724,
        630,
        321,
        726,
        746,
        16,
        128,
        427,
        574,
        134,
        590,
        230,
        108,
        260,
        609,
        133,
        85,
        81,
        319,
        436,
        561,
        448,
        707,
        723,
        131,
        332,
        275,
        659,
        586,
        626,
        74,
        163,
        736,
        155,
        602,
        623,
        274,
        641,
        407,
        559,
        233,
        144,
        727,
        690,
        742,
        487,
        300,
        30,
        564,
        749,
        721,
        471,
        394,
        100,
        23,
        10,
        425,
        173,
        562,
        704,
        606,
        32,
        697,
        733,
        199,
        241,
        245,
        200,
        338,
        69,
        238,
        37,
        589,
        373,
        366,
        669,
        542,
        552,
        120,
        190,
        692,
        432,
        168,
        486,
        352,
        509,
        164,
        495,
        178,
        234,
        540,
        406,
        624,
        0,
        256,
        645,
        221,
        287,
        485,
        331,
        86,
        735,
        573,
        413,
        536,
        368,
        325,
        102,
        538,
        599,
        39,
        533,
        547,
        387,
        433,
        680,
        511,
        343,
        298,
        679,
        259,
        479,
        515,
        568,
        460,
        130,
        283,
        98,
        695,
        356,
        544,
        663,
        639,
        451,
        688,
        655,
        75,
        333,
        73,
        229,
        196,
        344,
        719,
        643,
        46,
        582,
        143,
        646,
        603,
        649,
        43,
        440,
        556,
        708,
        36,
        454,
        501,
        554,
        20,
        389,
        531,
        135,
        286,
        493,
        473,
        720,
        115,
        187,
        741,
        650,
        180,
        13,
        717,
        162,
        265,
        411,
        677,
        396,
        516,
        634,
        652,
        253,
        167,
        447,
        521,
        261,
        273,
        193,
        118,
        307,
        38,
        308,
        734,
        563,
        66,
        249,
        534,
        290,
        401,
        145,
        525,
        458,
        147,
        467,
        159,
        272,
        604,
        161,
        302,
        610,
        117,
        658,
        25,
        350,
        439,
        42,
        292,
        456,
        8,
        148,
        92,
        522,
        474,
        703,
        428,
        594,
        17,
        569,
        653,
        149,
        592,
        301,
        309,
        620,
        80,
        576,
        258,
        441,
        579,
        744,
        3,
        593,
        226,
        566,
        270,
        637,
        231,
        142,
        71,
        431,
        442,
        137,
        502,
        296,
        2,
        686,
        304,
        225,
        382,
        106,
        567,
        575,
        453,
        48,
        464,
        588,
        268,
        539,
        232,
        150,
        247,
        158,
        171,
        468,
        412,
        713,
        125,
        179,
        94,
        351,
        499,
        203,
        267,
        198,
        295,
        601,
        212,
        103,
        353,
        491,
        584,
        483,
        434,
        214,
        498,
        385,
        105,
        87,
        527,
        517,
        510,
        504,
        248,
        555,
        668,
        237,
        322,
        191,
        608,
        205,
        222,
        101,
        224,
        386,
        622,
        255,
        701,
        450,
        682,
        745,
        15,
        484,
        400,
        246,
        174,
        465,
        104,
        345,
        611,
        661,
        27,
        349,
        181,
        82,
        44,
        68,
        335,
        532,
        633,
        70,
        119,
        404,
        712,
        250,
        410,
        293,
        714,
        35,
        613,
        446,
        124,
        632,
        126,
        390,
        360,
        621,
        194,
        278,
        470,
        505,
        419,
        455,
        619,
        4,
        49
    ],
    "Global Optimum": 0,
    "Algorithm": "Genetic algorithm",
    "Parameters": {
        "population": 30,
        "offspring": 30,
        "mutation probability": 0.0013333333333333333,
        "crossover probability": 0.9
    },
    "Fitness": 898327,
    "Solution": [
        378,
        654,
        228,
        526,
        90,
        596,
        414,
        263,
        725,
        519,
        377,
        329,
        289,
        461,
        326,
        201,
        358,
        605,
        138,
        665,
        656,
        443,
        204,
        666,
        577,
        208,
        437,
        740,
        481,
        597,
        210,
        691,
        651,
        152,
        182,
        636,
        53,
        743,
        578,
        57,
        512,
        466,
        500,
        99,
        408,
        426,
        207,
        395,
        285,
        372,
        220,
        141,
        254,
        59,
        367,
        151,
        612,
        276,
        271,
        129,
        570,
        239,
        88,
        362,
        306,
        391,
        490,
        111,
        184,
        700,
        420,
        640,
        709,
        503,
        730,
        628,
        347,
        699,
        449,
        140,
        374,
        219,
        557,
        729,
        678,
        696,
        33,
        223,
        97,
        492,
        89,
        305,
        195,
        160,
        722,
        383,
        107,
        340,
        280,
        355,
        459,
        64,
        264,
        217,
        176,
        618,
        341,
        524,
        482,
        392,
        202,
        197,
        689,
        417,
        1,
        615,
        165,
        702,
        429,
        315,
        676,
        642,
        34,
        543,
        496,
        284,
        318,
        647,
        528,
        747,
        18,
        262,
        110,
        518,
        266,
        127,
        384,
        728,
        480,
        291,
        132,
        328,
        116,
        282,
        424,
        21,
        402,
        112,
        698,
        281,
        299,
        571,
        537,
        397,
        371,
        687,
        558,
        616,
        324,
        312,
        327,
        215,
        240,
        672,
        12,
        28,
        444,
        560,
        123,
        694,
        183,
        380,
        716,
        529,
        19,
        513,
        739,
        629,
        47,
        62,
        297,
        357,
        153,
        146,
        58,
        674,
        136,
        422,
        388,
        156,
        705,
        369,
        718,
        472,
        169,
        51,
        520,
        631,
        336,
        288,
        463,
        342,
        122,
        627,
        65,
        346,
        55,
        469,
        186,
        488,
        403,
        670,
        26,
        381,
        317,
        76,
        549,
        731,
        60,
        269,
        476,
        213,
        314,
        79,
        188,
        415,
        583,
        693,
        405,
        541,
        711,
        363,
        236,
        316,
        339,
        494,
        477,
        379,
        595,
        550,
        154,
        5,
        684,
        303,
        311,
        91,
        585,
        72,
        535,
        607,
        9,
        189,
        416,
        478,
        29,
        435,
        523,
        648,
        452,
        24,
        530,
        139,
        63,
        393,
        50,
        581,
        361,
        121,
        580,
        475,
        41,
        644,
        418,
        683,
        398,
        738,
        635,
        737,
        508,
        553,
        715,
        170,
        551,
        506,
        166,
        617,
        114,
        354,
        710,
        671,
        277,
        591,
        7,
        22,
        675,
        61,
        11,
        109,
        206,
        438,
        457,
        598,
        172,
        93,
        257,
        662,
        209,
        748,
        600,
        211,
        614,
        243,
        572,
        732,
        348,
        192,
        67,
        430,
        77,
        685,
        227,
        294,
        175,
        54,
        514,
        323,
        497,
        52,
        673,
        56,
        157,
        218,
        664,
        279,
        95,
        251,
        657,
        252,
        337,
        445,
        364,
        313,
        216,
        235,
        242,
        587,
        421,
        667,
        244,
        113,
        6,
        177,
        660,
        330,
        489,
        548,
        365,
        376,
        14,
        359,
        185,
        370,
        681,
        310,
        31,
        625,
        40,
        375,
        507,
        399,
        45,
        545,
        334,
        423,
        565,
        78,
        638,
        83,
        96,
        320,
        706,
        84,
        462,
        546,
        409,
        724,
        630,
        321,
        726,
        746,
        16,
        128,
        427,
        574,
        134,
        590,
        230,
        108,
        260,
        609,
        133,
        85,
        81,
        319,
        436,
        561,
        448,
        707,
        723,
        131,
        332,
        275,
        659,
        586,
        626,
        74,
        163,
        736,
        155,
        602,
        623,
        274,
        641,
        407,
        559,
        233,
        144,
        727,
        690,
        742,
        487,
        300,
        30,
        564,
        749,
        721,
        471,
        394,
        100,
        23,
        10,
        425,
        173,
        562,
        704,
        606,
        32,
        697,
        733,
        199,
        241,
        245,
        200,
        338,
        69,
        238,
        37,
        589,
        373,
        366,
        669,
        542,
        552,
        120,
        190,
        692,
        432,
        168,
        486,
        352,
        509,
        164,
        495,
        178,
        234,
        540,
        406,
        624,
        0,
        256,
        645,
        221,
        287,
        485,
        331,
        86,
        735,
        573,
        413,
        536,
        368,
        325,
        102,
        538,
        599,
        39,
        533,
        547,
        387,
        433,
        680,
        511,
        343,
        298,
        679,
        259,
        479,
        515,
        568,
        460,
        130,
        283,
        98,
        695,
        356,
        544,
        663,
        639,
        451,
        688,
        655,
        75,
        333,
        73,
        229,
        196,
        344,
        719,
        643,
        46,
        582,
        143,
        646,
        603,
        649,
        43,
        440,
        556,
        708,
        36,
        454,
        501,
        554,
        20,
        389,
        531,
        135,
        286,
        493,
        473,
        720,
        115,
        187,
        741,
        650,
        180,
        13,
        717,
        162,
        265,
        411,
        677,
        396,
        516,
        634,
        652,
        253,
        167,
        447,
        521,
        261,
        273,
        193,
        118,
        307,
        38,
        308,
        734,
        563,
        66,
        249,
        534,
        290,
        401,
        145,
        525,
        458,
        147,
        467,
        159,
        272,
        604,
        161,
        302,
        610,
        117,
        658,
        25,
        350,
        439,
        42,
        292,
        456,
        8,
        148,
        92,
        522,
        474,
        703,
        428,
        594,
        17,
        569,
        653,
        149,
        592,
        301,
        309,
        620,
        80,
        576,
        258,
        441,
        579,
        744,
        3,
        593,
        226,
        566,
        270,
        637,
        231,
        142,
        71,
        431,
        442,
        137,
        502,
        296,
        2,
        686,
        304,
        225,
        382,
        106,
        567,
        575,
        453,
        48,
        464,
        588,
        268,
        539,
        232,
        150,
        247,
        158,
        171,
        468,
        412,
        713,
        125,
        179,
        94,
        351,
        499,
        203,
        267,
        198,
        295,
        601,
        212,
        103,
        353,
        491,
        584,
        483,
        434,
        214,
        498,
        385,
        105,
        87,
        527,
        517,
        510,
        504,
        248,
        555,
        668,
        237,
        322,
        191,
        608,
        205,
        222,
        101,
        224,
        386,
        622,
        255,
        701,
        450,
        682,
        745,
        15,
        484,
        400,
        246,
        174,
        465,
        104,
        345,
        611,
        661,
        27,
        349,
        181,
        82,
        44,
        68,
        335,
        532,
        633,
        70,
        119,
        404,
        712,
        250,
        410,
        293,
        714,
        35,
        613,
        446,
        124,
        632,
        126,
        390,
        360,
        621,
        194,
        278,
        470,
        505,
        419,
        455,
        619,
        4,
        49
    ],
    "Nb of functions evaluations": 400020,
    "Computational time in seconds": 3835.573546886444,
    "Stopping criterion in evaluations": 400000
}