5° run output:
{
    "Function": "kroA750.tsp",
    "Problem dimension": [
        27,
        124,
        581,
        91,
        420,
        73,
        244,
        127,
        346,
        255,
        647,
        595,
        458,
        151,
        519,
        78,
        412,
        213,
        650,
        23,
        202,
        723,
        624,
        87,
        744,
        662,
        317,
        397,
        665,
        614,
        144,
        71,
        554,
        250,
        204,
        322,
        512,
        605,
        544,
        359,
        243,
        453,
        287,
        224,
        488,
        444,
        280,
        39,
        475,
        718,
        177,
        516,
        679,
        433,
        143,
        376,
        234,
        351,
        208,
        301,
        391,
        564,
        205,
        706,
        66,
        589,
        479,
        174,
        352,
        226,
        370,
        645,
        693,
        315,
        227,
        552,
        536,
        263,
        407,
        603,
        517,
        15,
        35,
        90,
        147,
        374,
        380,
        610,
        92,
        16,
        22,
        716,
        283,
        100,
        264,
        30,
        94,
        569,
        83,
        206,
        62,
        375,
        220,
        410,
        653,
        137,
        613,
        160,
        371,
        372,
        93,
        567,
        466,
        497,
        102,
        494,
        701,
        404,
        704,
        331,
        241,
        521,
        367,
        246,
        330,
        496,
        113,
        462,
        439,
        302,
        116,
        11,
        48,
        191,
        576,
        678,
        55,
        304,
        386,
        299,
        228,
        384,
        99,
        58,
        618,
        415,
        209,
        455,
        128,
        329,
        13,
        599,
        408,
        307,
        571,
        513,
        41,
        556,
        621,
        691,
        161,
        239,
        266,
        485,
        748,
        88,
        668,
        555,
        162,
        297,
        254,
        436,
        295,
        8,
        198,
        6,
        298,
        608,
        685,
        368,
        324,
        680,
        155,
        130,
        452,
        500,
        388,
        123,
        670,
        490,
        560,
        430,
        97,
        661,
        34,
        663,
        190,
        253,
        277,
        590,
        505,
        176,
        131,
        730,
        109,
        472,
        711,
        742,
        674,
        506,
        214,
        95,
        54,
        265,
        448,
        609,
        642,
        269,
        607,
        534,
        733,
        215,
        114,
        282,
        157,
        426,
        486,
        520,
        74,
        637,
        594,
        646,
        482,
        52,
        651,
        347,
        449,
        285,
        33,
        690,
        353,
        741,
        195,
        9,
        627,
        721,
        140,
        470,
        252,
        300,
        673,
        59,
        697,
        2,
        342,
        681,
        395,
        509,
        626,
        207,
        310,
        40,
        549,
        270,
        159,
        84,
        178,
        121,
        615,
        50,
        639,
        715,
        686,
        4,
        562,
        366,
        601,
        694,
        541,
        703,
        308,
        180,
        539,
        303,
        166,
        591,
        739,
        492,
        316,
        284,
        312,
        81,
        635,
        702,
        713,
        533,
        225,
        309,
        636,
        275,
        279,
        654,
        633,
        699,
        432,
        524,
        10,
        348,
        394,
        617,
        658,
        484,
        547,
        175,
        708,
        129,
        666,
        267,
        403,
        240,
        1,
        232,
        211,
        424,
        575,
        18,
        508,
        47,
        464,
        247,
        0,
        459,
        150,
        630,
        434,
        616,
        738,
        141,
        230,
        101,
        491,
        229,
        499,
        199,
        667,
        172,
        476,
        469,
        710,
        305,
        427,
        676,
        60,
        487,
        717,
        501,
        695,
        31,
        288,
        419,
        321,
        724,
        728,
        405,
        251,
        468,
        745,
        333,
        379,
        164,
        727,
        327,
        364,
        272,
        510,
        611,
        281,
        75,
        217,
        104,
        483,
        585,
        120,
        749,
        188,
        457,
        456,
        237,
        573,
        401,
        223,
        369,
        602,
        572,
        438,
        628,
        598,
        238,
        323,
        132,
        659,
        276,
        529,
        542,
        504,
        167,
        296,
        45,
        63,
        154,
        631,
        222,
        551,
        398,
        578,
        119,
        392,
        683,
        498,
        648,
        538,
        740,
        416,
        231,
        344,
        451,
        325,
        196,
        17,
        28,
        262,
        360,
        122,
        171,
        185,
        644,
        396,
        118,
        566,
        29,
        526,
        363,
        400,
        565,
        632,
        89,
        197,
        286,
        86,
        110,
        203,
        580,
        393,
        664,
        406,
        61,
        579,
        656,
        414,
        249,
        423,
        44,
        383,
        559,
        385,
        350,
        289,
        675,
        688,
        259,
        77,
        467,
        532,
        546,
        67,
        320,
        489,
        543,
        597,
        480,
        720,
        158,
        743,
        334,
        413,
        186,
        273,
        182,
        561,
        68,
        515,
        173,
        600,
        292,
        98,
        429,
        358,
        306,
        291,
        531,
        194,
        511,
        221,
        193,
        135,
        725,
        709,
        588,
        361,
        169,
        340,
        38,
        411,
        349,
        56,
        339,
        189,
        471,
        105,
        445,
        341,
        440,
        518,
        629,
        389,
        687,
        43,
        443,
        431,
        64,
        210,
        133,
        442,
        689,
        117,
        421,
        72,
        36,
        390,
        527,
        148,
        258,
        726,
        139,
        545,
        5,
        326,
        583,
        103,
        25,
        522,
        168,
        550,
        460,
        149,
        134,
        454,
        682,
        69,
        378,
        537,
        345,
        548,
        26,
        319,
        557,
        179,
        192,
        399,
        700,
        32,
        473,
        106,
        584,
        357,
        622,
        523,
        568,
        126,
        707,
        502,
        684,
        314,
        493,
        714,
        356,
        495,
        200,
        53,
        558,
        677,
        332,
        335,
        737,
        692,
        747,
        657,
        79,
        261,
        660,
        138,
        24,
        450,
        619,
        136,
        553,
        242,
        641,
        268,
        478,
        218,
        731,
        729,
        153,
        80,
        712,
        577,
        596,
        425,
        474,
        606,
        271,
        735,
        3,
        643,
        235,
        373,
        540,
        278,
        625,
        446,
        51,
        96,
        65,
        477,
        260,
        535,
        435,
        671,
        746,
        111,
        21,
        82,
        570,
        640,
        236,
        146,
        669,
        382,
        293,
        163,
        734,
        42,
        219,
        698,
        354,
        387,
        328,
        652,
        422,
        216,
        257,
        507,
        183,
        634,
        245,
        355,
        115,
        184,
        290,
        402,
        447,
        318,
        20,
        313,
        604,
        152,
        107,
        343,
        170,
        514,
        638,
        563,
        337,
        112,
        593,
        696,
        417,
        145,
        582,
        274,
        528,
        248,
        481,
        428,
        672,
        37,
        7,
        76,
        294,
        108,
        612,
        465,
        441,
        503,
        592,
        623,
        377,
        574,
        156,
        365,
        165,
        125,
        381,
        256,
        311,
        142,
        587,
        586,
        418,
        705,
        187,
        85,
        620,
        19,
        362,
        181,
        719,
        14,
        461,
        57,
        336,
        46,
        649,
        49,
        530,
        409,
        463,
        732,
        437,
        722,
        736,
        212,
        70,
        655,
        233,
        12,
        525,
        338,
        201
    ],
    "Global Optimum": 0,
    "Algorithm": "Genetic algorithm",
    "Parameters": {
        "population": 30,
        "offspring": 30,
        "mutation probability": 0.0013333333333333333,
        "crossover probability": 0.9
    },
    "Fitness": 934856,
    "Solution": [
        27,
        124,
        581,
        91,
        420,
        73,
        244,
        127,
        346,
        255,
        647,
        595,
        458,
        151,
        519,
        78,
        412,
        213,
        650,
        23,
        202,
        723,
        624,
        87,
        744,
        662,
        317,
        397,
        665,
        614,
        144,
        71,
        554,
        250,
        204,
        322,
        512,
        605,
        544,
        359,
        243,
        453,
        287,
        224,
        488,
        444,
        280,
        39,
        475,
        718,
        177,
        516,
        679,
        433,
        143,
        376,
        234,
        351,
        208,
        301,
        391,
        564,
        205,
        706,
        66,
        589,
        479,
        174,
        352,
        226,
        370,
        645,
        693,
        315,
        227,
        552,
        536,
        263,
        407,
        603,
        517,
        15,
        35,
        90,
        147,
        374,
        380,
        610,
        92,
        16,
        22,
        716,
        283,
        100,
        264,
        30,
        94,
        569,
        83,
        206,
        62,
        375,
        220,
        410,
        653,
        137,
        613,
        160,
        371,
        372,
        93,
        567,
        466,
        497,
        102,
        494,
        701,
        404,
        704,
        331,
        241,
        521,
        367,
        246,
        330,
        496,
        113,
        462,
        439,
        302,
        116,
        11,
        48,
        191,
        576,
        678,
        55,
        304,
        386,
        299,
        228,
        384,
        99,
        58,
        618,
        415,
        209,
        455,
        128,
        329,
        13,
        599,
        408,
        307,
        571,
        513,
        41,
        556,
        621,
        691,
        161,
        239,
        266,
        485,
        748,
        88,
        668,
        555,
        162,
        297,
        254,
        436,
        295,
        8,
        198,
        6,
        298,
        608,
        685,
        368,
        324,
        680,
        155,
        130,
        452,
        500,
        388,
        123,
        670,
        490,
        560,
        430,
        97,
        661,
        34,
        663,
        190,
        253,
        277,
        590,
        505,
        176,
        131,
        730,
        109,
        472,
        711,
        742,
        674,
        506,
        214,
        95,
        54,
        265,
        448,
        609,
        642,
        269,
        607,
        534,
        733,
        215,
        114,
        282,
        157,
        426,
        486,
        520,
        74,
        637,
        594,
        646,
        482,
        52,
        651,
        347,
        449,
        285,
        33,
        690,
        353,
        741,
        195,
        9,
        627,
        721,
        140,
        470,
        252,
        300,
        673,
        59,
        697,
        2,
        342,
        681,
        395,
        509,
        626,
        207,
        310,
        40,
        549,
        270,
        159,
        84,
        178,
        121,
        615,
        50,
        639,
        715,
        686,
        4,
        562,
        366,
        601,
        694,
        541,
        703,
        308,
        180,
        539,
        303,
        166,
        591,
        739,
        492,
        316,
        284,
        312,
        81,
        635,
        702,
        713,
        533,
        225,
        309,
        636,
        275,
        279,
        654,
        633,
        699,
        432,
        524,
        10,
        348,
        394,
        617,
        658,
        484,
        547,
        175,
        708,
        129,
        666,
        267,
        403,
        240,
        1,
        232,
        211,
        424,
        575,
        18,
        508,
        47,
        464,
        247,
        0,
        459,
        150,
        630,
        434,
        616,
        738,
        141,
        230,
        101,
        491,
        229,
        499,
        199,
        667,
        172,
        476,
        469,
        710,
        305,
        427,
        676,
        60,
        487,
        717,
        501,
        695,
        31,
        288,
        419,
        321,
        724,
        728,
        405,
        251,
        468,
        745,
        333,
        379,
        164,
        727,
        327,
        364,
        272,
        510,
        611,
        281,
        75,
        217,
        104,
        483,
        585,
        120,
        749,
        188,
        457,
        456,
        237,
        573,
        401,
        223,
        369,
        602,
        572,
        438,
        628,
        598,
        238,
        323,
        132,
        659,
        276,
        529,
        542,
        504,
        167,
        296,
        45,
        63,
        154,
        631,
        222,
        551,
        398,
        578,
        119,
        392,
        683,
        498,
        648,
        538,
        740,
        416,
        231,
        344,
        451,
        325,
        196,
        17,
        28,
        262,
        360,
        122,
        171,
        185,
        644,
        396,
        118,
        566,
        29,
        526,
        363,
        400,
        565,
        632,
        89,
        197,
        286,
        86,
        110,
        203,
        580,
        393,
        664,
        406,
        61,
        579,
        656,
        414,
        249,
        423,
        44,
        383,
        559,
        385,
        350,
        289,
        675,
        688,
        259,
        77,
        467,
        532,
        546,
        67,
        320,
        489,
        543,
        597,
        480,
        720,
        158,
        743,
        334,
        413,
        186,
        273,
        182,
        561,
        68,
        515,
        173,
        600,
        292,
        98,
        429,
        358,
        306,
        291,
        531,
        194,
        511,
        221,
        193,
        135,
        725,
        709,
        588,
        361,
        169,
        340,
        38,
        411,
        349,
        56,
        339,
        189,
        471,
        105,
        445,
        341,
        440,
        518,
        629,
        389,
        687,
        43,
        443,
        431,
        64,
        210,
        133,
        442,
        689,
        117,
        421,
        72,
        36,
        390,
        527,
        148,
        258,
        726,
        139,
        545,
        5,
        326,
        583,
        103,
        25,
        522,
        168,
        550,
        460,
        149,
        134,
        454,
        682,
        69,
        378,
        537,
        345,
        548,
        26,
        319,
        557,
        179,
        192,
        399,
        700,
        32,
        473,
        106,
        584,
        357,
        622,
        523,
        568,
        126,
        707,
        502,
        684,
        314,
        493,
        714,
        356,
        495,
        200,
        53,
        558,
        677,
        332,
        335,
        737,
        692,
        747,
        657,
        79,
        261,
        660,
        138,
        24,
        450,
        619,
        136,
        553,
        242,
        641,
        268,
        478,
        218,
        731,
        729,
        153,
        80,
        712,
        577,
        596,
        425,
        474,
        606,
        271,
        735,
        3,
        643,
        235,
        373,
        540,
        278,
        625,
        446,
        51,
        96,
        65,
        477,
        260,
        535,
        435,
        671,
        746,
        111,
        21,
        82,
        570,
        640,
        236,
        146,
        669,
        382,
        293,
        163,
        734,
        42,
        219,
        698,
        354,
        387,
        328,
        652,
        422,
        216,
        257,
        507,
        183,
        634,
        245,
        355,
        115,
        184,
        290,
        402,
        447,
        318,
        20,
        313,
        604,
        152,
        107,
        343,
        170,
        514,
        638,
        563,
        337,
        112,
        593,
        696,
        417,
        145,
        582,
        274,
        528,
        248,
        481,
        428,
        672,
        37,
        7,
        76,
        294,
        108,
        612,
        465,
        441,
        503,
        592,
        623,
        377,
        574,
        156,
        365,
        165,
        125,
        381,
        256,
        311,
        142,
        587,
        586,
        418,
        705,
        187,
        85,
        620,
        19,
        362,
        181,
        719,
        14,
        461,
        57,
        336,
        46,
        649,
        49,
        530,
        409,
        463,
        732,
        437,
        722,
        736,
        212,
        70,
        655,
        233,
        12,
        525,
        338,
        201
    ],
    "Nb of functions evaluations": 400020,
    "Computational time in seconds": 3865.8149769306183,
    "Stopping criterion in evaluations": 400000
}