6° run output:
{
    "Function": "ClusterB100.tsp",
    "Problem dimension": [
        30,
        23,
        94,
        1,
        63,
        71,
        27,
        89,
        58,
        3,
        99,
        64,
        75,
        93,
        5,
        95,
        11,
        48,
        98,
        9,
        79,
        72,
        47,
        70,
        76,
        51,
        66,
        41,
        80,
        61,
        59,
        25,
        74,
        4,
        90,
        33,
        84,
        65,
        52,
        21,
        6,
        16,
        45,
        49,
        17,
        10,
        36,
        73,
        53,
        29,
        40,
        8,
        0,
        62,
        56,
        18,
        85,
        68,
        96,
        88,
        35,
        26,
        69,
        60,
        14,
        7,
        87,
        37,
        32,
        34,
        19,
        97,
        54,
        78,
        13,
        67,
        81,
        92,
        57,
        39,
        38,
        86,
        15,
        50,
        91,
        43,
        31,
        42,
        2,
        44,
        20,
        22,
        24,
        46,
        77,
        82,
        28,
        12,
        83,
        55
    ],
    "Global Optimum": 0,
    "Algorithm": "Genetic algorithm",
    "Parameters": {
        "population": 30,
        "offspring": 30,
        "mutation probability": 0.01,
        "crossover probability": 0.9
    },
    "Fitness": 83182,
    "Solution": [
        30,
        23,
        94,
        1,
        63,
        71,
        27,
        89,
        58,
        3,
        99,
        64,
        75,
        93,
        5,
        95,
        11,
        48,
        98,
        9,
        79,
        72,
        47,
        70,
        76,
        51,
        66,
        41,
        80,
        61,
        59,
        25,
        74,
        4,
        90,
        33,
        84,
        65,
        52,
        21,
        6,
        16,
        45,
        49,
        17,
        10,
        36,
        73,
        53,
        29,
        40,
        8,
        0,
        62,
        56,
        18,
        85,
        68,
        96,
        88,
        35,
        26,
        69,
        60,
        14,
        7,
        87,
        37,
        32,
        34,
        19,
        97,
        54,
        78,
        13,
        67,
        81,
        92,
        57,
        39,
        38,
        86,
        15,
        50,
        91,
        43,
        31,
        42,
        2,
        44,
        20,
        22,
        24,
        46,
        77,
        82,
        28,
        12,
        83,
        55
    ],
    "Nb of functions evaluations": 50010,
    "Computational time in seconds": 22.797598123550415,
    "Stopping criterion in evaluations": 50000
}