30° run output:
{
    "Function": "ClusterB100.tsp",
    "Problem dimension": [
        68,
        56,
        84,
        54,
        23,
        97,
        18,
        16,
        7,
        52,
        6,
        0,
        76,
        21,
        66,
        95,
        58,
        96,
        73,
        25,
        86,
        35,
        98,
        19,
        99,
        9,
        1,
        53,
        45,
        34,
        67,
        17,
        90,
        62,
        65,
        77,
        85,
        63,
        55,
        51,
        5,
        40,
        38,
        72,
        57,
        11,
        13,
        78,
        29,
        80,
        93,
        82,
        41,
        2,
        10,
        92,
        64,
        69,
        20,
        81,
        74,
        48,
        4,
        87,
        8,
        33,
        88,
        14,
        75,
        22,
        26,
        42,
        59,
        61,
        60,
        79,
        46,
        70,
        37,
        32,
        91,
        30,
        31,
        89,
        50,
        43,
        47,
        12,
        3,
        28,
        49,
        39,
        44,
        94,
        36,
        71,
        83,
        15,
        27,
        24
    ],
    "Global Optimum": 0,
    "Algorithm": "Genetic algorithm",
    "Parameters": {
        "population": 30,
        "offspring": 30,
        "mutation probability": 0.01,
        "crossover probability": 0.9
    },
    "Fitness": 78429,
    "Solution": [
        68,
        56,
        84,
        54,
        23,
        97,
        18,
        16,
        7,
        52,
        6,
        0,
        76,
        21,
        66,
        95,
        58,
        96,
        73,
        25,
        86,
        35,
        98,
        19,
        99,
        9,
        1,
        53,
        45,
        34,
        67,
        17,
        90,
        62,
        65,
        77,
        85,
        63,
        55,
        51,
        5,
        40,
        38,
        72,
        57,
        11,
        13,
        78,
        29,
        80,
        93,
        82,
        41,
        2,
        10,
        92,
        64,
        69,
        20,
        81,
        74,
        48,
        4,
        87,
        8,
        33,
        88,
        14,
        75,
        22,
        26,
        42,
        59,
        61,
        60,
        79,
        46,
        70,
        37,
        32,
        91,
        30,
        31,
        89,
        50,
        43,
        47,
        12,
        3,
        28,
        49,
        39,
        44,
        94,
        36,
        71,
        83,
        15,
        27,
        24
    ],
    "Nb of functions evaluations": 50010,
    "Computational time in seconds": 23.059303522109985,
    "Stopping criterion in evaluations": 50000
}