4° run output:
{
    "Function": "kroA200.tsp",
    "Problem dimension": [
        67,
        184,
        57,
        142,
        16,
        73,
        9,
        58,
        179,
        99,
        69,
        181,
        94,
        49,
        21,
        54,
        189,
        123,
        28,
        48,
        164,
        68,
        90,
        22,
        101,
        139,
        88,
        191,
        98,
        105,
        80,
        47,
        152,
        62,
        43,
        115,
        192,
        6,
        77,
        198,
        154,
        111,
        78,
        31,
        81,
        72,
        35,
        169,
        51,
        135,
        199,
        113,
        87,
        85,
        136,
        124,
        52,
        14,
        146,
        158,
        173,
        25,
        110,
        163,
        185,
        97,
        156,
        46,
        150,
        79,
        92,
        95,
        91,
        197,
        64,
        24,
        18,
        183,
        5,
        182,
        129,
        132,
        175,
        194,
        130,
        84,
        155,
        32,
        125,
        103,
        118,
        59,
        166,
        89,
        33,
        106,
        119,
        161,
        167,
        153,
        174,
        178,
        12,
        7,
        138,
        93,
        20,
        157,
        36,
        148,
        188,
        168,
        104,
        4,
        177,
        61,
        140,
        145,
        102,
        38,
        3,
        100,
        39,
        131,
        109,
        65,
        83,
        86,
        121,
        193,
        15,
        117,
        60,
        23,
        162,
        186,
        128,
        29,
        141,
        96,
        165,
        44,
        180,
        53,
        126,
        190,
        160,
        1,
        19,
        134,
        120,
        50,
        187,
        34,
        30,
        159,
        10,
        137,
        171,
        2,
        40,
        41,
        108,
        66,
        176,
        133,
        82,
        75,
        143,
        71,
        70,
        55,
        27,
        74,
        195,
        151,
        112,
        37,
        0,
        45,
        13,
        17,
        8,
        11,
        144,
        122,
        116,
        107,
        196,
        56,
        127,
        76,
        149,
        172,
        63,
        114,
        170,
        147,
        42,
        26
    ],
    "Global Optimum": 0,
    "Algorithm": "Genetic algorithm",
    "Parameters": {
        "population": 30,
        "offspring": 30,
        "mutation probability": 0.005,
        "crossover probability": 0.9
    },
    "Fitness": 171291,
    "Solution": [
        67,
        184,
        57,
        142,
        16,
        73,
        9,
        58,
        179,
        99,
        69,
        181,
        94,
        49,
        21,
        54,
        189,
        123,
        28,
        48,
        164,
        68,
        90,
        22,
        101,
        139,
        88,
        191,
        98,
        105,
        80,
        47,
        152,
        62,
        43,
        115,
        192,
        6,
        77,
        198,
        154,
        111,
        78,
        31,
        81,
        72,
        35,
        169,
        51,
        135,
        199,
        113,
        87,
        85,
        136,
        124,
        52,
        14,
        146,
        158,
        173,
        25,
        110,
        163,
        185,
        97,
        156,
        46,
        150,
        79,
        92,
        95,
        91,
        197,
        64,
        24,
        18,
        183,
        5,
        182,
        129,
        132,
        175,
        194,
        130,
        84,
        155,
        32,
        125,
        103,
        118,
        59,
        166,
        89,
        33,
        106,
        119,
        161,
        167,
        153,
        174,
        178,
        12,
        7,
        138,
        93,
        20,
        157,
        36,
        148,
        188,
        168,
        104,
        4,
        177,
        61,
        140,
        145,
        102,
        38,
        3,
        100,
        39,
        131,
        109,
        65,
        83,
        86,
        121,
        193,
        15,
        117,
        60,
        23,
        162,
        186,
        128,
        29,
        141,
        96,
        165,
        44,
        180,
        53,
        126,
        190,
        160,
        1,
        19,
        134,
        120,
        50,
        187,
        34,
        30,
        159,
        10,
        137,
        171,
        2,
        40,
        41,
        108,
        66,
        176,
        133,
        82,
        75,
        143,
        71,
        70,
        55,
        27,
        74,
        195,
        151,
        112,
        37,
        0,
        45,
        13,
        17,
        8,
        11,
        144,
        122,
        116,
        107,
        196,
        56,
        127,
        76,
        149,
        172,
        63,
        114,
        170,
        147,
        42,
        26
    ],
    "Nb of functions evaluations": 200010,
    "Computational time in seconds": 165.4314706325531,
    "Stopping criterion in evaluations": 200000
}