16° run output:
{
    "Function": "kroA200.tsp",
    "Problem dimension": [
        105,
        179,
        44,
        80,
        196,
        10,
        9,
        94,
        136,
        138,
        194,
        42,
        104,
        4,
        82,
        172,
        149,
        168,
        79,
        19,
        186,
        190,
        26,
        114,
        156,
        38,
        182,
        64,
        39,
        109,
        148,
        163,
        129,
        70,
        151,
        37,
        102,
        61,
        171,
        45,
        178,
        14,
        128,
        87,
        73,
        96,
        40,
        153,
        188,
        32,
        83,
        51,
        115,
        117,
        183,
        2,
        119,
        74,
        197,
        0,
        17,
        20,
        181,
        75,
        146,
        29,
        162,
        8,
        135,
        25,
        52,
        7,
        89,
        140,
        147,
        97,
        55,
        184,
        126,
        111,
        122,
        60,
        173,
        84,
        11,
        90,
        93,
        175,
        177,
        49,
        71,
        185,
        66,
        76,
        100,
        99,
        118,
        113,
        33,
        28,
        110,
        166,
        56,
        155,
        130,
        98,
        174,
        23,
        6,
        91,
        54,
        46,
        30,
        134,
        154,
        21,
        16,
        63,
        85,
        143,
        58,
        180,
        160,
        124,
        132,
        112,
        101,
        139,
        127,
        131,
        108,
        161,
        1,
        167,
        12,
        141,
        107,
        43,
        169,
        88,
        34,
        150,
        13,
        65,
        125,
        106,
        144,
        78,
        41,
        133,
        170,
        142,
        145,
        24,
        57,
        22,
        164,
        47,
        152,
        50,
        198,
        137,
        103,
        81,
        31,
        53,
        5,
        67,
        69,
        157,
        176,
        159,
        165,
        15,
        121,
        193,
        116,
        120,
        158,
        3,
        18,
        92,
        48,
        187,
        62,
        95,
        86,
        35,
        192,
        59,
        68,
        72,
        195,
        27,
        199,
        189,
        123,
        77,
        36,
        191
    ],
    "Global Optimum": 0,
    "Algorithm": "Genetic algorithm",
    "Parameters": {
        "population": 30,
        "offspring": 30,
        "mutation probability": 0.005,
        "crossover probability": 0.9
    },
    "Fitness": 164140,
    "Solution": [
        105,
        179,
        44,
        80,
        196,
        10,
        9,
        94,
        136,
        138,
        194,
        42,
        104,
        4,
        82,
        172,
        149,
        168,
        79,
        19,
        186,
        190,
        26,
        114,
        156,
        38,
        182,
        64,
        39,
        109,
        148,
        163,
        129,
        70,
        151,
        37,
        102,
        61,
        171,
        45,
        178,
        14,
        128,
        87,
        73,
        96,
        40,
        153,
        188,
        32,
        83,
        51,
        115,
        117,
        183,
        2,
        119,
        74,
        197,
        0,
        17,
        20,
        181,
        75,
        146,
        29,
        162,
        8,
        135,
        25,
        52,
        7,
        89,
        140,
        147,
        97,
        55,
        184,
        126,
        111,
        122,
        60,
        173,
        84,
        11,
        90,
        93,
        175,
        177,
        49,
        71,
        185,
        66,
        76,
        100,
        99,
        118,
        113,
        33,
        28,
        110,
        166,
        56,
        155,
        130,
        98,
        174,
        23,
        6,
        91,
        54,
        46,
        30,
        134,
        154,
        21,
        16,
        63,
        85,
        143,
        58,
        180,
        160,
        124,
        132,
        112,
        101,
        139,
        127,
        131,
        108,
        161,
        1,
        167,
        12,
        141,
        107,
        43,
        169,
        88,
        34,
        150,
        13,
        65,
        125,
        106,
        144,
        78,
        41,
        133,
        170,
        142,
        145,
        24,
        57,
        22,
        164,
        47,
        152,
        50,
        198,
        137,
        103,
        81,
        31,
        53,
        5,
        67,
        69,
        157,
        176,
        159,
        165,
        15,
        121,
        193,
        116,
        120,
        158,
        3,
        18,
        92,
        48,
        187,
        62,
        95,
        86,
        35,
        192,
        59,
        68,
        72,
        195,
        27,
        199,
        189,
        123,
        77,
        36,
        191
    ],
    "Nb of functions evaluations": 200010,
    "Computational time in seconds": 163.67364835739136,
    "Stopping criterion in evaluations": 200000
}