2° run output:
{
    "Function": "kroA200.tsp",
    "Problem dimension": [
        183,
        193,
        51,
        86,
        125,
        111,
        142,
        106,
        156,
        90,
        194,
        177,
        38,
        199,
        49,
        186,
        157,
        166,
        29,
        141,
        118,
        17,
        165,
        80,
        110,
        15,
        62,
        9,
        30,
        133,
        16,
        154,
        114,
        198,
        23,
        135,
        18,
        155,
        99,
        32,
        98,
        176,
        122,
        191,
        88,
        4,
        55,
        61,
        34,
        8,
        43,
        169,
        112,
        104,
        158,
        81,
        36,
        52,
        119,
        87,
        132,
        20,
        67,
        180,
        40,
        197,
        172,
        93,
        69,
        71,
        184,
        167,
        130,
        188,
        83,
        65,
        178,
        10,
        103,
        164,
        2,
        153,
        58,
        163,
        152,
        187,
        48,
        196,
        96,
        109,
        120,
        53,
        97,
        145,
        89,
        24,
        195,
        85,
        101,
        94,
        75,
        168,
        121,
        50,
        0,
        57,
        113,
        7,
        185,
        14,
        190,
        54,
        74,
        108,
        5,
        150,
        46,
        134,
        66,
        63,
        84,
        159,
        19,
        82,
        70,
        129,
        170,
        42,
        22,
        139,
        39,
        26,
        45,
        140,
        151,
        59,
        173,
        116,
        126,
        182,
        124,
        179,
        72,
        68,
        64,
        147,
        128,
        127,
        131,
        117,
        6,
        31,
        77,
        95,
        47,
        56,
        107,
        105,
        148,
        192,
        1,
        11,
        35,
        3,
        181,
        37,
        21,
        161,
        146,
        13,
        91,
        123,
        137,
        149,
        143,
        138,
        12,
        144,
        25,
        28,
        171,
        60,
        92,
        189,
        115,
        162,
        44,
        41,
        78,
        33,
        102,
        27,
        136,
        175,
        100,
        174,
        73,
        76,
        160,
        79
    ],
    "Global Optimum": 0,
    "Algorithm": "Genetic algorithm",
    "Parameters": {
        "population": 30,
        "offspring": 30,
        "mutation probability": 0.005,
        "crossover probability": 0.9
    },
    "Fitness": 170317,
    "Solution": [
        183,
        193,
        51,
        86,
        125,
        111,
        142,
        106,
        156,
        90,
        194,
        177,
        38,
        199,
        49,
        186,
        157,
        166,
        29,
        141,
        118,
        17,
        165,
        80,
        110,
        15,
        62,
        9,
        30,
        133,
        16,
        154,
        114,
        198,
        23,
        135,
        18,
        155,
        99,
        32,
        98,
        176,
        122,
        191,
        88,
        4,
        55,
        61,
        34,
        8,
        43,
        169,
        112,
        104,
        158,
        81,
        36,
        52,
        119,
        87,
        132,
        20,
        67,
        180,
        40,
        197,
        172,
        93,
        69,
        71,
        184,
        167,
        130,
        188,
        83,
        65,
        178,
        10,
        103,
        164,
        2,
        153,
        58,
        163,
        152,
        187,
        48,
        196,
        96,
        109,
        120,
        53,
        97,
        145,
        89,
        24,
        195,
        85,
        101,
        94,
        75,
        168,
        121,
        50,
        0,
        57,
        113,
        7,
        185,
        14,
        190,
        54,
        74,
        108,
        5,
        150,
        46,
        134,
        66,
        63,
        84,
        159,
        19,
        82,
        70,
        129,
        170,
        42,
        22,
        139,
        39,
        26,
        45,
        140,
        151,
        59,
        173,
        116,
        126,
        182,
        124,
        179,
        72,
        68,
        64,
        147,
        128,
        127,
        131,
        117,
        6,
        31,
        77,
        95,
        47,
        56,
        107,
        105,
        148,
        192,
        1,
        11,
        35,
        3,
        181,
        37,
        21,
        161,
        146,
        13,
        91,
        123,
        137,
        149,
        143,
        138,
        12,
        144,
        25,
        28,
        171,
        60,
        92,
        189,
        115,
        162,
        44,
        41,
        78,
        33,
        102,
        27,
        136,
        175,
        100,
        174,
        73,
        76,
        160,
        79
    ],
    "Nb of functions evaluations": 200010,
    "Computational time in seconds": 164.24641156196594,
    "Stopping criterion in evaluations": 200000
}