8° run output:
{
    "Function": "kroA200.tsp",
    "Problem dimension": [
        148,
        146,
        39,
        163,
        90,
        143,
        94,
        9,
        152,
        65,
        43,
        121,
        62,
        125,
        83,
        50,
        161,
        160,
        180,
        71,
        129,
        151,
        147,
        128,
        162,
        123,
        159,
        126,
        66,
        197,
        116,
        171,
        23,
        137,
        103,
        96,
        81,
        77,
        117,
        173,
        122,
        30,
        106,
        175,
        37,
        0,
        11,
        75,
        69,
        172,
        101,
        139,
        112,
        1,
        186,
        156,
        76,
        157,
        100,
        191,
        166,
        82,
        34,
        154,
        185,
        52,
        84,
        10,
        95,
        80,
        40,
        184,
        4,
        33,
        46,
        192,
        120,
        3,
        35,
        67,
        42,
        136,
        177,
        38,
        104,
        138,
        59,
        47,
        165,
        73,
        107,
        149,
        93,
        181,
        60,
        45,
        49,
        85,
        87,
        133,
        108,
        16,
        57,
        170,
        102,
        70,
        97,
        74,
        7,
        145,
        89,
        140,
        27,
        55,
        5,
        29,
        130,
        68,
        20,
        127,
        63,
        54,
        78,
        176,
        131,
        26,
        28,
        198,
        15,
        158,
        193,
        32,
        153,
        53,
        119,
        144,
        183,
        99,
        141,
        188,
        64,
        12,
        114,
        115,
        51,
        155,
        58,
        195,
        61,
        167,
        2,
        72,
        44,
        196,
        14,
        79,
        168,
        48,
        105,
        17,
        178,
        98,
        13,
        109,
        189,
        174,
        179,
        56,
        91,
        164,
        86,
        31,
        8,
        6,
        36,
        19,
        134,
        88,
        22,
        194,
        132,
        199,
        113,
        150,
        135,
        25,
        41,
        142,
        24,
        18,
        111,
        21,
        182,
        124,
        190,
        110,
        92,
        118,
        169,
        187
    ],
    "Global Optimum": 0,
    "Algorithm": "Genetic algorithm",
    "Parameters": {
        "population": 30,
        "offspring": 30,
        "mutation probability": 0.005,
        "crossover probability": 0.9
    },
    "Fitness": 159920,
    "Solution": [
        148,
        146,
        39,
        163,
        90,
        143,
        94,
        9,
        152,
        65,
        43,
        121,
        62,
        125,
        83,
        50,
        161,
        160,
        180,
        71,
        129,
        151,
        147,
        128,
        162,
        123,
        159,
        126,
        66,
        197,
        116,
        171,
        23,
        137,
        103,
        96,
        81,
        77,
        117,
        173,
        122,
        30,
        106,
        175,
        37,
        0,
        11,
        75,
        69,
        172,
        101,
        139,
        112,
        1,
        186,
        156,
        76,
        157,
        100,
        191,
        166,
        82,
        34,
        154,
        185,
        52,
        84,
        10,
        95,
        80,
        40,
        184,
        4,
        33,
        46,
        192,
        120,
        3,
        35,
        67,
        42,
        136,
        177,
        38,
        104,
        138,
        59,
        47,
        165,
        73,
        107,
        149,
        93,
        181,
        60,
        45,
        49,
        85,
        87,
        133,
        108,
        16,
        57,
        170,
        102,
        70,
        97,
        74,
        7,
        145,
        89,
        140,
        27,
        55,
        5,
        29,
        130,
        68,
        20,
        127,
        63,
        54,
        78,
        176,
        131,
        26,
        28,
        198,
        15,
        158,
        193,
        32,
        153,
        53,
        119,
        144,
        183,
        99,
        141,
        188,
        64,
        12,
        114,
        115,
        51,
        155,
        58,
        195,
        61,
        167,
        2,
        72,
        44,
        196,
        14,
        79,
        168,
        48,
        105,
        17,
        178,
        98,
        13,
        109,
        189,
        174,
        179,
        56,
        91,
        164,
        86,
        31,
        8,
        6,
        36,
        19,
        134,
        88,
        22,
        194,
        132,
        199,
        113,
        150,
        135,
        25,
        41,
        142,
        24,
        18,
        111,
        21,
        182,
        124,
        190,
        110,
        92,
        118,
        169,
        187
    ],
    "Nb of functions evaluations": 200010,
    "Computational time in seconds": 163.6630790233612,
    "Stopping criterion in evaluations": 200000
}