21° run output:
{
    "Function": "kroA200.tsp",
    "Problem dimension": [
        45,
        11,
        174,
        79,
        176,
        159,
        76,
        101,
        177,
        46,
        92,
        12,
        78,
        198,
        81,
        56,
        91,
        58,
        69,
        133,
        63,
        31,
        173,
        40,
        88,
        182,
        172,
        149,
        22,
        153,
        178,
        152,
        65,
        84,
        108,
        112,
        42,
        59,
        25,
        60,
        110,
        148,
        191,
        47,
        98,
        188,
        107,
        144,
        157,
        128,
        33,
        87,
        143,
        175,
        55,
        124,
        186,
        7,
        16,
        43,
        123,
        137,
        15,
        62,
        36,
        183,
        114,
        131,
        64,
        111,
        126,
        145,
        102,
        142,
        37,
        27,
        113,
        97,
        82,
        28,
        171,
        120,
        150,
        21,
        57,
        140,
        52,
        135,
        6,
        77,
        8,
        9,
        162,
        23,
        19,
        24,
        71,
        166,
        41,
        119,
        0,
        105,
        39,
        122,
        89,
        125,
        121,
        169,
        10,
        193,
        49,
        70,
        195,
        147,
        170,
        38,
        2,
        29,
        68,
        155,
        165,
        96,
        32,
        118,
        95,
        83,
        99,
        72,
        85,
        194,
        199,
        151,
        132,
        168,
        129,
        185,
        134,
        127,
        179,
        13,
        192,
        156,
        154,
        74,
        53,
        66,
        161,
        146,
        48,
        17,
        109,
        187,
        50,
        117,
        164,
        197,
        190,
        189,
        196,
        130,
        86,
        18,
        100,
        180,
        138,
        61,
        136,
        104,
        90,
        75,
        4,
        5,
        34,
        163,
        181,
        93,
        139,
        20,
        94,
        184,
        167,
        141,
        30,
        106,
        54,
        26,
        14,
        160,
        1,
        67,
        44,
        80,
        158,
        116,
        3,
        35,
        73,
        103,
        51,
        115
    ],
    "Global Optimum": 0,
    "Algorithm": "Genetic algorithm",
    "Parameters": {
        "population": 30,
        "offspring": 30,
        "mutation probability": 0.005,
        "crossover probability": 0.9
    },
    "Fitness": 161566,
    "Solution": [
        45,
        11,
        174,
        79,
        176,
        159,
        76,
        101,
        177,
        46,
        92,
        12,
        78,
        198,
        81,
        56,
        91,
        58,
        69,
        133,
        63,
        31,
        173,
        40,
        88,
        182,
        172,
        149,
        22,
        153,
        178,
        152,
        65,
        84,
        108,
        112,
        42,
        59,
        25,
        60,
        110,
        148,
        191,
        47,
        98,
        188,
        107,
        144,
        157,
        128,
        33,
        87,
        143,
        175,
        55,
        124,
        186,
        7,
        16,
        43,
        123,
        137,
        15,
        62,
        36,
        183,
        114,
        131,
        64,
        111,
        126,
        145,
        102,
        142,
        37,
        27,
        113,
        97,
        82,
        28,
        171,
        120,
        150,
        21,
        57,
        140,
        52,
        135,
        6,
        77,
        8,
        9,
        162,
        23,
        19,
        24,
        71,
        166,
        41,
        119,
        0,
        105,
        39,
        122,
        89,
        125,
        121,
        169,
        10,
        193,
        49,
        70,
        195,
        147,
        170,
        38,
        2,
        29,
        68,
        155,
        165,
        96,
        32,
        118,
        95,
        83,
        99,
        72,
        85,
        194,
        199,
        151,
        132,
        168,
        129,
        185,
        134,
        127,
        179,
        13,
        192,
        156,
        154,
        74,
        53,
        66,
        161,
        146,
        48,
        17,
        109,
        187,
        50,
        117,
        164,
        197,
        190,
        189,
        196,
        130,
        86,
        18,
        100,
        180,
        138,
        61,
        136,
        104,
        90,
        75,
        4,
        5,
        34,
        163,
        181,
        93,
        139,
        20,
        94,
        184,
        167,
        141,
        30,
        106,
        54,
        26,
        14,
        160,
        1,
        67,
        44,
        80,
        158,
        116,
        3,
        35,
        73,
        103,
        51,
        115
    ],
    "Nb of functions evaluations": 200010,
    "Computational time in seconds": 164.15532660484314,
    "Stopping criterion in evaluations": 200000
}