30° run output:
{
    "Function": "kroB300.tsp",
    "Problem dimension": [
        36,
        151,
        71,
        163,
        93,
        278,
        173,
        190,
        258,
        254,
        150,
        172,
        41,
        5,
        179,
        79,
        128,
        218,
        271,
        55,
        67,
        122,
        9,
        78,
        19,
        261,
        277,
        284,
        242,
        82,
        171,
        220,
        265,
        124,
        222,
        272,
        252,
        187,
        170,
        274,
        21,
        83,
        51,
        106,
        60,
        226,
        295,
        174,
        253,
        160,
        251,
        66,
        204,
        2,
        231,
        198,
        288,
        52,
        193,
        235,
        25,
        260,
        17,
        62,
        127,
        207,
        86,
        49,
        152,
        286,
        46,
        118,
        161,
        168,
        53,
        195,
        31,
        282,
        297,
        143,
        257,
        16,
        202,
        109,
        154,
        215,
        203,
        117,
        99,
        196,
        180,
        273,
        29,
        159,
        37,
        107,
        61,
        39,
        149,
        178,
        87,
        244,
        194,
        234,
        291,
        280,
        290,
        211,
        92,
        141,
        263,
        210,
        100,
        269,
        230,
        223,
        185,
        23,
        81,
        228,
        175,
        33,
        268,
        241,
        3,
        132,
        64,
        74,
        70,
        275,
        48,
        148,
        169,
        121,
        112,
        227,
        245,
        7,
        96,
        188,
        4,
        89,
        243,
        276,
        14,
        88,
        15,
        58,
        123,
        120,
        155,
        125,
        135,
        26,
        54,
        267,
        146,
        192,
        246,
        50,
        212,
        216,
        40,
        219,
        91,
        266,
        147,
        56,
        65,
        130,
        102,
        270,
        283,
        28,
        298,
        126,
        166,
        75,
        116,
        45,
        140,
        233,
        111,
        47,
        8,
        114,
        138,
        294,
        238,
        42,
        165,
        248,
        105,
        237,
        136,
        296,
        225,
        6,
        205,
        18,
        153,
        250,
        24,
        249,
        59,
        247,
        156,
        164,
        101,
        158,
        287,
        97,
        167,
        214,
        22,
        95,
        232,
        177,
        142,
        224,
        189,
        110,
        68,
        209,
        182,
        57,
        115,
        255,
        72,
        12,
        285,
        32,
        184,
        103,
        104,
        262,
        292,
        134,
        35,
        1,
        63,
        98,
        27,
        90,
        94,
        0,
        84,
        200,
        11,
        221,
        137,
        229,
        157,
        293,
        217,
        133,
        279,
        44,
        289,
        129,
        80,
        183,
        30,
        77,
        181,
        13,
        108,
        119,
        199,
        264,
        236,
        139,
        113,
        186,
        206,
        145,
        176,
        299,
        213,
        73,
        201,
        43,
        191,
        76,
        208,
        10,
        20,
        144,
        259,
        34,
        38,
        256,
        69,
        197,
        281,
        239,
        131,
        85,
        162,
        240
    ],
    "Global Optimum": 0,
    "Algorithm": "Genetic algorithm",
    "Parameters": {
        "population": 30,
        "offspring": 30,
        "mutation probability": 0.0033333333333333335,
        "crossover probability": 0.9
    },
    "Fitness": 298753,
    "Solution": [
        36,
        151,
        71,
        163,
        93,
        278,
        173,
        190,
        258,
        254,
        150,
        172,
        41,
        5,
        179,
        79,
        128,
        218,
        271,
        55,
        67,
        122,
        9,
        78,
        19,
        261,
        277,
        284,
        242,
        82,
        171,
        220,
        265,
        124,
        222,
        272,
        252,
        187,
        170,
        274,
        21,
        83,
        51,
        106,
        60,
        226,
        295,
        174,
        253,
        160,
        251,
        66,
        204,
        2,
        231,
        198,
        288,
        52,
        193,
        235,
        25,
        260,
        17,
        62,
        127,
        207,
        86,
        49,
        152,
        286,
        46,
        118,
        161,
        168,
        53,
        195,
        31,
        282,
        297,
        143,
        257,
        16,
        202,
        109,
        154,
        215,
        203,
        117,
        99,
        196,
        180,
        273,
        29,
        159,
        37,
        107,
        61,
        39,
        149,
        178,
        87,
        244,
        194,
        234,
        291,
        280,
        290,
        211,
        92,
        141,
        263,
        210,
        100,
        269,
        230,
        223,
        185,
        23,
        81,
        228,
        175,
        33,
        268,
        241,
        3,
        132,
        64,
        74,
        70,
        275,
        48,
        148,
        169,
        121,
        112,
        227,
        245,
        7,
        96,
        188,
        4,
        89,
        243,
        276,
        14,
        88,
        15,
        58,
        123,
        120,
        155,
        125,
        135,
        26,
        54,
        267,
        146,
        192,
        246,
        50,
        212,
        216,
        40,
        219,
        91,
        266,
        147,
        56,
        65,
        130,
        102,
        270,
        283,
        28,
        298,
        126,
        166,
        75,
        116,
        45,
        140,
        233,
        111,
        47,
        8,
        114,
        138,
        294,
        238,
        42,
        165,
        248,
        105,
        237,
        136,
        296,
        225,
        6,
        205,
        18,
        153,
        250,
        24,
        249,
        59,
        247,
        156,
        164,
        101,
        158,
        287,
        97,
        167,
        214,
        22,
        95,
        232,
        177,
        142,
        224,
        189,
        110,
        68,
        209,
        182,
        57,
        115,
        255,
        72,
        12,
        285,
        32,
        184,
        103,
        104,
        262,
        292,
        134,
        35,
        1,
        63,
        98,
        27,
        90,
        94,
        0,
        84,
        200,
        11,
        221,
        137,
        229,
        157,
        293,
        217,
        133,
        279,
        44,
        289,
        129,
        80,
        183,
        30,
        77,
        181,
        13,
        108,
        119,
        199,
        264,
        236,
        139,
        113,
        186,
        206,
        145,
        176,
        299,
        213,
        73,
        201,
        43,
        191,
        76,
        208,
        10,
        20,
        144,
        259,
        34,
        38,
        256,
        69,
        197,
        281,
        239,
        131,
        85,
        162,
        240
    ],
    "Nb of functions evaluations": 200010,
    "Computational time in seconds": 333.62146377563477,
    "Stopping criterion in evaluations": 200000
}