13° run output:
{
    "Function": "kroB300.tsp",
    "Problem dimension": [
        218,
        31,
        120,
        236,
        203,
        138,
        45,
        68,
        6,
        15,
        186,
        266,
        51,
        115,
        53,
        226,
        109,
        246,
        250,
        224,
        190,
        284,
        95,
        292,
        230,
        257,
        23,
        289,
        155,
        47,
        194,
        69,
        255,
        87,
        54,
        238,
        101,
        50,
        296,
        76,
        286,
        71,
        103,
        3,
        18,
        150,
        276,
        176,
        100,
        107,
        183,
        151,
        84,
        156,
        130,
        175,
        223,
        37,
        144,
        279,
        163,
        265,
        89,
        8,
        26,
        166,
        259,
        56,
        195,
        254,
        222,
        129,
        199,
        147,
        24,
        83,
        272,
        262,
        237,
        274,
        260,
        221,
        99,
        131,
        122,
        59,
        179,
        252,
        177,
        278,
        2,
        28,
        247,
        73,
        105,
        104,
        219,
        35,
        79,
        196,
        78,
        273,
        66,
        132,
        249,
        97,
        145,
        231,
        36,
        142,
        271,
        244,
        121,
        90,
        281,
        200,
        189,
        17,
        290,
        136,
        91,
        113,
        34,
        94,
        70,
        173,
        287,
        123,
        165,
        263,
        143,
        215,
        248,
        27,
        11,
        275,
        134,
        161,
        127,
        152,
        170,
        243,
        213,
        227,
        240,
        126,
        149,
        38,
        20,
        174,
        245,
        12,
        191,
        212,
        125,
        285,
        154,
        108,
        13,
        80,
        187,
        137,
        277,
        172,
        228,
        16,
        206,
        41,
        1,
        102,
        201,
        82,
        181,
        86,
        140,
        55,
        61,
        96,
        65,
        111,
        192,
        153,
        74,
        85,
        167,
        14,
        44,
        202,
        81,
        256,
        116,
        46,
        22,
        294,
        21,
        235,
        164,
        220,
        42,
        146,
        270,
        232,
        77,
        119,
        29,
        193,
        67,
        180,
        98,
        92,
        32,
        234,
        9,
        110,
        133,
        204,
        25,
        229,
        4,
        197,
        293,
        298,
        169,
        214,
        216,
        158,
        295,
        128,
        118,
        40,
        205,
        264,
        267,
        207,
        141,
        10,
        157,
        48,
        159,
        162,
        258,
        19,
        168,
        282,
        208,
        171,
        241,
        60,
        283,
        210,
        239,
        268,
        106,
        184,
        57,
        33,
        93,
        64,
        209,
        182,
        117,
        288,
        299,
        217,
        7,
        52,
        188,
        269,
        148,
        233,
        297,
        112,
        253,
        160,
        114,
        178,
        185,
        291,
        49,
        63,
        124,
        225,
        280,
        88,
        198,
        5,
        139,
        43,
        62,
        30,
        261,
        242,
        72,
        39,
        135,
        75,
        58,
        211,
        0,
        251
    ],
    "Global Optimum": 0,
    "Algorithm": "Genetic algorithm",
    "Parameters": {
        "population": 30,
        "offspring": 30,
        "mutation probability": 0.0033333333333333335,
        "crossover probability": 0.9
    },
    "Fitness": 280450,
    "Solution": [
        218,
        31,
        120,
        236,
        203,
        138,
        45,
        68,
        6,
        15,
        186,
        266,
        51,
        115,
        53,
        226,
        109,
        246,
        250,
        224,
        190,
        284,
        95,
        292,
        230,
        257,
        23,
        289,
        155,
        47,
        194,
        69,
        255,
        87,
        54,
        238,
        101,
        50,
        296,
        76,
        286,
        71,
        103,
        3,
        18,
        150,
        276,
        176,
        100,
        107,
        183,
        151,
        84,
        156,
        130,
        175,
        223,
        37,
        144,
        279,
        163,
        265,
        89,
        8,
        26,
        166,
        259,
        56,
        195,
        254,
        222,
        129,
        199,
        147,
        24,
        83,
        272,
        262,
        237,
        274,
        260,
        221,
        99,
        131,
        122,
        59,
        179,
        252,
        177,
        278,
        2,
        28,
        247,
        73,
        105,
        104,
        219,
        35,
        79,
        196,
        78,
        273,
        66,
        132,
        249,
        97,
        145,
        231,
        36,
        142,
        271,
        244,
        121,
        90,
        281,
        200,
        189,
        17,
        290,
        136,
        91,
        113,
        34,
        94,
        70,
        173,
        287,
        123,
        165,
        263,
        143,
        215,
        248,
        27,
        11,
        275,
        134,
        161,
        127,
        152,
        170,
        243,
        213,
        227,
        240,
        126,
        149,
        38,
        20,
        174,
        245,
        12,
        191,
        212,
        125,
        285,
        154,
        108,
        13,
        80,
        187,
        137,
        277,
        172,
        228,
        16,
        206,
        41,
        1,
        102,
        201,
        82,
        181,
        86,
        140,
        55,
        61,
        96,
        65,
        111,
        192,
        153,
        74,
        85,
        167,
        14,
        44,
        202,
        81,
        256,
        116,
        46,
        22,
        294,
        21,
        235,
        164,
        220,
        42,
        146,
        270,
        232,
        77,
        119,
        29,
        193,
        67,
        180,
        98,
        92,
        32,
        234,
        9,
        110,
        133,
        204,
        25,
        229,
        4,
        197,
        293,
        298,
        169,
        214,
        216,
        158,
        295,
        128,
        118,
        40,
        205,
        264,
        267,
        207,
        141,
        10,
        157,
        48,
        159,
        162,
        258,
        19,
        168,
        282,
        208,
        171,
        241,
        60,
        283,
        210,
        239,
        268,
        106,
        184,
        57,
        33,
        93,
        64,
        209,
        182,
        117,
        288,
        299,
        217,
        7,
        52,
        188,
        269,
        148,
        233,
        297,
        112,
        253,
        160,
        114,
        178,
        185,
        291,
        49,
        63,
        124,
        225,
        280,
        88,
        198,
        5,
        139,
        43,
        62,
        30,
        261,
        242,
        72,
        39,
        135,
        75,
        58,
        211,
        0,
        251
    ],
    "Nb of functions evaluations": 200010,
    "Computational time in seconds": 333.2592170238495,
    "Stopping criterion in evaluations": 200000
}