9° run output:
{
    "Function": "euclidA300.tsp",
    "Problem dimension": [
        194,
        136,
        238,
        77,
        184,
        150,
        0,
        193,
        111,
        153,
        133,
        109,
        168,
        75,
        97,
        215,
        96,
        14,
        264,
        252,
        267,
        123,
        40,
        10,
        213,
        26,
        39,
        220,
        1,
        126,
        174,
        259,
        63,
        290,
        254,
        143,
        43,
        294,
        113,
        283,
        144,
        106,
        62,
        239,
        22,
        149,
        101,
        116,
        154,
        157,
        205,
        135,
        288,
        82,
        80,
        192,
        167,
        112,
        65,
        64,
        295,
        127,
        271,
        98,
        185,
        60,
        204,
        117,
        29,
        257,
        28,
        119,
        3,
        121,
        16,
        226,
        169,
        179,
        197,
        261,
        222,
        102,
        189,
        156,
        183,
        46,
        105,
        90,
        21,
        163,
        158,
        199,
        120,
        78,
        162,
        164,
        240,
        47,
        280,
        41,
        291,
        132,
        72,
        186,
        209,
        15,
        227,
        103,
        248,
        56,
        12,
        242,
        33,
        241,
        59,
        249,
        160,
        255,
        287,
        139,
        266,
        159,
        85,
        208,
        299,
        273,
        274,
        42,
        206,
        76,
        128,
        89,
        232,
        203,
        92,
        99,
        172,
        13,
        108,
        152,
        236,
        61,
        230,
        50,
        20,
        269,
        217,
        292,
        165,
        51,
        31,
        277,
        8,
        58,
        125,
        87,
        7,
        142,
        53,
        52,
        223,
        86,
        216,
        191,
        137,
        298,
        200,
        190,
        37,
        250,
        276,
        188,
        196,
        177,
        155,
        296,
        233,
        260,
        140,
        289,
        122,
        251,
        275,
        161,
        44,
        23,
        2,
        54,
        38,
        11,
        207,
        88,
        17,
        166,
        36,
        130,
        107,
        57,
        141,
        93,
        225,
        30,
        176,
        178,
        35,
        24,
        244,
        284,
        258,
        129,
        74,
        67,
        182,
        148,
        210,
        32,
        25,
        198,
        115,
        281,
        94,
        79,
        5,
        247,
        114,
        55,
        224,
        265,
        282,
        212,
        246,
        270,
        181,
        118,
        293,
        297,
        73,
        95,
        110,
        146,
        70,
        100,
        218,
        268,
        45,
        229,
        19,
        104,
        6,
        68,
        228,
        66,
        279,
        18,
        219,
        285,
        286,
        171,
        91,
        151,
        237,
        201,
        147,
        9,
        263,
        173,
        256,
        84,
        187,
        71,
        234,
        138,
        27,
        145,
        202,
        134,
        214,
        245,
        170,
        231,
        272,
        81,
        235,
        48,
        34,
        4,
        211,
        49,
        195,
        221,
        278,
        83,
        131,
        180,
        243,
        175,
        69,
        262,
        253,
        124
    ],
    "Global Optimum": 0,
    "Algorithm": "Genetic algorithm",
    "Parameters": {
        "population": 30,
        "offspring": 30,
        "mutation probability": 0.0033333333333333335,
        "crossover probability": 0.9
    },
    "Fitness": 387888,
    "Solution": [
        194,
        136,
        238,
        77,
        184,
        150,
        0,
        193,
        111,
        153,
        133,
        109,
        168,
        75,
        97,
        215,
        96,
        14,
        264,
        252,
        267,
        123,
        40,
        10,
        213,
        26,
        39,
        220,
        1,
        126,
        174,
        259,
        63,
        290,
        254,
        143,
        43,
        294,
        113,
        283,
        144,
        106,
        62,
        239,
        22,
        149,
        101,
        116,
        154,
        157,
        205,
        135,
        288,
        82,
        80,
        192,
        167,
        112,
        65,
        64,
        295,
        127,
        271,
        98,
        185,
        60,
        204,
        117,
        29,
        257,
        28,
        119,
        3,
        121,
        16,
        226,
        169,
        179,
        197,
        261,
        222,
        102,
        189,
        156,
        183,
        46,
        105,
        90,
        21,
        163,
        158,
        199,
        120,
        78,
        162,
        164,
        240,
        47,
        280,
        41,
        291,
        132,
        72,
        186,
        209,
        15,
        227,
        103,
        248,
        56,
        12,
        242,
        33,
        241,
        59,
        249,
        160,
        255,
        287,
        139,
        266,
        159,
        85,
        208,
        299,
        273,
        274,
        42,
        206,
        76,
        128,
        89,
        232,
        203,
        92,
        99,
        172,
        13,
        108,
        152,
        236,
        61,
        230,
        50,
        20,
        269,
        217,
        292,
        165,
        51,
        31,
        277,
        8,
        58,
        125,
        87,
        7,
        142,
        53,
        52,
        223,
        86,
        216,
        191,
        137,
        298,
        200,
        190,
        37,
        250,
        276,
        188,
        196,
        177,
        155,
        296,
        233,
        260,
        140,
        289,
        122,
        251,
        275,
        161,
        44,
        23,
        2,
        54,
        38,
        11,
        207,
        88,
        17,
        166,
        36,
        130,
        107,
        57,
        141,
        93,
        225,
        30,
        176,
        178,
        35,
        24,
        244,
        284,
        258,
        129,
        74,
        67,
        182,
        148,
        210,
        32,
        25,
        198,
        115,
        281,
        94,
        79,
        5,
        247,
        114,
        55,
        224,
        265,
        282,
        212,
        246,
        270,
        181,
        118,
        293,
        297,
        73,
        95,
        110,
        146,
        70,
        100,
        218,
        268,
        45,
        229,
        19,
        104,
        6,
        68,
        228,
        66,
        279,
        18,
        219,
        285,
        286,
        171,
        91,
        151,
        237,
        201,
        147,
        9,
        263,
        173,
        256,
        84,
        187,
        71,
        234,
        138,
        27,
        145,
        202,
        134,
        214,
        245,
        170,
        231,
        272,
        81,
        235,
        48,
        34,
        4,
        211,
        49,
        195,
        221,
        278,
        83,
        131,
        180,
        243,
        175,
        69,
        262,
        253,
        124
    ],
    "Nb of functions evaluations": 50010,
    "Computational time in seconds": 142.36697435379028,
    "Stopping criterion in evaluations": 50000
}