17° run output:
{
    "Function": "euclidA300.tsp",
    "Problem dimension": [
        34,
        233,
        132,
        216,
        184,
        124,
        114,
        267,
        50,
        67,
        74,
        293,
        4,
        31,
        13,
        56,
        200,
        168,
        79,
        55,
        299,
        244,
        73,
        116,
        171,
        9,
        203,
        51,
        282,
        289,
        157,
        130,
        119,
        183,
        202,
        286,
        262,
        92,
        276,
        146,
        159,
        101,
        248,
        297,
        80,
        296,
        253,
        154,
        53,
        3,
        145,
        277,
        121,
        118,
        246,
        219,
        89,
        141,
        243,
        256,
        263,
        245,
        91,
        274,
        41,
        149,
        204,
        193,
        181,
        198,
        153,
        150,
        43,
        218,
        44,
        142,
        252,
        115,
        189,
        230,
        232,
        177,
        234,
        195,
        295,
        111,
        85,
        69,
        207,
        120,
        23,
        175,
        160,
        240,
        199,
        231,
        197,
        129,
        281,
        201,
        169,
        109,
        68,
        93,
        42,
        46,
        29,
        251,
        222,
        174,
        152,
        136,
        64,
        242,
        213,
        37,
        47,
        97,
        108,
        75,
        288,
        258,
        88,
        217,
        123,
        54,
        87,
        208,
        15,
        126,
        205,
        179,
        45,
        191,
        139,
        223,
        158,
        39,
        5,
        257,
        95,
        269,
        229,
        30,
        206,
        290,
        134,
        63,
        188,
        140,
        40,
        58,
        102,
        11,
        185,
        278,
        125,
        0,
        298,
        49,
        170,
        225,
        220,
        182,
        106,
        283,
        83,
        131,
        66,
        180,
        166,
        94,
        268,
        259,
        238,
        156,
        128,
        16,
        122,
        294,
        70,
        18,
        275,
        228,
        105,
        272,
        127,
        96,
        110,
        20,
        178,
        107,
        167,
        285,
        112,
        221,
        266,
        270,
        52,
        210,
        209,
        77,
        190,
        254,
        72,
        148,
        147,
        284,
        215,
        237,
        98,
        144,
        172,
        135,
        33,
        2,
        162,
        25,
        212,
        155,
        173,
        224,
        82,
        26,
        137,
        36,
        176,
        187,
        65,
        81,
        117,
        291,
        57,
        35,
        103,
        78,
        265,
        62,
        164,
        21,
        27,
        6,
        14,
        255,
        279,
        61,
        48,
        99,
        12,
        19,
        7,
        24,
        84,
        261,
        76,
        138,
        10,
        90,
        22,
        280,
        196,
        250,
        32,
        235,
        239,
        143,
        100,
        161,
        214,
        28,
        211,
        273,
        271,
        8,
        17,
        226,
        151,
        249,
        241,
        1,
        264,
        60,
        86,
        113,
        38,
        227,
        247,
        186,
        133,
        260,
        292,
        287,
        163,
        236,
        71,
        192,
        59,
        165,
        194,
        104
    ],
    "Global Optimum": 0,
    "Algorithm": "Genetic algorithm",
    "Parameters": {
        "population": 30,
        "offspring": 30,
        "mutation probability": 0.0033333333333333335,
        "crossover probability": 0.9
    },
    "Fitness": 395330,
    "Solution": [
        34,
        233,
        132,
        216,
        184,
        124,
        114,
        267,
        50,
        67,
        74,
        293,
        4,
        31,
        13,
        56,
        200,
        168,
        79,
        55,
        299,
        244,
        73,
        116,
        171,
        9,
        203,
        51,
        282,
        289,
        157,
        130,
        119,
        183,
        202,
        286,
        262,
        92,
        276,
        146,
        159,
        101,
        248,
        297,
        80,
        296,
        253,
        154,
        53,
        3,
        145,
        277,
        121,
        118,
        246,
        219,
        89,
        141,
        243,
        256,
        263,
        245,
        91,
        274,
        41,
        149,
        204,
        193,
        181,
        198,
        153,
        150,
        43,
        218,
        44,
        142,
        252,
        115,
        189,
        230,
        232,
        177,
        234,
        195,
        295,
        111,
        85,
        69,
        207,
        120,
        23,
        175,
        160,
        240,
        199,
        231,
        197,
        129,
        281,
        201,
        169,
        109,
        68,
        93,
        42,
        46,
        29,
        251,
        222,
        174,
        152,
        136,
        64,
        242,
        213,
        37,
        47,
        97,
        108,
        75,
        288,
        258,
        88,
        217,
        123,
        54,
        87,
        208,
        15,
        126,
        205,
        179,
        45,
        191,
        139,
        223,
        158,
        39,
        5,
        257,
        95,
        269,
        229,
        30,
        206,
        290,
        134,
        63,
        188,
        140,
        40,
        58,
        102,
        11,
        185,
        278,
        125,
        0,
        298,
        49,
        170,
        225,
        220,
        182,
        106,
        283,
        83,
        131,
        66,
        180,
        166,
        94,
        268,
        259,
        238,
        156,
        128,
        16,
        122,
        294,
        70,
        18,
        275,
        228,
        105,
        272,
        127,
        96,
        110,
        20,
        178,
        107,
        167,
        285,
        112,
        221,
        266,
        270,
        52,
        210,
        209,
        77,
        190,
        254,
        72,
        148,
        147,
        284,
        215,
        237,
        98,
        144,
        172,
        135,
        33,
        2,
        162,
        25,
        212,
        155,
        173,
        224,
        82,
        26,
        137,
        36,
        176,
        187,
        65,
        81,
        117,
        291,
        57,
        35,
        103,
        78,
        265,
        62,
        164,
        21,
        27,
        6,
        14,
        255,
        279,
        61,
        48,
        99,
        12,
        19,
        7,
        24,
        84,
        261,
        76,
        138,
        10,
        90,
        22,
        280,
        196,
        250,
        32,
        235,
        239,
        143,
        100,
        161,
        214,
        28,
        211,
        273,
        271,
        8,
        17,
        226,
        151,
        249,
        241,
        1,
        264,
        60,
        86,
        113,
        38,
        227,
        247,
        186,
        133,
        260,
        292,
        287,
        163,
        236,
        71,
        192,
        59,
        165,
        194,
        104
    ],
    "Nb of functions evaluations": 50010,
    "Computational time in seconds": 142.06229448318481,
    "Stopping criterion in evaluations": 50000
}