16° run output:
{
    "Function": "euclidB500.tsp",
    "Problem dimension": [
        332,
        172,
        406,
        198,
        495,
        38,
        56,
        157,
        82,
        140,
        174,
        252,
        224,
        398,
        176,
        476,
        357,
        143,
        305,
        425,
        404,
        498,
        126,
        414,
        372,
        329,
        72,
        388,
        362,
        251,
        163,
        339,
        260,
        97,
        233,
        338,
        348,
        144,
        240,
        439,
        276,
        141,
        190,
        390,
        51,
        60,
        485,
        25,
        77,
        423,
        302,
        399,
        456,
        159,
        8,
        413,
        452,
        228,
        189,
        437,
        321,
        21,
        486,
        351,
        185,
        0,
        64,
        199,
        153,
        449,
        364,
        299,
        286,
        306,
        123,
        285,
        31,
        227,
        218,
        7,
        457,
        234,
        426,
        314,
        5,
        435,
        93,
        312,
        242,
        205,
        259,
        223,
        22,
        13,
        165,
        269,
        295,
        2,
        113,
        26,
        311,
        467,
        1,
        408,
        244,
        254,
        62,
        67,
        68,
        283,
        58,
        489,
        434,
        315,
        250,
        42,
        253,
        73,
        184,
        23,
        222,
        395,
        214,
        308,
        478,
        455,
        481,
        206,
        384,
        236,
        79,
        257,
        226,
        256,
        119,
        187,
        171,
        288,
        116,
        451,
        131,
        66,
        78,
        243,
        387,
        258,
        11,
        81,
        472,
        427,
        429,
        219,
        186,
        63,
        232,
        193,
        129,
        19,
        480,
        445,
        201,
        360,
        109,
        209,
        36,
        363,
        128,
        102,
        341,
        277,
        134,
        482,
        121,
        203,
        420,
        353,
        167,
        6,
        264,
        484,
        301,
        381,
        24,
        394,
        103,
        370,
        100,
        175,
        52,
        474,
        403,
        231,
        402,
        35,
        34,
        18,
        170,
        61,
        410,
        80,
        441,
        493,
        375,
        326,
        345,
        248,
        155,
        291,
        59,
        41,
        30,
        89,
        322,
        215,
        49,
        105,
        358,
        492,
        383,
        266,
        298,
        431,
        181,
        249,
        279,
        453,
        365,
        309,
        57,
        55,
        448,
        225,
        333,
        87,
        313,
        471,
        335,
        400,
        454,
        459,
        237,
        307,
        142,
        293,
        342,
        460,
        496,
        85,
        112,
        278,
        300,
        303,
        204,
        450,
        164,
        117,
        432,
        27,
        392,
        114,
        275,
        433,
        255,
        15,
        416,
        192,
        238,
        401,
        124,
        208,
        359,
        318,
        88,
        127,
        69,
        16,
        274,
        151,
        33,
        46,
        183,
        149,
        290,
        90,
        161,
        424,
        115,
        162,
        152,
        477,
        173,
        108,
        265,
        325,
        99,
        4,
        111,
        458,
        125,
        340,
        110,
        107,
        330,
        29,
        466,
        470,
        40,
        442,
        297,
        17,
        130,
        411,
        262,
        419,
        12,
        405,
        412,
        463,
        334,
        421,
        317,
        320,
        304,
        271,
        220,
        200,
        3,
        160,
        188,
        246,
        118,
        346,
        417,
        464,
        494,
        50,
        207,
        180,
        261,
        344,
        53,
        95,
        284,
        443,
        373,
        210,
        139,
        281,
        216,
        491,
        168,
        393,
        211,
        133,
        106,
        380,
        270,
        310,
        354,
        147,
        9,
        369,
        20,
        272,
        438,
        84,
        154,
        91,
        241,
        135,
        428,
        156,
        132,
        461,
        137,
        319,
        391,
        430,
        96,
        48,
        235,
        146,
        150,
        148,
        367,
        327,
        343,
        136,
        331,
        120,
        287,
        70,
        389,
        415,
        32,
        324,
        169,
        202,
        397,
        396,
        361,
        213,
        197,
        349,
        347,
        44,
        122,
        54,
        196,
        166,
        473,
        267,
        499,
        444,
        194,
        179,
        268,
        65,
        323,
        294,
        378,
        280,
        366,
        43,
        479,
        98,
        316,
        407,
        47,
        377,
        76,
        195,
        355,
        497,
        465,
        374,
        350,
        273,
        488,
        92,
        462,
        230,
        483,
        469,
        75,
        212,
        104,
        178,
        37,
        191,
        490,
        386,
        289,
        418,
        177,
        292,
        296,
        475,
        94,
        356,
        145,
        376,
        182,
        138,
        14,
        352,
        39,
        447,
        239,
        422,
        446,
        247,
        245,
        368,
        282,
        221,
        86,
        440,
        436,
        45,
        74,
        337,
        382,
        487,
        336,
        379,
        71,
        409,
        217,
        158,
        28,
        83,
        101,
        10,
        371,
        385,
        263,
        229,
        468,
        328
    ],
    "Global Optimum": 0,
    "Algorithm": "Genetic algorithm",
    "Parameters": {
        "population": 30,
        "offspring": 30,
        "mutation probability": 0.002,
        "crossover probability": 0.9
    },
    "Fitness": 613824,
    "Solution": [
        332,
        172,
        406,
        198,
        495,
        38,
        56,
        157,
        82,
        140,
        174,
        252,
        224,
        398,
        176,
        476,
        357,
        143,
        305,
        425,
        404,
        498,
        126,
        414,
        372,
        329,
        72,
        388,
        362,
        251,
        163,
        339,
        260,
        97,
        233,
        338,
        348,
        144,
        240,
        439,
        276,
        141,
        190,
        390,
        51,
        60,
        485,
        25,
        77,
        423,
        302,
        399,
        456,
        159,
        8,
        413,
        452,
        228,
        189,
        437,
        321,
        21,
        486,
        351,
        185,
        0,
        64,
        199,
        153,
        449,
        364,
        299,
        286,
        306,
        123,
        285,
        31,
        227,
        218,
        7,
        457,
        234,
        426,
        314,
        5,
        435,
        93,
        312,
        242,
        205,
        259,
        223,
        22,
        13,
        165,
        269,
        295,
        2,
        113,
        26,
        311,
        467,
        1,
        408,
        244,
        254,
        62,
        67,
        68,
        283,
        58,
        489,
        434,
        315,
        250,
        42,
        253,
        73,
        184,
        23,
        222,
        395,
        214,
        308,
        478,
        455,
        481,
        206,
        384,
        236,
        79,
        257,
        226,
        256,
        119,
        187,
        171,
        288,
        116,
        451,
        131,
        66,
        78,
        243,
        387,
        258,
        11,
        81,
        472,
        427,
        429,
        219,
        186,
        63,
        232,
        193,
        129,
        19,
        480,
        445,
        201,
        360,
        109,
        209,
        36,
        363,
        128,
        102,
        341,
        277,
        134,
        482,
        121,
        203,
        420,
        353,
        167,
        6,
        264,
        484,
        301,
        381,
        24,
        394,
        103,
        370,
        100,
        175,
        52,
        474,
        403,
        231,
        402,
        35,
        34,
        18,
        170,
        61,
        410,
        80,
        441,
        493,
        375,
        326,
        345,
        248,
        155,
        291,
        59,
        41,
        30,
        89,
        322,
        215,
        49,
        105,
        358,
        492,
        383,
        266,
        298,
        431,
        181,
        249,
        279,
        453,
        365,
        309,
        57,
        55,
        448,
        225,
        333,
        87,
        313,
        471,
        335,
        400,
        454,
        459,
        237,
        307,
        142,
        293,
        342,
        460,
        496,
        85,
        112,
        278,
        300,
        303,
        204,
        450,
        164,
        117,
        432,
        27,
        392,
        114,
        275,
        433,
        255,
        15,
        416,
        192,
        238,
        401,
        124,
        208,
        359,
        318,
        88,
        127,
        69,
        16,
        274,
        151,
        33,
        46,
        183,
        149,
        290,
        90,
        161,
        424,
        115,
        162,
        152,
        477,
        173,
        108,
        265,
        325,
        99,
        4,
        111,
        458,
        125,
        340,
        110,
        107,
        330,
        29,
        466,
        470,
        40,
        442,
        297,
        17,
        130,
        411,
        262,
        419,
        12,
        405,
        412,
        463,
        334,
        421,
        317,
        320,
        304,
        271,
        220,
        200,
        3,
        160,
        188,
        246,
        118,
        346,
        417,
        464,
        494,
        50,
        207,
        180,
        261,
        344,
        53,
        95,
        284,
        443,
        373,
        210,
        139,
        281,
        216,
        491,
        168,
        393,
        211,
        133,
        106,
        380,
        270,
        310,
        354,
        147,
        9,
        369,
        20,
        272,
        438,
        84,
        154,
        91,
        241,
        135,
        428,
        156,
        132,
        461,
        137,
        319,
        391,
        430,
        96,
        48,
        235,
        146,
        150,
        148,
        367,
        327,
        343,
        136,
        331,
        120,
        287,
        70,
        389,
        415,
        32,
        324,
        169,
        202,
        397,
        396,
        361,
        213,
        197,
        349,
        347,
        44,
        122,
        54,
        196,
        166,
        473,
        267,
        499,
        444,
        194,
        179,
        268,
        65,
        323,
        294,
        378,
        280,
        366,
        43,
        479,
        98,
        316,
        407,
        47,
        377,
        76,
        195,
        355,
        497,
        465,
        374,
        350,
        273,
        488,
        92,
        462,
        230,
        483,
        469,
        75,
        212,
        104,
        178,
        37,
        191,
        490,
        386,
        289,
        418,
        177,
        292,
        296,
        475,
        94,
        356,
        145,
        376,
        182,
        138,
        14,
        352,
        39,
        447,
        239,
        422,
        446,
        247,
        245,
        368,
        282,
        221,
        86,
        440,
        436,
        45,
        74,
        337,
        382,
        487,
        336,
        379,
        71,
        409,
        217,
        158,
        28,
        83,
        101,
        10,
        371,
        385,
        263,
        229,
        468,
        328
    ],
    "Nb of functions evaluations": 200010,
    "Computational time in seconds": 873.8297026157379,
    "Stopping criterion in evaluations": 200000
}