26° run output:
{
    "Function": "euclidB500.tsp",
    "Problem dimension": [
        177,
        220,
        455,
        419,
        361,
        429,
        309,
        440,
        275,
        90,
        263,
        132,
        225,
        165,
        126,
        402,
        211,
        495,
        381,
        18,
        138,
        245,
        46,
        228,
        254,
        404,
        453,
        448,
        173,
        196,
        82,
        414,
        266,
        251,
        480,
        333,
        41,
        59,
        185,
        229,
        22,
        345,
        87,
        475,
        449,
        388,
        399,
        76,
        50,
        95,
        477,
        489,
        85,
        93,
        461,
        280,
        118,
        231,
        110,
        380,
        205,
        258,
        13,
        257,
        66,
        367,
        293,
        483,
        52,
        351,
        69,
        422,
        141,
        240,
        104,
        479,
        289,
        65,
        164,
        31,
        202,
        75,
        92,
        236,
        133,
        410,
        197,
        418,
        434,
        99,
        252,
        324,
        464,
        412,
        121,
        465,
        6,
        70,
        332,
        96,
        68,
        273,
        25,
        401,
        17,
        192,
        27,
        337,
        191,
        11,
        111,
        151,
        143,
        420,
        450,
        171,
        101,
        139,
        433,
        57,
        108,
        188,
        360,
        271,
        435,
        329,
        315,
        463,
        15,
        73,
        459,
        445,
        268,
        142,
        183,
        61,
        278,
        155,
        488,
        281,
        29,
        353,
        486,
        383,
        256,
        250,
        301,
        409,
        292,
        127,
        391,
        335,
        103,
        424,
        452,
        436,
        405,
        194,
        77,
        274,
        368,
        43,
        354,
        373,
        396,
        248,
        62,
        491,
        344,
        398,
        356,
        311,
        425,
        14,
        413,
        160,
        64,
        190,
        499,
        113,
        51,
        241,
        74,
        128,
        54,
        216,
        161,
        219,
        226,
        24,
        83,
        212,
        469,
        282,
        269,
        12,
        276,
        265,
        218,
        203,
        122,
        316,
        377,
        306,
        327,
        470,
        484,
        8,
        1,
        397,
        9,
        362,
        432,
        325,
        80,
        153,
        200,
        385,
        58,
        106,
        5,
        134,
        19,
        242,
        428,
        186,
        481,
        2,
        348,
        341,
        421,
        439,
        174,
        224,
        244,
        390,
        178,
        376,
        89,
        454,
        443,
        79,
        438,
        120,
        48,
        187,
        84,
        395,
        158,
        303,
        238,
        34,
        239,
        340,
        119,
        215,
        277,
        411,
        336,
        460,
        498,
        159,
        213,
        288,
        181,
        136,
        222,
        359,
        167,
        485,
        208,
        497,
        36,
        378,
        37,
        330,
        98,
        451,
        437,
        232,
        382,
        45,
        243,
        209,
        272,
        286,
        125,
        358,
        39,
        140,
        261,
        123,
        384,
        179,
        154,
        157,
        338,
        176,
        91,
        21,
        427,
        107,
        457,
        366,
        365,
        10,
        482,
        207,
        441,
        442,
        109,
        400,
        227,
        283,
        175,
        389,
        221,
        169,
        100,
        444,
        201,
        235,
        156,
        168,
        328,
        295,
        4,
        262,
        290,
        310,
        149,
        172,
        313,
        147,
        347,
        417,
        392,
        326,
        7,
        393,
        112,
        23,
        296,
        86,
        42,
        431,
        305,
        67,
        152,
        321,
        102,
        60,
        372,
        55,
        462,
        357,
        35,
        285,
        408,
        379,
        16,
        446,
        473,
        458,
        210,
        247,
        124,
        299,
        135,
        331,
        195,
        81,
        193,
        130,
        204,
        355,
        97,
        472,
        407,
        267,
        300,
        415,
        150,
        146,
        375,
        170,
        163,
        114,
        49,
        279,
        468,
        131,
        230,
        496,
        105,
        474,
        297,
        166,
        270,
        206,
        71,
        318,
        304,
        233,
        234,
        148,
        471,
        447,
        33,
        423,
        30,
        20,
        162,
        343,
        223,
        416,
        38,
        394,
        319,
        264,
        287,
        137,
        291,
        78,
        334,
        386,
        63,
        456,
        260,
        144,
        72,
        403,
        298,
        346,
        369,
        374,
        189,
        199,
        406,
        476,
        322,
        478,
        342,
        246,
        44,
        387,
        430,
        28,
        320,
        302,
        88,
        26,
        467,
        184,
        494,
        3,
        117,
        364,
        493,
        371,
        352,
        182,
        129,
        214,
        40,
        339,
        0,
        180,
        32,
        56,
        487,
        255,
        116,
        312,
        294,
        490,
        94,
        370,
        349,
        259,
        284,
        323,
        314,
        249,
        145,
        47,
        492,
        217,
        115,
        466,
        308,
        53,
        350,
        363,
        317,
        253,
        237,
        426,
        198,
        307
    ],
    "Global Optimum": 0,
    "Algorithm": "Genetic algorithm",
    "Parameters": {
        "population": 30,
        "offspring": 30,
        "mutation probability": 0.002,
        "crossover probability": 0.9
    },
    "Fitness": 579580,
    "Solution": [
        177,
        220,
        455,
        419,
        361,
        429,
        309,
        440,
        275,
        90,
        263,
        132,
        225,
        165,
        126,
        402,
        211,
        495,
        381,
        18,
        138,
        245,
        46,
        228,
        254,
        404,
        453,
        448,
        173,
        196,
        82,
        414,
        266,
        251,
        480,
        333,
        41,
        59,
        185,
        229,
        22,
        345,
        87,
        475,
        449,
        388,
        399,
        76,
        50,
        95,
        477,
        489,
        85,
        93,
        461,
        280,
        118,
        231,
        110,
        380,
        205,
        258,
        13,
        257,
        66,
        367,
        293,
        483,
        52,
        351,
        69,
        422,
        141,
        240,
        104,
        479,
        289,
        65,
        164,
        31,
        202,
        75,
        92,
        236,
        133,
        410,
        197,
        418,
        434,
        99,
        252,
        324,
        464,
        412,
        121,
        465,
        6,
        70,
        332,
        96,
        68,
        273,
        25,
        401,
        17,
        192,
        27,
        337,
        191,
        11,
        111,
        151,
        143,
        420,
        450,
        171,
        101,
        139,
        433,
        57,
        108,
        188,
        360,
        271,
        435,
        329,
        315,
        463,
        15,
        73,
        459,
        445,
        268,
        142,
        183,
        61,
        278,
        155,
        488,
        281,
        29,
        353,
        486,
        383,
        256,
        250,
        301,
        409,
        292,
        127,
        391,
        335,
        103,
        424,
        452,
        436,
        405,
        194,
        77,
        274,
        368,
        43,
        354,
        373,
        396,
        248,
        62,
        491,
        344,
        398,
        356,
        311,
        425,
        14,
        413,
        160,
        64,
        190,
        499,
        113,
        51,
        241,
        74,
        128,
        54,
        216,
        161,
        219,
        226,
        24,
        83,
        212,
        469,
        282,
        269,
        12,
        276,
        265,
        218,
        203,
        122,
        316,
        377,
        306,
        327,
        470,
        484,
        8,
        1,
        397,
        9,
        362,
        432,
        325,
        80,
        153,
        200,
        385,
        58,
        106,
        5,
        134,
        19,
        242,
        428,
        186,
        481,
        2,
        348,
        341,
        421,
        439,
        174,
        224,
        244,
        390,
        178,
        376,
        89,
        454,
        443,
        79,
        438,
        120,
        48,
        187,
        84,
        395,
        158,
        303,
        238,
        34,
        239,
        340,
        119,
        215,
        277,
        411,
        336,
        460,
        498,
        159,
        213,
        288,
        181,
        136,
        222,
        359,
        167,
        485,
        208,
        497,
        36,
        378,
        37,
        330,
        98,
        451,
        437,
        232,
        382,
        45,
        243,
        209,
        272,
        286,
        125,
        358,
        39,
        140,
        261,
        123,
        384,
        179,
        154,
        157,
        338,
        176,
        91,
        21,
        427,
        107,
        457,
        366,
        365,
        10,
        482,
        207,
        441,
        442,
        109,
        400,
        227,
        283,
        175,
        389,
        221,
        169,
        100,
        444,
        201,
        235,
        156,
        168,
        328,
        295,
        4,
        262,
        290,
        310,
        149,
        172,
        313,
        147,
        347,
        417,
        392,
        326,
        7,
        393,
        112,
        23,
        296,
        86,
        42,
        431,
        305,
        67,
        152,
        321,
        102,
        60,
        372,
        55,
        462,
        357,
        35,
        285,
        408,
        379,
        16,
        446,
        473,
        458,
        210,
        247,
        124,
        299,
        135,
        331,
        195,
        81,
        193,
        130,
        204,
        355,
        97,
        472,
        407,
        267,
        300,
        415,
        150,
        146,
        375,
        170,
        163,
        114,
        49,
        279,
        468,
        131,
        230,
        496,
        105,
        474,
        297,
        166,
        270,
        206,
        71,
        318,
        304,
        233,
        234,
        148,
        471,
        447,
        33,
        423,
        30,
        20,
        162,
        343,
        223,
        416,
        38,
        394,
        319,
        264,
        287,
        137,
        291,
        78,
        334,
        386,
        63,
        456,
        260,
        144,
        72,
        403,
        298,
        346,
        369,
        374,
        189,
        199,
        406,
        476,
        322,
        478,
        342,
        246,
        44,
        387,
        430,
        28,
        320,
        302,
        88,
        26,
        467,
        184,
        494,
        3,
        117,
        364,
        493,
        371,
        352,
        182,
        129,
        214,
        40,
        339,
        0,
        180,
        32,
        56,
        487,
        255,
        116,
        312,
        294,
        490,
        94,
        370,
        349,
        259,
        284,
        323,
        314,
        249,
        145,
        47,
        492,
        217,
        115,
        466,
        308,
        53,
        350,
        363,
        317,
        253,
        237,
        426,
        198,
        307
    ],
    "Nb of functions evaluations": 200010,
    "Computational time in seconds": 934.0986428260803,
    "Stopping criterion in evaluations": 200000
}