2° run output:
{
    "Function": "euclidB500.tsp",
    "Problem dimension": [
        215,
        90,
        321,
        451,
        33,
        16,
        154,
        319,
        77,
        156,
        202,
        299,
        76,
        58,
        450,
        230,
        34,
        374,
        210,
        253,
        179,
        326,
        410,
        26,
        249,
        52,
        315,
        108,
        358,
        459,
        24,
        306,
        2,
        47,
        127,
        225,
        135,
        141,
        239,
        139,
        252,
        174,
        313,
        332,
        404,
        212,
        48,
        265,
        86,
        251,
        324,
        106,
        403,
        354,
        67,
        384,
        311,
        40,
        426,
        461,
        81,
        193,
        204,
        172,
        390,
        305,
        190,
        372,
        418,
        112,
        470,
        303,
        431,
        356,
        377,
        104,
        472,
        213,
        425,
        415,
        325,
        111,
        232,
        5,
        471,
        176,
        85,
        266,
        422,
        409,
        441,
        488,
        419,
        140,
        465,
        184,
        78,
        169,
        117,
        432,
        405,
        481,
        44,
        395,
        150,
        468,
        271,
        385,
        13,
        437,
        20,
        406,
        263,
        460,
        334,
        286,
        68,
        35,
        27,
        381,
        10,
        220,
        386,
        177,
        499,
        142,
        293,
        421,
        109,
        353,
        41,
        138,
        183,
        312,
        134,
        277,
        59,
        491,
        296,
        66,
        436,
        227,
        474,
        283,
        347,
        435,
        100,
        175,
        492,
        224,
        203,
        288,
        496,
        163,
        165,
        102,
        238,
        0,
        7,
        185,
        18,
        495,
        308,
        120,
        83,
        126,
        367,
        430,
        349,
        407,
        316,
        105,
        438,
        338,
        453,
        256,
        362,
        130,
        61,
        125,
        300,
        455,
        444,
        401,
        110,
        343,
        129,
        17,
        342,
        417,
        235,
        466,
        287,
        462,
        31,
        148,
        160,
        70,
        469,
        191,
        424,
        478,
        383,
        151,
        301,
        357,
        329,
        294,
        360,
        490,
        398,
        95,
        51,
        39,
        414,
        387,
        412,
        371,
        25,
        482,
        222,
        333,
        275,
        498,
        171,
        187,
        206,
        115,
        153,
        54,
        170,
        394,
        43,
        173,
        391,
        364,
        454,
        323,
        192,
        147,
        295,
        21,
        259,
        236,
        107,
        250,
        186,
        267,
        121,
        291,
        6,
        485,
        223,
        4,
        113,
        79,
        413,
        14,
        423,
        352,
        463,
        180,
        216,
        389,
        119,
        399,
        155,
        69,
        274,
        363,
        479,
        166,
        345,
        242,
        241,
        335,
        197,
        103,
        205,
        245,
        365,
        278,
        309,
        484,
        427,
        442,
        408,
        209,
        229,
        255,
        262,
        434,
        380,
        228,
        73,
        152,
        198,
        50,
        237,
        93,
        143,
        12,
        346,
        149,
        211,
        487,
        22,
        344,
        477,
        96,
        284,
        310,
        290,
        158,
        122,
        307,
        181,
        124,
        400,
        476,
        258,
        494,
        261,
        449,
        199,
        201,
        91,
        314,
        433,
        248,
        157,
        168,
        397,
        443,
        429,
        89,
        340,
        282,
        269,
        92,
        292,
        136,
        55,
        128,
        458,
        195,
        388,
        60,
        82,
        75,
        348,
        475,
        317,
        420,
        114,
        32,
        218,
        15,
        116,
        159,
        38,
        330,
        234,
        361,
        29,
        9,
        64,
        337,
        446,
        207,
        182,
        281,
        196,
        464,
        62,
        327,
        285,
        298,
        98,
        486,
        94,
        268,
        480,
        402,
        320,
        328,
        99,
        8,
        483,
        322,
        188,
        200,
        1,
        37,
        416,
        280,
        456,
        3,
        273,
        276,
        217,
        164,
        19,
        162,
        74,
        457,
        270,
        131,
        302,
        297,
        146,
        84,
        336,
        439,
        137,
        370,
        489,
        56,
        428,
        233,
        447,
        379,
        260,
        254,
        214,
        88,
        167,
        28,
        467,
        30,
        376,
        351,
        45,
        65,
        393,
        396,
        445,
        123,
        42,
        49,
        71,
        382,
        23,
        243,
        231,
        497,
        373,
        219,
        272,
        247,
        101,
        226,
        378,
        97,
        194,
        375,
        264,
        368,
        161,
        473,
        87,
        304,
        53,
        240,
        11,
        369,
        366,
        448,
        392,
        178,
        221,
        279,
        289,
        244,
        257,
        46,
        118,
        350,
        355,
        411,
        57,
        132,
        359,
        440,
        452,
        331,
        189,
        36,
        339,
        72,
        208,
        144,
        80,
        133,
        341,
        493,
        63,
        318,
        145,
        246
    ],
    "Global Optimum": 0,
    "Algorithm": "Genetic algorithm",
    "Parameters": {
        "population": 30,
        "offspring": 30,
        "mutation probability": 0.002,
        "crossover probability": 0.9
    },
    "Fitness": 597595,
    "Solution": [
        215,
        90,
        321,
        451,
        33,
        16,
        154,
        319,
        77,
        156,
        202,
        299,
        76,
        58,
        450,
        230,
        34,
        374,
        210,
        253,
        179,
        326,
        410,
        26,
        249,
        52,
        315,
        108,
        358,
        459,
        24,
        306,
        2,
        47,
        127,
        225,
        135,
        141,
        239,
        139,
        252,
        174,
        313,
        332,
        404,
        212,
        48,
        265,
        86,
        251,
        324,
        106,
        403,
        354,
        67,
        384,
        311,
        40,
        426,
        461,
        81,
        193,
        204,
        172,
        390,
        305,
        190,
        372,
        418,
        112,
        470,
        303,
        431,
        356,
        377,
        104,
        472,
        213,
        425,
        415,
        325,
        111,
        232,
        5,
        471,
        176,
        85,
        266,
        422,
        409,
        441,
        488,
        419,
        140,
        465,
        184,
        78,
        169,
        117,
        432,
        405,
        481,
        44,
        395,
        150,
        468,
        271,
        385,
        13,
        437,
        20,
        406,
        263,
        460,
        334,
        286,
        68,
        35,
        27,
        381,
        10,
        220,
        386,
        177,
        499,
        142,
        293,
        421,
        109,
        353,
        41,
        138,
        183,
        312,
        134,
        277,
        59,
        491,
        296,
        66,
        436,
        227,
        474,
        283,
        347,
        435,
        100,
        175,
        492,
        224,
        203,
        288,
        496,
        163,
        165,
        102,
        238,
        0,
        7,
        185,
        18,
        495,
        308,
        120,
        83,
        126,
        367,
        430,
        349,
        407,
        316,
        105,
        438,
        338,
        453,
        256,
        362,
        130,
        61,
        125,
        300,
        455,
        444,
        401,
        110,
        343,
        129,
        17,
        342,
        417,
        235,
        466,
        287,
        462,
        31,
        148,
        160,
        70,
        469,
        191,
        424,
        478,
        383,
        151,
        301,
        357,
        329,
        294,
        360,
        490,
        398,
        95,
        51,
        39,
        414,
        387,
        412,
        371,
        25,
        482,
        222,
        333,
        275,
        498,
        171,
        187,
        206,
        115,
        153,
        54,
        170,
        394,
        43,
        173,
        391,
        364,
        454,
        323,
        192,
        147,
        295,
        21,
        259,
        236,
        107,
        250,
        186,
        267,
        121,
        291,
        6,
        485,
        223,
        4,
        113,
        79,
        413,
        14,
        423,
        352,
        463,
        180,
        216,
        389,
        119,
        399,
        155,
        69,
        274,
        363,
        479,
        166,
        345,
        242,
        241,
        335,
        197,
        103,
        205,
        245,
        365,
        278,
        309,
        484,
        427,
        442,
        408,
        209,
        229,
        255,
        262,
        434,
        380,
        228,
        73,
        152,
        198,
        50,
        237,
        93,
        143,
        12,
        346,
        149,
        211,
        487,
        22,
        344,
        477,
        96,
        284,
        310,
        290,
        158,
        122,
        307,
        181,
        124,
        400,
        476,
        258,
        494,
        261,
        449,
        199,
        201,
        91,
        314,
        433,
        248,
        157,
        168,
        397,
        443,
        429,
        89,
        340,
        282,
        269,
        92,
        292,
        136,
        55,
        128,
        458,
        195,
        388,
        60,
        82,
        75,
        348,
        475,
        317,
        420,
        114,
        32,
        218,
        15,
        116,
        159,
        38,
        330,
        234,
        361,
        29,
        9,
        64,
        337,
        446,
        207,
        182,
        281,
        196,
        464,
        62,
        327,
        285,
        298,
        98,
        486,
        94,
        268,
        480,
        402,
        320,
        328,
        99,
        8,
        483,
        322,
        188,
        200,
        1,
        37,
        416,
        280,
        456,
        3,
        273,
        276,
        217,
        164,
        19,
        162,
        74,
        457,
        270,
        131,
        302,
        297,
        146,
        84,
        336,
        439,
        137,
        370,
        489,
        56,
        428,
        233,
        447,
        379,
        260,
        254,
        214,
        88,
        167,
        28,
        467,
        30,
        376,
        351,
        45,
        65,
        393,
        396,
        445,
        123,
        42,
        49,
        71,
        382,
        23,
        243,
        231,
        497,
        373,
        219,
        272,
        247,
        101,
        226,
        378,
        97,
        194,
        375,
        264,
        368,
        161,
        473,
        87,
        304,
        53,
        240,
        11,
        369,
        366,
        448,
        392,
        178,
        221,
        279,
        289,
        244,
        257,
        46,
        118,
        350,
        355,
        411,
        57,
        132,
        359,
        440,
        452,
        331,
        189,
        36,
        339,
        72,
        208,
        144,
        80,
        133,
        341,
        493,
        63,
        318,
        145,
        246
    ],
    "Nb of functions evaluations": 200010,
    "Computational time in seconds": 1125.4682319164276,
    "Stopping criterion in evaluations": 200000
}