17° run output:
{
    "Function": "euclidB500.tsp",
    "Problem dimension": [
        246,
        395,
        210,
        69,
        234,
        443,
        209,
        90,
        181,
        133,
        119,
        65,
        306,
        224,
        155,
        361,
        40,
        275,
        301,
        93,
        204,
        474,
        54,
        381,
        310,
        228,
        490,
        467,
        408,
        424,
        429,
        295,
        312,
        193,
        387,
        472,
        465,
        229,
        68,
        201,
        365,
        179,
        442,
        323,
        95,
        115,
        278,
        290,
        430,
        97,
        141,
        216,
        37,
        134,
        117,
        358,
        462,
        332,
        206,
        75,
        370,
        386,
        56,
        305,
        60,
        227,
        485,
        136,
        360,
        220,
        285,
        392,
        236,
        495,
        140,
        148,
        268,
        313,
        16,
        183,
        132,
        486,
        144,
        449,
        14,
        173,
        330,
        488,
        232,
        35,
        124,
        76,
        277,
        273,
        223,
        441,
        428,
        172,
        281,
        185,
        369,
        9,
        283,
        320,
        59,
        174,
        219,
        445,
        108,
        237,
        329,
        152,
        110,
        335,
        348,
        345,
        221,
        461,
        46,
        81,
        422,
        411,
        113,
        342,
        280,
        80,
        458,
        379,
        456,
        334,
        52,
        197,
        372,
        304,
        143,
        256,
        127,
        92,
        150,
        77,
        250,
        106,
        242,
        483,
        455,
        39,
        167,
        413,
        186,
        24,
        452,
        112,
        427,
        326,
        466,
        391,
        200,
        188,
        27,
        371,
        50,
        487,
        350,
        73,
        451,
        120,
        66,
        473,
        416,
        20,
        291,
        478,
        302,
        91,
        356,
        202,
        327,
        394,
        86,
        415,
        357,
        102,
        149,
        42,
        58,
        129,
        324,
        309,
        208,
        163,
        230,
        336,
        122,
        321,
        426,
        240,
        3,
        61,
        331,
        479,
        23,
        307,
        123,
        78,
        475,
        15,
        491,
        322,
        53,
        272,
        4,
        396,
        450,
        284,
        298,
        319,
        448,
        260,
        406,
        421,
        261,
        100,
        17,
        343,
        363,
        437,
        267,
        255,
        468,
        159,
        55,
        104,
        367,
        158,
        245,
        176,
        203,
        207,
        29,
        190,
        184,
        195,
        205,
        244,
        212,
        139,
        258,
        169,
        138,
        498,
        333,
        279,
        198,
        493,
        397,
        494,
        177,
        274,
        265,
        262,
        434,
        231,
        8,
        121,
        41,
        399,
        375,
        264,
        444,
        0,
        162,
        252,
        459,
        400,
        389,
        111,
        247,
        347,
        125,
        64,
        165,
        377,
        405,
        433,
        480,
        404,
        476,
        481,
        432,
        355,
        211,
        384,
        438,
        2,
        116,
        241,
        180,
        126,
        166,
        362,
        189,
        425,
        409,
        337,
        130,
        276,
        388,
        145,
        263,
        98,
        308,
        412,
        287,
        48,
        88,
        447,
        74,
        43,
        269,
        109,
        378,
        233,
        419,
        13,
        28,
        314,
        453,
        154,
        292,
        402,
        464,
        311,
        175,
        22,
        303,
        199,
        38,
        282,
        44,
        171,
        340,
        79,
        47,
        288,
        153,
        497,
        178,
        470,
        7,
        499,
        157,
        142,
        390,
        1,
        238,
        266,
        6,
        300,
        349,
        160,
        12,
        19,
        366,
        249,
        431,
        164,
        137,
        484,
        286,
        492,
        315,
        218,
        440,
        85,
        33,
        196,
        57,
        341,
        182,
        270,
        82,
        84,
        72,
        128,
        26,
        296,
        257,
        215,
        235,
        214,
        114,
        107,
        146,
        156,
        352,
        463,
        101,
        89,
        25,
        194,
        420,
        251,
        32,
        346,
        403,
        297,
        496,
        71,
        10,
        359,
        417,
        364,
        239,
        457,
        380,
        325,
        147,
        217,
        18,
        259,
        253,
        328,
        351,
        423,
        131,
        5,
        213,
        469,
        161,
        118,
        316,
        31,
        87,
        103,
        99,
        170,
        410,
        36,
        289,
        70,
        67,
        353,
        83,
        226,
        489,
        11,
        374,
        407,
        393,
        317,
        243,
        368,
        151,
        344,
        339,
        418,
        187,
        105,
        30,
        414,
        45,
        62,
        191,
        446,
        460,
        385,
        34,
        96,
        248,
        439,
        293,
        477,
        49,
        135,
        354,
        192,
        338,
        63,
        168,
        382,
        373,
        225,
        436,
        482,
        435,
        222,
        294,
        318,
        398,
        454,
        376,
        21,
        51,
        471,
        383,
        254,
        401,
        299,
        94,
        271
    ],
    "Global Optimum": 0,
    "Algorithm": "Genetic algorithm",
    "Parameters": {
        "population": 30,
        "offspring": 30,
        "mutation probability": 0.002,
        "crossover probability": 0.9
    },
    "Fitness": 596079,
    "Solution": [
        246,
        395,
        210,
        69,
        234,
        443,
        209,
        90,
        181,
        133,
        119,
        65,
        306,
        224,
        155,
        361,
        40,
        275,
        301,
        93,
        204,
        474,
        54,
        381,
        310,
        228,
        490,
        467,
        408,
        424,
        429,
        295,
        312,
        193,
        387,
        472,
        465,
        229,
        68,
        201,
        365,
        179,
        442,
        323,
        95,
        115,
        278,
        290,
        430,
        97,
        141,
        216,
        37,
        134,
        117,
        358,
        462,
        332,
        206,
        75,
        370,
        386,
        56,
        305,
        60,
        227,
        485,
        136,
        360,
        220,
        285,
        392,
        236,
        495,
        140,
        148,
        268,
        313,
        16,
        183,
        132,
        486,
        144,
        449,
        14,
        173,
        330,
        488,
        232,
        35,
        124,
        76,
        277,
        273,
        223,
        441,
        428,
        172,
        281,
        185,
        369,
        9,
        283,
        320,
        59,
        174,
        219,
        445,
        108,
        237,
        329,
        152,
        110,
        335,
        348,
        345,
        221,
        461,
        46,
        81,
        422,
        411,
        113,
        342,
        280,
        80,
        458,
        379,
        456,
        334,
        52,
        197,
        372,
        304,
        143,
        256,
        127,
        92,
        150,
        77,
        250,
        106,
        242,
        483,
        455,
        39,
        167,
        413,
        186,
        24,
        452,
        112,
        427,
        326,
        466,
        391,
        200,
        188,
        27,
        371,
        50,
        487,
        350,
        73,
        451,
        120,
        66,
        473,
        416,
        20,
        291,
        478,
        302,
        91,
        356,
        202,
        327,
        394,
        86,
        415,
        357,
        102,
        149,
        42,
        58,
        129,
        324,
        309,
        208,
        163,
        230,
        336,
        122,
        321,
        426,
        240,
        3,
        61,
        331,
        479,
        23,
        307,
        123,
        78,
        475,
        15,
        491,
        322,
        53,
        272,
        4,
        396,
        450,
        284,
        298,
        319,
        448,
        260,
        406,
        421,
        261,
        100,
        17,
        343,
        363,
        437,
        267,
        255,
        468,
        159,
        55,
        104,
        367,
        158,
        245,
        176,
        203,
        207,
        29,
        190,
        184,
        195,
        205,
        244,
        212,
        139,
        258,
        169,
        138,
        498,
        333,
        279,
        198,
        493,
        397,
        494,
        177,
        274,
        265,
        262,
        434,
        231,
        8,
        121,
        41,
        399,
        375,
        264,
        444,
        0,
        162,
        252,
        459,
        400,
        389,
        111,
        247,
        347,
        125,
        64,
        165,
        377,
        405,
        433,
        480,
        404,
        476,
        481,
        432,
        355,
        211,
        384,
        438,
        2,
        116,
        241,
        180,
        126,
        166,
        362,
        189,
        425,
        409,
        337,
        130,
        276,
        388,
        145,
        263,
        98,
        308,
        412,
        287,
        48,
        88,
        447,
        74,
        43,
        269,
        109,
        378,
        233,
        419,
        13,
        28,
        314,
        453,
        154,
        292,
        402,
        464,
        311,
        175,
        22,
        303,
        199,
        38,
        282,
        44,
        171,
        340,
        79,
        47,
        288,
        153,
        497,
        178,
        470,
        7,
        499,
        157,
        142,
        390,
        1,
        238,
        266,
        6,
        300,
        349,
        160,
        12,
        19,
        366,
        249,
        431,
        164,
        137,
        484,
        286,
        492,
        315,
        218,
        440,
        85,
        33,
        196,
        57,
        341,
        182,
        270,
        82,
        84,
        72,
        128,
        26,
        296,
        257,
        215,
        235,
        214,
        114,
        107,
        146,
        156,
        352,
        463,
        101,
        89,
        25,
        194,
        420,
        251,
        32,
        346,
        403,
        297,
        496,
        71,
        10,
        359,
        417,
        364,
        239,
        457,
        380,
        325,
        147,
        217,
        18,
        259,
        253,
        328,
        351,
        423,
        131,
        5,
        213,
        469,
        161,
        118,
        316,
        31,
        87,
        103,
        99,
        170,
        410,
        36,
        289,
        70,
        67,
        353,
        83,
        226,
        489,
        11,
        374,
        407,
        393,
        317,
        243,
        368,
        151,
        344,
        339,
        418,
        187,
        105,
        30,
        414,
        45,
        62,
        191,
        446,
        460,
        385,
        34,
        96,
        248,
        439,
        293,
        477,
        49,
        135,
        354,
        192,
        338,
        63,
        168,
        382,
        373,
        225,
        436,
        482,
        435,
        222,
        294,
        318,
        398,
        454,
        376,
        21,
        51,
        471,
        383,
        254,
        401,
        299,
        94,
        271
    ],
    "Nb of functions evaluations": 200010,
    "Computational time in seconds": 870.8902008533478,
    "Stopping criterion in evaluations": 200000
}