22° run output:
{
    "Function": "euclidB500.tsp",
    "Problem dimension": [
        86,
        224,
        154,
        296,
        349,
        151,
        157,
        214,
        27,
        138,
        201,
        233,
        345,
        125,
        436,
        338,
        55,
        445,
        377,
        188,
        65,
        108,
        180,
        227,
        147,
        170,
        491,
        155,
        422,
        447,
        164,
        255,
        303,
        185,
        388,
        135,
        186,
        127,
        169,
        280,
        28,
        140,
        322,
        145,
        87,
        300,
        64,
        46,
        4,
        129,
        431,
        297,
        326,
        381,
        43,
        133,
        117,
        399,
        24,
        483,
        429,
        126,
        459,
        102,
        12,
        352,
        488,
        238,
        38,
        179,
        432,
        372,
        251,
        247,
        132,
        142,
        448,
        261,
        477,
        284,
        490,
        221,
        150,
        426,
        189,
        149,
        348,
        124,
        414,
        231,
        416,
        3,
        234,
        235,
        13,
        6,
        76,
        328,
        174,
        54,
        73,
        319,
        343,
        425,
        34,
        315,
        143,
        106,
        60,
        263,
        283,
        289,
        8,
        393,
        68,
        313,
        452,
        484,
        320,
        47,
        176,
        460,
        187,
        306,
        177,
        389,
        53,
        469,
        161,
        299,
        0,
        218,
        118,
        144,
        346,
        337,
        470,
        32,
        334,
        486,
        21,
        91,
        131,
        351,
        51,
        487,
        17,
        175,
        196,
        62,
        183,
        385,
        268,
        302,
        152,
        254,
        278,
        71,
        360,
        384,
        266,
        181,
        229,
        173,
        100,
        40,
        98,
        146,
        88,
        265,
        167,
        357,
        453,
        79,
        462,
        22,
        33,
        410,
        407,
        29,
        274,
        461,
        253,
        85,
        475,
        444,
        430,
        317,
        401,
        493,
        497,
        406,
        81,
        190,
        262,
        193,
        243,
        366,
        434,
        182,
        259,
        210,
        324,
        293,
        404,
        75,
        99,
        89,
        52,
        14,
        363,
        166,
        311,
        370,
        240,
        376,
        350,
        57,
        478,
        44,
        330,
        424,
        216,
        252,
        165,
        456,
        468,
        141,
        383,
        113,
        359,
        333,
        449,
        354,
        115,
        244,
        474,
        374,
        11,
        437,
        78,
        213,
        479,
        35,
        18,
        30,
        409,
        199,
        287,
        42,
        308,
        178,
        455,
        428,
        331,
        121,
        275,
        435,
        77,
        119,
        203,
        371,
        402,
        458,
        440,
        364,
        482,
        1,
        25,
        336,
        387,
        379,
        136,
        159,
        59,
        361,
        417,
        454,
        237,
        94,
        95,
        271,
        294,
        342,
        148,
        270,
        128,
        412,
        105,
        160,
        153,
        208,
        339,
        473,
        260,
        7,
        499,
        226,
        341,
        74,
        442,
        103,
        107,
        421,
        82,
        375,
        467,
        137,
        156,
        398,
        162,
        130,
        69,
        194,
        325,
        466,
        16,
        116,
        20,
        246,
        301,
        215,
        122,
        446,
        480,
        197,
        202,
        23,
        236,
        353,
        192,
        50,
        298,
        10,
        61,
        373,
        245,
        314,
        282,
        369,
        93,
        222,
        63,
        498,
        19,
        9,
        195,
        26,
        323,
        443,
        109,
        292,
        394,
        335,
        168,
        463,
        67,
        496,
        419,
        211,
        66,
        80,
        279,
        427,
        158,
        36,
        286,
        272,
        48,
        395,
        92,
        239,
        41,
        101,
        288,
        191,
        267,
        362,
        172,
        223,
        90,
        220,
        104,
        327,
        450,
        481,
        5,
        228,
        242,
        206,
        241,
        321,
        465,
        439,
        451,
        232,
        273,
        207,
        472,
        97,
        329,
        485,
        309,
        390,
        96,
        2,
        471,
        112,
        72,
        285,
        489,
        256,
        290,
        413,
        58,
        205,
        433,
        403,
        110,
        225,
        276,
        344,
        495,
        291,
        380,
        340,
        396,
        123,
        49,
        250,
        392,
        269,
        365,
        134,
        411,
        316,
        305,
        382,
        304,
        358,
        257,
        70,
        423,
        277,
        356,
        230,
        391,
        163,
        264,
        378,
        441,
        139,
        217,
        31,
        397,
        37,
        45,
        476,
        198,
        258,
        209,
        204,
        367,
        281,
        200,
        184,
        39,
        295,
        457,
        332,
        420,
        405,
        318,
        249,
        494,
        56,
        310,
        355,
        400,
        408,
        464,
        415,
        248,
        212,
        312,
        15,
        307,
        438,
        386,
        492,
        120,
        83,
        219,
        171,
        368,
        418,
        347,
        114,
        84,
        111
    ],
    "Global Optimum": 0,
    "Algorithm": "Genetic algorithm",
    "Parameters": {
        "population": 30,
        "offspring": 30,
        "mutation probability": 0.002,
        "crossover probability": 0.9
    },
    "Fitness": 592808,
    "Solution": [
        86,
        224,
        154,
        296,
        349,
        151,
        157,
        214,
        27,
        138,
        201,
        233,
        345,
        125,
        436,
        338,
        55,
        445,
        377,
        188,
        65,
        108,
        180,
        227,
        147,
        170,
        491,
        155,
        422,
        447,
        164,
        255,
        303,
        185,
        388,
        135,
        186,
        127,
        169,
        280,
        28,
        140,
        322,
        145,
        87,
        300,
        64,
        46,
        4,
        129,
        431,
        297,
        326,
        381,
        43,
        133,
        117,
        399,
        24,
        483,
        429,
        126,
        459,
        102,
        12,
        352,
        488,
        238,
        38,
        179,
        432,
        372,
        251,
        247,
        132,
        142,
        448,
        261,
        477,
        284,
        490,
        221,
        150,
        426,
        189,
        149,
        348,
        124,
        414,
        231,
        416,
        3,
        234,
        235,
        13,
        6,
        76,
        328,
        174,
        54,
        73,
        319,
        343,
        425,
        34,
        315,
        143,
        106,
        60,
        263,
        283,
        289,
        8,
        393,
        68,
        313,
        452,
        484,
        320,
        47,
        176,
        460,
        187,
        306,
        177,
        389,
        53,
        469,
        161,
        299,
        0,
        218,
        118,
        144,
        346,
        337,
        470,
        32,
        334,
        486,
        21,
        91,
        131,
        351,
        51,
        487,
        17,
        175,
        196,
        62,
        183,
        385,
        268,
        302,
        152,
        254,
        278,
        71,
        360,
        384,
        266,
        181,
        229,
        173,
        100,
        40,
        98,
        146,
        88,
        265,
        167,
        357,
        453,
        79,
        462,
        22,
        33,
        410,
        407,
        29,
        274,
        461,
        253,
        85,
        475,
        444,
        430,
        317,
        401,
        493,
        497,
        406,
        81,
        190,
        262,
        193,
        243,
        366,
        434,
        182,
        259,
        210,
        324,
        293,
        404,
        75,
        99,
        89,
        52,
        14,
        363,
        166,
        311,
        370,
        240,
        376,
        350,
        57,
        478,
        44,
        330,
        424,
        216,
        252,
        165,
        456,
        468,
        141,
        383,
        113,
        359,
        333,
        449,
        354,
        115,
        244,
        474,
        374,
        11,
        437,
        78,
        213,
        479,
        35,
        18,
        30,
        409,
        199,
        287,
        42,
        308,
        178,
        455,
        428,
        331,
        121,
        275,
        435,
        77,
        119,
        203,
        371,
        402,
        458,
        440,
        364,
        482,
        1,
        25,
        336,
        387,
        379,
        136,
        159,
        59,
        361,
        417,
        454,
        237,
        94,
        95,
        271,
        294,
        342,
        148,
        270,
        128,
        412,
        105,
        160,
        153,
        208,
        339,
        473,
        260,
        7,
        499,
        226,
        341,
        74,
        442,
        103,
        107,
        421,
        82,
        375,
        467,
        137,
        156,
        398,
        162,
        130,
        69,
        194,
        325,
        466,
        16,
        116,
        20,
        246,
        301,
        215,
        122,
        446,
        480,
        197,
        202,
        23,
        236,
        353,
        192,
        50,
        298,
        10,
        61,
        373,
        245,
        314,
        282,
        369,
        93,
        222,
        63,
        498,
        19,
        9,
        195,
        26,
        323,
        443,
        109,
        292,
        394,
        335,
        168,
        463,
        67,
        496,
        419,
        211,
        66,
        80,
        279,
        427,
        158,
        36,
        286,
        272,
        48,
        395,
        92,
        239,
        41,
        101,
        288,
        191,
        267,
        362,
        172,
        223,
        90,
        220,
        104,
        327,
        450,
        481,
        5,
        228,
        242,
        206,
        241,
        321,
        465,
        439,
        451,
        232,
        273,
        207,
        472,
        97,
        329,
        485,
        309,
        390,
        96,
        2,
        471,
        112,
        72,
        285,
        489,
        256,
        290,
        413,
        58,
        205,
        433,
        403,
        110,
        225,
        276,
        344,
        495,
        291,
        380,
        340,
        396,
        123,
        49,
        250,
        392,
        269,
        365,
        134,
        411,
        316,
        305,
        382,
        304,
        358,
        257,
        70,
        423,
        277,
        356,
        230,
        391,
        163,
        264,
        378,
        441,
        139,
        217,
        31,
        397,
        37,
        45,
        476,
        198,
        258,
        209,
        204,
        367,
        281,
        200,
        184,
        39,
        295,
        457,
        332,
        420,
        405,
        318,
        249,
        494,
        56,
        310,
        355,
        400,
        408,
        464,
        415,
        248,
        212,
        312,
        15,
        307,
        438,
        386,
        492,
        120,
        83,
        219,
        171,
        368,
        418,
        347,
        114,
        84,
        111
    ],
    "Nb of functions evaluations": 200010,
    "Computational time in seconds": 941.851395368576,
    "Stopping criterion in evaluations": 200000
}