26° run output:
{
    "Function": "kroA400.tsp",
    "Problem dimension": [
        25,
        291,
        249,
        339,
        130,
        198,
        295,
        17,
        22,
        351,
        59,
        353,
        383,
        283,
        271,
        274,
        320,
        146,
        211,
        184,
        307,
        187,
        44,
        226,
        60,
        132,
        200,
        364,
        232,
        335,
        32,
        72,
        73,
        248,
        174,
        86,
        377,
        77,
        33,
        397,
        256,
        29,
        277,
        123,
        23,
        15,
        110,
        267,
        363,
        154,
        119,
        219,
        273,
        193,
        19,
        53,
        161,
        54,
        355,
        75,
        328,
        20,
        147,
        375,
        173,
        300,
        90,
        346,
        251,
        178,
        37,
        354,
        58,
        78,
        259,
        8,
        284,
        220,
        65,
        286,
        203,
        79,
        270,
        150,
        144,
        165,
        252,
        206,
        106,
        24,
        322,
        6,
        205,
        0,
        135,
        148,
        26,
        289,
        91,
        357,
        217,
        331,
        218,
        140,
        14,
        175,
        303,
        18,
        386,
        3,
        212,
        196,
        117,
        337,
        246,
        80,
        371,
        179,
        112,
        388,
        288,
        316,
        108,
        347,
        201,
        304,
        391,
        387,
        243,
        169,
        163,
        225,
        57,
        209,
        299,
        266,
        310,
        261,
        358,
        120,
        115,
        113,
        350,
        12,
        48,
        157,
        4,
        399,
        242,
        241,
        43,
        118,
        158,
        192,
        188,
        344,
        323,
        181,
        374,
        235,
        46,
        30,
        35,
        45,
        349,
        182,
        142,
        139,
        194,
        297,
        264,
        333,
        395,
        68,
        38,
        82,
        311,
        208,
        96,
        382,
        332,
        262,
        385,
        149,
        5,
        228,
        1,
        55,
        245,
        125,
        342,
        324,
        213,
        370,
        254,
        222,
        40,
        93,
        255,
        233,
        367,
        329,
        302,
        92,
        240,
        190,
        207,
        327,
        162,
        341,
        164,
        265,
        197,
        111,
        231,
        160,
        101,
        234,
        28,
        51,
        47,
        340,
        378,
        247,
        159,
        237,
        280,
        319,
        381,
        107,
        121,
        223,
        253,
        133,
        114,
        185,
        293,
        180,
        122,
        317,
        177,
        61,
        290,
        216,
        257,
        301,
        141,
        336,
        294,
        74,
        155,
        9,
        230,
        361,
        56,
        224,
        227,
        236,
        202,
        99,
        143,
        260,
        166,
        103,
        292,
        398,
        285,
        238,
        281,
        109,
        298,
        95,
        64,
        362,
        102,
        138,
        16,
        282,
        171,
        49,
        276,
        210,
        63,
        325,
        275,
        127,
        98,
        315,
        278,
        330,
        70,
        279,
        128,
        87,
        309,
        318,
        392,
        62,
        152,
        134,
        384,
        84,
        321,
        81,
        83,
        244,
        136,
        313,
        94,
        348,
        308,
        204,
        296,
        39,
        366,
        369,
        168,
        186,
        7,
        41,
        76,
        345,
        89,
        373,
        229,
        365,
        50,
        215,
        105,
        52,
        156,
        153,
        195,
        250,
        214,
        268,
        34,
        42,
        390,
        306,
        170,
        172,
        263,
        389,
        191,
        396,
        258,
        379,
        312,
        151,
        71,
        338,
        314,
        376,
        104,
        67,
        394,
        176,
        272,
        66,
        97,
        199,
        393,
        359,
        10,
        31,
        183,
        36,
        360,
        239,
        343,
        145,
        326,
        21,
        131,
        269,
        13,
        356,
        126,
        221,
        85,
        334,
        167,
        100,
        189,
        368,
        88,
        380,
        27,
        372,
        124,
        129,
        69,
        352,
        2,
        287,
        116,
        137,
        305,
        11
    ],
    "Global Optimum": 0,
    "Algorithm": "Genetic algorithm",
    "Parameters": {
        "population": 30,
        "offspring": 30,
        "mutation probability": 0.0025,
        "crossover probability": 0.9
    },
    "Fitness": 498567,
    "Solution": [
        25,
        291,
        249,
        339,
        130,
        198,
        295,
        17,
        22,
        351,
        59,
        353,
        383,
        283,
        271,
        274,
        320,
        146,
        211,
        184,
        307,
        187,
        44,
        226,
        60,
        132,
        200,
        364,
        232,
        335,
        32,
        72,
        73,
        248,
        174,
        86,
        377,
        77,
        33,
        397,
        256,
        29,
        277,
        123,
        23,
        15,
        110,
        267,
        363,
        154,
        119,
        219,
        273,
        193,
        19,
        53,
        161,
        54,
        355,
        75,
        328,
        20,
        147,
        375,
        173,
        300,
        90,
        346,
        251,
        178,
        37,
        354,
        58,
        78,
        259,
        8,
        284,
        220,
        65,
        286,
        203,
        79,
        270,
        150,
        144,
        165,
        252,
        206,
        106,
        24,
        322,
        6,
        205,
        0,
        135,
        148,
        26,
        289,
        91,
        357,
        217,
        331,
        218,
        140,
        14,
        175,
        303,
        18,
        386,
        3,
        212,
        196,
        117,
        337,
        246,
        80,
        371,
        179,
        112,
        388,
        288,
        316,
        108,
        347,
        201,
        304,
        391,
        387,
        243,
        169,
        163,
        225,
        57,
        209,
        299,
        266,
        310,
        261,
        358,
        120,
        115,
        113,
        350,
        12,
        48,
        157,
        4,
        399,
        242,
        241,
        43,
        118,
        158,
        192,
        188,
        344,
        323,
        181,
        374,
        235,
        46,
        30,
        35,
        45,
        349,
        182,
        142,
        139,
        194,
        297,
        264,
        333,
        395,
        68,
        38,
        82,
        311,
        208,
        96,
        382,
        332,
        262,
        385,
        149,
        5,
        228,
        1,
        55,
        245,
        125,
        342,
        324,
        213,
        370,
        254,
        222,
        40,
        93,
        255,
        233,
        367,
        329,
        302,
        92,
        240,
        190,
        207,
        327,
        162,
        341,
        164,
        265,
        197,
        111,
        231,
        160,
        101,
        234,
        28,
        51,
        47,
        340,
        378,
        247,
        159,
        237,
        280,
        319,
        381,
        107,
        121,
        223,
        253,
        133,
        114,
        185,
        293,
        180,
        122,
        317,
        177,
        61,
        290,
        216,
        257,
        301,
        141,
        336,
        294,
        74,
        155,
        9,
        230,
        361,
        56,
        224,
        227,
        236,
        202,
        99,
        143,
        260,
        166,
        103,
        292,
        398,
        285,
        238,
        281,
        109,
        298,
        95,
        64,
        362,
        102,
        138,
        16,
        282,
        171,
        49,
        276,
        210,
        63,
        325,
        275,
        127,
        98,
        315,
        278,
        330,
        70,
        279,
        128,
        87,
        309,
        318,
        392,
        62,
        152,
        134,
        384,
        84,
        321,
        81,
        83,
        244,
        136,
        313,
        94,
        348,
        308,
        204,
        296,
        39,
        366,
        369,
        168,
        186,
        7,
        41,
        76,
        345,
        89,
        373,
        229,
        365,
        50,
        215,
        105,
        52,
        156,
        153,
        195,
        250,
        214,
        268,
        34,
        42,
        390,
        306,
        170,
        172,
        263,
        389,
        191,
        396,
        258,
        379,
        312,
        151,
        71,
        338,
        314,
        376,
        104,
        67,
        394,
        176,
        272,
        66,
        97,
        199,
        393,
        359,
        10,
        31,
        183,
        36,
        360,
        239,
        343,
        145,
        326,
        21,
        131,
        269,
        13,
        356,
        126,
        221,
        85,
        334,
        167,
        100,
        189,
        368,
        88,
        380,
        27,
        372,
        124,
        129,
        69,
        352,
        2,
        287,
        116,
        137,
        305,
        11
    ],
    "Nb of functions evaluations": 50010,
    "Computational time in seconds": 241.10690450668335,
    "Stopping criterion in evaluations": 50000
}