19° run output:
{
    "Function": "euclidB300.tsp",
    "Problem dimension": [
        136,
        31,
        234,
        202,
        294,
        146,
        291,
        135,
        76,
        109,
        166,
        188,
        40,
        147,
        28,
        36,
        169,
        267,
        29,
        274,
        48,
        137,
        197,
        67,
        57,
        112,
        124,
        192,
        26,
        227,
        283,
        90,
        211,
        45,
        257,
        95,
        77,
        37,
        132,
        171,
        122,
        293,
        44,
        59,
        20,
        117,
        14,
        263,
        199,
        81,
        232,
        254,
        22,
        43,
        52,
        99,
        74,
        172,
        226,
        289,
        78,
        249,
        153,
        242,
        168,
        187,
        241,
        279,
        183,
        73,
        256,
        261,
        98,
        75,
        47,
        51,
        101,
        139,
        286,
        210,
        205,
        129,
        209,
        255,
        174,
        21,
        92,
        155,
        2,
        69,
        131,
        65,
        179,
        284,
        115,
        225,
        7,
        30,
        127,
        38,
        269,
        182,
        190,
        160,
        3,
        201,
        140,
        219,
        281,
        46,
        181,
        23,
        215,
        246,
        27,
        49,
        287,
        238,
        251,
        151,
        214,
        177,
        221,
        200,
        189,
        106,
        198,
        133,
        144,
        243,
        295,
        159,
        145,
        94,
        103,
        80,
        9,
        102,
        237,
        138,
        280,
        175,
        33,
        100,
        96,
        150,
        39,
        97,
        32,
        10,
        230,
        156,
        84,
        12,
        11,
        204,
        247,
        229,
        16,
        180,
        108,
        71,
        194,
        173,
        297,
        25,
        275,
        163,
        91,
        123,
        203,
        186,
        154,
        41,
        15,
        130,
        253,
        288,
        212,
        268,
        176,
        235,
        79,
        248,
        105,
        250,
        88,
        93,
        252,
        126,
        270,
        54,
        148,
        276,
        259,
        265,
        18,
        66,
        195,
        152,
        208,
        217,
        299,
        278,
        285,
        206,
        107,
        228,
        86,
        245,
        184,
        121,
        264,
        224,
        119,
        104,
        87,
        213,
        116,
        63,
        292,
        113,
        5,
        149,
        185,
        6,
        13,
        196,
        89,
        239,
        19,
        220,
        296,
        1,
        62,
        110,
        24,
        161,
        64,
        4,
        0,
        167,
        68,
        216,
        193,
        231,
        111,
        61,
        125,
        134,
        178,
        55,
        260,
        258,
        191,
        277,
        262,
        272,
        162,
        207,
        82,
        53,
        141,
        266,
        218,
        34,
        42,
        120,
        114,
        298,
        85,
        17,
        72,
        165,
        83,
        164,
        236,
        157,
        60,
        128,
        58,
        158,
        223,
        35,
        240,
        282,
        142,
        143,
        50,
        271,
        244,
        222,
        56,
        290,
        273,
        170,
        8,
        70,
        233,
        118
    ],
    "Global Optimum": 0,
    "Algorithm": "Genetic algorithm",
    "Parameters": {
        "population": 30,
        "offspring": 30,
        "mutation probability": 0.0033333333333333335,
        "crossover probability": 0.9
    },
    "Fitness": 265773,
    "Solution": [
        136,
        31,
        234,
        202,
        294,
        146,
        291,
        135,
        76,
        109,
        166,
        188,
        40,
        147,
        28,
        36,
        169,
        267,
        29,
        274,
        48,
        137,
        197,
        67,
        57,
        112,
        124,
        192,
        26,
        227,
        283,
        90,
        211,
        45,
        257,
        95,
        77,
        37,
        132,
        171,
        122,
        293,
        44,
        59,
        20,
        117,
        14,
        263,
        199,
        81,
        232,
        254,
        22,
        43,
        52,
        99,
        74,
        172,
        226,
        289,
        78,
        249,
        153,
        242,
        168,
        187,
        241,
        279,
        183,
        73,
        256,
        261,
        98,
        75,
        47,
        51,
        101,
        139,
        286,
        210,
        205,
        129,
        209,
        255,
        174,
        21,
        92,
        155,
        2,
        69,
        131,
        65,
        179,
        284,
        115,
        225,
        7,
        30,
        127,
        38,
        269,
        182,
        190,
        160,
        3,
        201,
        140,
        219,
        281,
        46,
        181,
        23,
        215,
        246,
        27,
        49,
        287,
        238,
        251,
        151,
        214,
        177,
        221,
        200,
        189,
        106,
        198,
        133,
        144,
        243,
        295,
        159,
        145,
        94,
        103,
        80,
        9,
        102,
        237,
        138,
        280,
        175,
        33,
        100,
        96,
        150,
        39,
        97,
        32,
        10,
        230,
        156,
        84,
        12,
        11,
        204,
        247,
        229,
        16,
        180,
        108,
        71,
        194,
        173,
        297,
        25,
        275,
        163,
        91,
        123,
        203,
        186,
        154,
        41,
        15,
        130,
        253,
        288,
        212,
        268,
        176,
        235,
        79,
        248,
        105,
        250,
        88,
        93,
        252,
        126,
        270,
        54,
        148,
        276,
        259,
        265,
        18,
        66,
        195,
        152,
        208,
        217,
        299,
        278,
        285,
        206,
        107,
        228,
        86,
        245,
        184,
        121,
        264,
        224,
        119,
        104,
        87,
        213,
        116,
        63,
        292,
        113,
        5,
        149,
        185,
        6,
        13,
        196,
        89,
        239,
        19,
        220,
        296,
        1,
        62,
        110,
        24,
        161,
        64,
        4,
        0,
        167,
        68,
        216,
        193,
        231,
        111,
        61,
        125,
        134,
        178,
        55,
        260,
        258,
        191,
        277,
        262,
        272,
        162,
        207,
        82,
        53,
        141,
        266,
        218,
        34,
        42,
        120,
        114,
        298,
        85,
        17,
        72,
        165,
        83,
        164,
        236,
        157,
        60,
        128,
        58,
        158,
        223,
        35,
        240,
        282,
        142,
        143,
        50,
        271,
        244,
        222,
        56,
        290,
        273,
        170,
        8,
        70,
        233,
        118
    ],
    "Nb of functions evaluations": 400020,
    "Computational time in seconds": 696.2741827964783,
    "Stopping criterion in evaluations": 400000
}