3° run output:
{
    "Function": "euclidB300.tsp",
    "Problem dimension": [
        6,
        92,
        177,
        64,
        99,
        7,
        5,
        267,
        198,
        55,
        123,
        113,
        244,
        95,
        234,
        120,
        62,
        31,
        119,
        220,
        148,
        296,
        39,
        221,
        174,
        162,
        207,
        29,
        269,
        178,
        109,
        108,
        134,
        84,
        247,
        81,
        193,
        12,
        107,
        96,
        255,
        24,
        200,
        57,
        111,
        199,
        9,
        11,
        116,
        228,
        129,
        0,
        14,
        3,
        259,
        253,
        58,
        28,
        167,
        160,
        256,
        74,
        236,
        83,
        176,
        118,
        66,
        280,
        138,
        33,
        151,
        65,
        70,
        268,
        292,
        238,
        78,
        222,
        214,
        202,
        61,
        36,
        35,
        117,
        283,
        241,
        136,
        285,
        170,
        128,
        145,
        104,
        287,
        131,
        38,
        289,
        284,
        179,
        233,
        173,
        291,
        164,
        1,
        114,
        246,
        71,
        89,
        98,
        274,
        15,
        141,
        93,
        130,
        204,
        186,
        37,
        168,
        49,
        275,
        203,
        8,
        112,
        103,
        13,
        248,
        2,
        47,
        82,
        122,
        172,
        295,
        213,
        171,
        53,
        88,
        278,
        175,
        32,
        225,
        196,
        266,
        159,
        127,
        77,
        224,
        40,
        227,
        56,
        155,
        19,
        52,
        110,
        10,
        125,
        251,
        165,
        271,
        257,
        215,
        264,
        230,
        194,
        270,
        79,
        94,
        147,
        27,
        245,
        106,
        258,
        187,
        23,
        126,
        132,
        41,
        239,
        16,
        279,
        45,
        142,
        157,
        121,
        85,
        223,
        232,
        17,
        135,
        298,
        163,
        197,
        87,
        105,
        21,
        210,
        263,
        265,
        231,
        72,
        50,
        273,
        4,
        185,
        189,
        286,
        277,
        216,
        59,
        206,
        294,
        226,
        102,
        34,
        22,
        51,
        293,
        235,
        42,
        67,
        250,
        75,
        69,
        201,
        137,
        180,
        73,
        249,
        18,
        183,
        254,
        209,
        91,
        63,
        115,
        218,
        243,
        161,
        219,
        76,
        60,
        154,
        212,
        48,
        140,
        150,
        166,
        188,
        297,
        191,
        139,
        143,
        299,
        192,
        190,
        260,
        181,
        153,
        282,
        276,
        195,
        240,
        101,
        20,
        30,
        44,
        288,
        68,
        43,
        242,
        156,
        25,
        184,
        54,
        86,
        261,
        169,
        80,
        158,
        133,
        46,
        144,
        262,
        149,
        290,
        90,
        182,
        237,
        152,
        146,
        272,
        252,
        26,
        217,
        97,
        281,
        208,
        100,
        124,
        205,
        229,
        211
    ],
    "Global Optimum": 0,
    "Algorithm": "Genetic algorithm",
    "Parameters": {
        "population": 30,
        "offspring": 30,
        "mutation probability": 0.0033333333333333335,
        "crossover probability": 0.9
    },
    "Fitness": 265374,
    "Solution": [
        6,
        92,
        177,
        64,
        99,
        7,
        5,
        267,
        198,
        55,
        123,
        113,
        244,
        95,
        234,
        120,
        62,
        31,
        119,
        220,
        148,
        296,
        39,
        221,
        174,
        162,
        207,
        29,
        269,
        178,
        109,
        108,
        134,
        84,
        247,
        81,
        193,
        12,
        107,
        96,
        255,
        24,
        200,
        57,
        111,
        199,
        9,
        11,
        116,
        228,
        129,
        0,
        14,
        3,
        259,
        253,
        58,
        28,
        167,
        160,
        256,
        74,
        236,
        83,
        176,
        118,
        66,
        280,
        138,
        33,
        151,
        65,
        70,
        268,
        292,
        238,
        78,
        222,
        214,
        202,
        61,
        36,
        35,
        117,
        283,
        241,
        136,
        285,
        170,
        128,
        145,
        104,
        287,
        131,
        38,
        289,
        284,
        179,
        233,
        173,
        291,
        164,
        1,
        114,
        246,
        71,
        89,
        98,
        274,
        15,
        141,
        93,
        130,
        204,
        186,
        37,
        168,
        49,
        275,
        203,
        8,
        112,
        103,
        13,
        248,
        2,
        47,
        82,
        122,
        172,
        295,
        213,
        171,
        53,
        88,
        278,
        175,
        32,
        225,
        196,
        266,
        159,
        127,
        77,
        224,
        40,
        227,
        56,
        155,
        19,
        52,
        110,
        10,
        125,
        251,
        165,
        271,
        257,
        215,
        264,
        230,
        194,
        270,
        79,
        94,
        147,
        27,
        245,
        106,
        258,
        187,
        23,
        126,
        132,
        41,
        239,
        16,
        279,
        45,
        142,
        157,
        121,
        85,
        223,
        232,
        17,
        135,
        298,
        163,
        197,
        87,
        105,
        21,
        210,
        263,
        265,
        231,
        72,
        50,
        273,
        4,
        185,
        189,
        286,
        277,
        216,
        59,
        206,
        294,
        226,
        102,
        34,
        22,
        51,
        293,
        235,
        42,
        67,
        250,
        75,
        69,
        201,
        137,
        180,
        73,
        249,
        18,
        183,
        254,
        209,
        91,
        63,
        115,
        218,
        243,
        161,
        219,
        76,
        60,
        154,
        212,
        48,
        140,
        150,
        166,
        188,
        297,
        191,
        139,
        143,
        299,
        192,
        190,
        260,
        181,
        153,
        282,
        276,
        195,
        240,
        101,
        20,
        30,
        44,
        288,
        68,
        43,
        242,
        156,
        25,
        184,
        54,
        86,
        261,
        169,
        80,
        158,
        133,
        46,
        144,
        262,
        149,
        290,
        90,
        182,
        237,
        152,
        146,
        272,
        252,
        26,
        217,
        97,
        281,
        208,
        100,
        124,
        205,
        229,
        211
    ],
    "Nb of functions evaluations": 400020,
    "Computational time in seconds": 761.9045207500458,
    "Stopping criterion in evaluations": 400000
}