19° run output:
{
    "Function": "kroB400.tsp",
    "Problem dimension": [
        189,
        122,
        20,
        330,
        105,
        331,
        301,
        265,
        385,
        15,
        129,
        219,
        304,
        47,
        146,
        226,
        191,
        154,
        14,
        134,
        168,
        94,
        229,
        263,
        160,
        199,
        378,
        106,
        31,
        393,
        384,
        114,
        239,
        166,
        92,
        273,
        182,
        216,
        225,
        365,
        178,
        126,
        372,
        145,
        336,
        184,
        42,
        366,
        158,
        380,
        285,
        118,
        342,
        313,
        173,
        48,
        56,
        367,
        279,
        54,
        150,
        101,
        228,
        321,
        102,
        104,
        49,
        223,
        37,
        110,
        277,
        255,
        320,
        130,
        63,
        88,
        32,
        280,
        132,
        270,
        260,
        214,
        75,
        128,
        85,
        121,
        310,
        381,
        244,
        334,
        338,
        230,
        192,
        46,
        398,
        319,
        84,
        340,
        151,
        123,
        368,
        246,
        343,
        353,
        253,
        369,
        227,
        64,
        287,
        242,
        307,
        248,
        133,
        256,
        389,
        143,
        254,
        371,
        201,
        215,
        21,
        209,
        112,
        364,
        26,
        262,
        236,
        202,
        155,
        203,
        98,
        217,
        327,
        6,
        220,
        218,
        293,
        305,
        271,
        117,
        82,
        207,
        2,
        24,
        34,
        322,
        335,
        74,
        79,
        55,
        200,
        261,
        233,
        258,
        190,
        272,
        249,
        90,
        251,
        0,
        71,
        351,
        383,
        243,
        312,
        69,
        52,
        357,
        358,
        99,
        185,
        83,
        93,
        375,
        264,
        44,
        50,
        205,
        142,
        77,
        103,
        288,
        291,
        81,
        108,
        127,
        306,
        53,
        294,
        138,
        57,
        390,
        41,
        62,
        17,
        76,
        382,
        341,
        386,
        29,
        303,
        282,
        43,
        35,
        16,
        147,
        1,
        302,
        300,
        11,
        115,
        120,
        111,
        325,
        308,
        152,
        396,
        315,
        318,
        174,
        169,
        299,
        324,
        180,
        68,
        33,
        221,
        345,
        10,
        376,
        9,
        30,
        252,
        80,
        374,
        363,
        278,
        156,
        234,
        238,
        141,
        67,
        290,
        22,
        237,
        91,
        153,
        172,
        176,
        96,
        231,
        208,
        399,
        162,
        100,
        332,
        86,
        164,
        311,
        397,
        387,
        391,
        177,
        163,
        269,
        354,
        295,
        113,
        274,
        159,
        222,
        235,
        286,
        377,
        250,
        97,
        70,
        275,
        352,
        38,
        39,
        135,
        28,
        347,
        346,
        388,
        316,
        361,
        60,
        348,
        212,
        206,
        323,
        355,
        144,
        245,
        197,
        196,
        188,
        344,
        392,
        289,
        395,
        5,
        267,
        356,
        119,
        213,
        241,
        266,
        186,
        23,
        78,
        25,
        187,
        210,
        51,
        379,
        107,
        298,
        309,
        137,
        281,
        45,
        259,
        175,
        89,
        131,
        224,
        61,
        349,
        95,
        292,
        198,
        211,
        268,
        247,
        283,
        58,
        13,
        72,
        116,
        148,
        19,
        73,
        8,
        373,
        161,
        12,
        3,
        59,
        167,
        350,
        339,
        232,
        124,
        296,
        317,
        181,
        194,
        276,
        359,
        140,
        240,
        183,
        257,
        109,
        333,
        139,
        36,
        4,
        27,
        7,
        157,
        337,
        40,
        125,
        136,
        18,
        170,
        165,
        193,
        297,
        87,
        195,
        362,
        360,
        370,
        65,
        66,
        149,
        171,
        314,
        326,
        179,
        394,
        284,
        328,
        204,
        329
    ],
    "Global Optimum": 0,
    "Algorithm": "Genetic algorithm",
    "Parameters": {
        "population": 30,
        "offspring": 30,
        "mutation probability": 0.0025,
        "crossover probability": 0.9
    },
    "Fitness": 386977,
    "Solution": [
        189,
        122,
        20,
        330,
        105,
        331,
        301,
        265,
        385,
        15,
        129,
        219,
        304,
        47,
        146,
        226,
        191,
        154,
        14,
        134,
        168,
        94,
        229,
        263,
        160,
        199,
        378,
        106,
        31,
        393,
        384,
        114,
        239,
        166,
        92,
        273,
        182,
        216,
        225,
        365,
        178,
        126,
        372,
        145,
        336,
        184,
        42,
        366,
        158,
        380,
        285,
        118,
        342,
        313,
        173,
        48,
        56,
        367,
        279,
        54,
        150,
        101,
        228,
        321,
        102,
        104,
        49,
        223,
        37,
        110,
        277,
        255,
        320,
        130,
        63,
        88,
        32,
        280,
        132,
        270,
        260,
        214,
        75,
        128,
        85,
        121,
        310,
        381,
        244,
        334,
        338,
        230,
        192,
        46,
        398,
        319,
        84,
        340,
        151,
        123,
        368,
        246,
        343,
        353,
        253,
        369,
        227,
        64,
        287,
        242,
        307,
        248,
        133,
        256,
        389,
        143,
        254,
        371,
        201,
        215,
        21,
        209,
        112,
        364,
        26,
        262,
        236,
        202,
        155,
        203,
        98,
        217,
        327,
        6,
        220,
        218,
        293,
        305,
        271,
        117,
        82,
        207,
        2,
        24,
        34,
        322,
        335,
        74,
        79,
        55,
        200,
        261,
        233,
        258,
        190,
        272,
        249,
        90,
        251,
        0,
        71,
        351,
        383,
        243,
        312,
        69,
        52,
        357,
        358,
        99,
        185,
        83,
        93,
        375,
        264,
        44,
        50,
        205,
        142,
        77,
        103,
        288,
        291,
        81,
        108,
        127,
        306,
        53,
        294,
        138,
        57,
        390,
        41,
        62,
        17,
        76,
        382,
        341,
        386,
        29,
        303,
        282,
        43,
        35,
        16,
        147,
        1,
        302,
        300,
        11,
        115,
        120,
        111,
        325,
        308,
        152,
        396,
        315,
        318,
        174,
        169,
        299,
        324,
        180,
        68,
        33,
        221,
        345,
        10,
        376,
        9,
        30,
        252,
        80,
        374,
        363,
        278,
        156,
        234,
        238,
        141,
        67,
        290,
        22,
        237,
        91,
        153,
        172,
        176,
        96,
        231,
        208,
        399,
        162,
        100,
        332,
        86,
        164,
        311,
        397,
        387,
        391,
        177,
        163,
        269,
        354,
        295,
        113,
        274,
        159,
        222,
        235,
        286,
        377,
        250,
        97,
        70,
        275,
        352,
        38,
        39,
        135,
        28,
        347,
        346,
        388,
        316,
        361,
        60,
        348,
        212,
        206,
        323,
        355,
        144,
        245,
        197,
        196,
        188,
        344,
        392,
        289,
        395,
        5,
        267,
        356,
        119,
        213,
        241,
        266,
        186,
        23,
        78,
        25,
        187,
        210,
        51,
        379,
        107,
        298,
        309,
        137,
        281,
        45,
        259,
        175,
        89,
        131,
        224,
        61,
        349,
        95,
        292,
        198,
        211,
        268,
        247,
        283,
        58,
        13,
        72,
        116,
        148,
        19,
        73,
        8,
        373,
        161,
        12,
        3,
        59,
        167,
        350,
        339,
        232,
        124,
        296,
        317,
        181,
        194,
        276,
        359,
        140,
        240,
        183,
        257,
        109,
        333,
        139,
        36,
        4,
        27,
        7,
        157,
        337,
        40,
        125,
        136,
        18,
        170,
        165,
        193,
        297,
        87,
        195,
        362,
        360,
        370,
        65,
        66,
        149,
        171,
        314,
        326,
        179,
        394,
        284,
        328,
        204,
        329
    ],
    "Nb of functions evaluations": 400020,
    "Computational time in seconds": 978.7841157913208,
    "Stopping criterion in evaluations": 400000
}