15° run output:
{
    "Function": "kroB400.tsp",
    "Problem dimension": [
        277,
        378,
        351,
        355,
        369,
        112,
        263,
        228,
        234,
        146,
        73,
        216,
        166,
        70,
        308,
        283,
        132,
        286,
        152,
        387,
        99,
        179,
        177,
        20,
        131,
        66,
        307,
        265,
        273,
        36,
        142,
        293,
        27,
        268,
        237,
        353,
        325,
        39,
        4,
        320,
        292,
        262,
        392,
        323,
        303,
        374,
        275,
        8,
        370,
        272,
        53,
        138,
        6,
        89,
        2,
        121,
        281,
        189,
        346,
        72,
        376,
        240,
        210,
        164,
        257,
        316,
        326,
        77,
        194,
        50,
        137,
        84,
        329,
        10,
        171,
        253,
        208,
        342,
        148,
        256,
        9,
        110,
        258,
        222,
        371,
        14,
        270,
        375,
        356,
        49,
        158,
        245,
        119,
        109,
        186,
        125,
        23,
        35,
        62,
        333,
        285,
        46,
        31,
        51,
        380,
        266,
        373,
        123,
        278,
        231,
        168,
        330,
        13,
        377,
        290,
        79,
        305,
        58,
        88,
        12,
        232,
        170,
        227,
        399,
        76,
        397,
        71,
        362,
        336,
        287,
        134,
        129,
        276,
        128,
        200,
        97,
        26,
        314,
        300,
        344,
        136,
        44,
        324,
        197,
        38,
        239,
        55,
        176,
        165,
        302,
        205,
        107,
        188,
        67,
        25,
        321,
        183,
        204,
        196,
        92,
        312,
        96,
        7,
        398,
        242,
        267,
        235,
        357,
        337,
        141,
        251,
        340,
        78,
        115,
        284,
        241,
        24,
        45,
        301,
        259,
        361,
        68,
        389,
        116,
        364,
        187,
        95,
        139,
        47,
        296,
        154,
        30,
        394,
        366,
        59,
        358,
        363,
        85,
        29,
        41,
        1,
        243,
        180,
        218,
        94,
        185,
        328,
        178,
        379,
        140,
        209,
        318,
        298,
        230,
        261,
        172,
        135,
        352,
        34,
        349,
        149,
        334,
        372,
        221,
        122,
        327,
        75,
        350,
        199,
        101,
        396,
        91,
        264,
        385,
        17,
        182,
        233,
        74,
        37,
        311,
        202,
        191,
        279,
        87,
        167,
        198,
        332,
        203,
        5,
        339,
        214,
        382,
        124,
        212,
        338,
        60,
        65,
        144,
        163,
        294,
        151,
        223,
        33,
        56,
        345,
        86,
        360,
        118,
        147,
        16,
        32,
        113,
        304,
        184,
        306,
        395,
        206,
        90,
        391,
        211,
        269,
        313,
        61,
        83,
        22,
        159,
        315,
        246,
        354,
        157,
        310,
        160,
        93,
        288,
        195,
        114,
        220,
        367,
        40,
        260,
        48,
        64,
        238,
        317,
        111,
        291,
        117,
        309,
        19,
        162,
        104,
        236,
        143,
        254,
        331,
        82,
        155,
        244,
        368,
        229,
        150,
        226,
        127,
        63,
        359,
        43,
        225,
        145,
        224,
        250,
        217,
        100,
        80,
        252,
        347,
        28,
        190,
        295,
        341,
        386,
        105,
        201,
        322,
        383,
        81,
        274,
        365,
        181,
        207,
        213,
        299,
        175,
        248,
        384,
        388,
        335,
        0,
        11,
        249,
        57,
        297,
        289,
        108,
        348,
        98,
        42,
        219,
        161,
        120,
        102,
        15,
        255,
        381,
        169,
        52,
        106,
        173,
        390,
        153,
        103,
        21,
        280,
        54,
        130,
        271,
        319,
        133,
        393,
        3,
        174,
        282,
        156,
        247,
        69,
        193,
        343,
        215,
        18,
        192,
        126
    ],
    "Global Optimum": 0,
    "Algorithm": "Genetic algorithm",
    "Parameters": {
        "population": 30,
        "offspring": 30,
        "mutation probability": 0.0025,
        "crossover probability": 0.9
    },
    "Fitness": 385397,
    "Solution": [
        277,
        378,
        351,
        355,
        369,
        112,
        263,
        228,
        234,
        146,
        73,
        216,
        166,
        70,
        308,
        283,
        132,
        286,
        152,
        387,
        99,
        179,
        177,
        20,
        131,
        66,
        307,
        265,
        273,
        36,
        142,
        293,
        27,
        268,
        237,
        353,
        325,
        39,
        4,
        320,
        292,
        262,
        392,
        323,
        303,
        374,
        275,
        8,
        370,
        272,
        53,
        138,
        6,
        89,
        2,
        121,
        281,
        189,
        346,
        72,
        376,
        240,
        210,
        164,
        257,
        316,
        326,
        77,
        194,
        50,
        137,
        84,
        329,
        10,
        171,
        253,
        208,
        342,
        148,
        256,
        9,
        110,
        258,
        222,
        371,
        14,
        270,
        375,
        356,
        49,
        158,
        245,
        119,
        109,
        186,
        125,
        23,
        35,
        62,
        333,
        285,
        46,
        31,
        51,
        380,
        266,
        373,
        123,
        278,
        231,
        168,
        330,
        13,
        377,
        290,
        79,
        305,
        58,
        88,
        12,
        232,
        170,
        227,
        399,
        76,
        397,
        71,
        362,
        336,
        287,
        134,
        129,
        276,
        128,
        200,
        97,
        26,
        314,
        300,
        344,
        136,
        44,
        324,
        197,
        38,
        239,
        55,
        176,
        165,
        302,
        205,
        107,
        188,
        67,
        25,
        321,
        183,
        204,
        196,
        92,
        312,
        96,
        7,
        398,
        242,
        267,
        235,
        357,
        337,
        141,
        251,
        340,
        78,
        115,
        284,
        241,
        24,
        45,
        301,
        259,
        361,
        68,
        389,
        116,
        364,
        187,
        95,
        139,
        47,
        296,
        154,
        30,
        394,
        366,
        59,
        358,
        363,
        85,
        29,
        41,
        1,
        243,
        180,
        218,
        94,
        185,
        328,
        178,
        379,
        140,
        209,
        318,
        298,
        230,
        261,
        172,
        135,
        352,
        34,
        349,
        149,
        334,
        372,
        221,
        122,
        327,
        75,
        350,
        199,
        101,
        396,
        91,
        264,
        385,
        17,
        182,
        233,
        74,
        37,
        311,
        202,
        191,
        279,
        87,
        167,
        198,
        332,
        203,
        5,
        339,
        214,
        382,
        124,
        212,
        338,
        60,
        65,
        144,
        163,
        294,
        151,
        223,
        33,
        56,
        345,
        86,
        360,
        118,
        147,
        16,
        32,
        113,
        304,
        184,
        306,
        395,
        206,
        90,
        391,
        211,
        269,
        313,
        61,
        83,
        22,
        159,
        315,
        246,
        354,
        157,
        310,
        160,
        93,
        288,
        195,
        114,
        220,
        367,
        40,
        260,
        48,
        64,
        238,
        317,
        111,
        291,
        117,
        309,
        19,
        162,
        104,
        236,
        143,
        254,
        331,
        82,
        155,
        244,
        368,
        229,
        150,
        226,
        127,
        63,
        359,
        43,
        225,
        145,
        224,
        250,
        217,
        100,
        80,
        252,
        347,
        28,
        190,
        295,
        341,
        386,
        105,
        201,
        322,
        383,
        81,
        274,
        365,
        181,
        207,
        213,
        299,
        175,
        248,
        384,
        388,
        335,
        0,
        11,
        249,
        57,
        297,
        289,
        108,
        348,
        98,
        42,
        219,
        161,
        120,
        102,
        15,
        255,
        381,
        169,
        52,
        106,
        173,
        390,
        153,
        103,
        21,
        280,
        54,
        130,
        271,
        319,
        133,
        393,
        3,
        174,
        282,
        156,
        247,
        69,
        193,
        343,
        215,
        18,
        192,
        126
    ],
    "Nb of functions evaluations": 400020,
    "Computational time in seconds": 980.420284986496,
    "Stopping criterion in evaluations": 400000
}