10° run output:
{
    "Function": "kroB400.tsp",
    "Problem dimension": [
        213,
        268,
        255,
        349,
        311,
        315,
        155,
        361,
        156,
        275,
        101,
        105,
        146,
        14,
        177,
        99,
        291,
        338,
        3,
        272,
        265,
        35,
        120,
        360,
        351,
        243,
        396,
        150,
        232,
        336,
        359,
        228,
        297,
        341,
        142,
        53,
        127,
        50,
        284,
        298,
        75,
        9,
        193,
        239,
        196,
        37,
        133,
        371,
        286,
        117,
        17,
        29,
        395,
        205,
        266,
        111,
        185,
        399,
        382,
        144,
        26,
        93,
        60,
        115,
        248,
        95,
        23,
        82,
        147,
        163,
        54,
        143,
        206,
        302,
        285,
        212,
        222,
        81,
        32,
        1,
        385,
        190,
        182,
        216,
        186,
        136,
        42,
        368,
        131,
        148,
        61,
        100,
        270,
        332,
        326,
        244,
        224,
        313,
        369,
        122,
        355,
        314,
        247,
        339,
        223,
        112,
        180,
        4,
        329,
        24,
        57,
        168,
        192,
        49,
        13,
        230,
        41,
        181,
        353,
        56,
        252,
        59,
        231,
        69,
        121,
        84,
        347,
        278,
        160,
        208,
        386,
        384,
        317,
        30,
        356,
        152,
        364,
        379,
        114,
        7,
        157,
        89,
        116,
        290,
        170,
        103,
        85,
        372,
        45,
        387,
        295,
        301,
        330,
        234,
        183,
        294,
        380,
        134,
        261,
        51,
        87,
        2,
        358,
        283,
        393,
        367,
        280,
        74,
        173,
        22,
        138,
        377,
        130,
        260,
        237,
        343,
        12,
        242,
        172,
        21,
        340,
        187,
        110,
        225,
        207,
        210,
        258,
        303,
        342,
        198,
        282,
        309,
        91,
        184,
        6,
        151,
        220,
        66,
        141,
        327,
        78,
        48,
        398,
        153,
        306,
        179,
        209,
        191,
        257,
        139,
        215,
        199,
        214,
        106,
        374,
        310,
        20,
        167,
        394,
        233,
        320,
        318,
        299,
        128,
        145,
        363,
        337,
        281,
        335,
        378,
        288,
        300,
        0,
        174,
        71,
        250,
        58,
        31,
        218,
        28,
        72,
        305,
        366,
        227,
        256,
        389,
        370,
        322,
        194,
        158,
        316,
        273,
        149,
        39,
        381,
        324,
        211,
        38,
        188,
        169,
        68,
        123,
        83,
        161,
        203,
        201,
        279,
        264,
        5,
        109,
        331,
        46,
        276,
        77,
        118,
        40,
        375,
        135,
        352,
        357,
        323,
        113,
        267,
        43,
        129,
        10,
        251,
        166,
        245,
        64,
        197,
        189,
        259,
        27,
        55,
        308,
        319,
        293,
        376,
        137,
        52,
        325,
        67,
        328,
        274,
        62,
        108,
        202,
        65,
        392,
        271,
        98,
        350,
        304,
        73,
        365,
        249,
        132,
        253,
        200,
        90,
        97,
        171,
        235,
        388,
        86,
        164,
        96,
        346,
        391,
        345,
        104,
        102,
        195,
        246,
        80,
        47,
        125,
        289,
        107,
        269,
        25,
        126,
        159,
        19,
        178,
        229,
        307,
        34,
        70,
        287,
        390,
        16,
        63,
        36,
        344,
        88,
        292,
        204,
        254,
        373,
        397,
        238,
        383,
        348,
        11,
        354,
        312,
        33,
        241,
        162,
        236,
        18,
        165,
        94,
        79,
        277,
        140,
        221,
        362,
        321,
        240,
        15,
        296,
        226,
        154,
        219,
        176,
        334,
        92,
        217,
        263,
        76,
        119,
        124,
        44,
        333,
        262,
        175,
        8
    ],
    "Global Optimum": 0,
    "Algorithm": "Genetic algorithm",
    "Parameters": {
        "population": 30,
        "offspring": 30,
        "mutation probability": 0.0025,
        "crossover probability": 0.9
    },
    "Fitness": 377548,
    "Solution": [
        213,
        268,
        255,
        349,
        311,
        315,
        155,
        361,
        156,
        275,
        101,
        105,
        146,
        14,
        177,
        99,
        291,
        338,
        3,
        272,
        265,
        35,
        120,
        360,
        351,
        243,
        396,
        150,
        232,
        336,
        359,
        228,
        297,
        341,
        142,
        53,
        127,
        50,
        284,
        298,
        75,
        9,
        193,
        239,
        196,
        37,
        133,
        371,
        286,
        117,
        17,
        29,
        395,
        205,
        266,
        111,
        185,
        399,
        382,
        144,
        26,
        93,
        60,
        115,
        248,
        95,
        23,
        82,
        147,
        163,
        54,
        143,
        206,
        302,
        285,
        212,
        222,
        81,
        32,
        1,
        385,
        190,
        182,
        216,
        186,
        136,
        42,
        368,
        131,
        148,
        61,
        100,
        270,
        332,
        326,
        244,
        224,
        313,
        369,
        122,
        355,
        314,
        247,
        339,
        223,
        112,
        180,
        4,
        329,
        24,
        57,
        168,
        192,
        49,
        13,
        230,
        41,
        181,
        353,
        56,
        252,
        59,
        231,
        69,
        121,
        84,
        347,
        278,
        160,
        208,
        386,
        384,
        317,
        30,
        356,
        152,
        364,
        379,
        114,
        7,
        157,
        89,
        116,
        290,
        170,
        103,
        85,
        372,
        45,
        387,
        295,
        301,
        330,
        234,
        183,
        294,
        380,
        134,
        261,
        51,
        87,
        2,
        358,
        283,
        393,
        367,
        280,
        74,
        173,
        22,
        138,
        377,
        130,
        260,
        237,
        343,
        12,
        242,
        172,
        21,
        340,
        187,
        110,
        225,
        207,
        210,
        258,
        303,
        342,
        198,
        282,
        309,
        91,
        184,
        6,
        151,
        220,
        66,
        141,
        327,
        78,
        48,
        398,
        153,
        306,
        179,
        209,
        191,
        257,
        139,
        215,
        199,
        214,
        106,
        374,
        310,
        20,
        167,
        394,
        233,
        320,
        318,
        299,
        128,
        145,
        363,
        337,
        281,
        335,
        378,
        288,
        300,
        0,
        174,
        71,
        250,
        58,
        31,
        218,
        28,
        72,
        305,
        366,
        227,
        256,
        389,
        370,
        322,
        194,
        158,
        316,
        273,
        149,
        39,
        381,
        324,
        211,
        38,
        188,
        169,
        68,
        123,
        83,
        161,
        203,
        201,
        279,
        264,
        5,
        109,
        331,
        46,
        276,
        77,
        118,
        40,
        375,
        135,
        352,
        357,
        323,
        113,
        267,
        43,
        129,
        10,
        251,
        166,
        245,
        64,
        197,
        189,
        259,
        27,
        55,
        308,
        319,
        293,
        376,
        137,
        52,
        325,
        67,
        328,
        274,
        62,
        108,
        202,
        65,
        392,
        271,
        98,
        350,
        304,
        73,
        365,
        249,
        132,
        253,
        200,
        90,
        97,
        171,
        235,
        388,
        86,
        164,
        96,
        346,
        391,
        345,
        104,
        102,
        195,
        246,
        80,
        47,
        125,
        289,
        107,
        269,
        25,
        126,
        159,
        19,
        178,
        229,
        307,
        34,
        70,
        287,
        390,
        16,
        63,
        36,
        344,
        88,
        292,
        204,
        254,
        373,
        397,
        238,
        383,
        348,
        11,
        354,
        312,
        33,
        241,
        162,
        236,
        18,
        165,
        94,
        79,
        277,
        140,
        221,
        362,
        321,
        240,
        15,
        296,
        226,
        154,
        219,
        176,
        334,
        92,
        217,
        263,
        76,
        119,
        124,
        44,
        333,
        262,
        175,
        8
    ],
    "Nb of functions evaluations": 400020,
    "Computational time in seconds": 1029.3548519611359,
    "Stopping criterion in evaluations": 400000
}