10° run output:
{
    "Function": "kroB750.tsp",
    "Problem dimension": [
        16,
        169,
        91,
        694,
        48,
        284,
        270,
        671,
        287,
        263,
        632,
        744,
        368,
        663,
        65,
        93,
        659,
        45,
        655,
        43,
        707,
        117,
        479,
        355,
        466,
        602,
        613,
        428,
        380,
        605,
        235,
        88,
        535,
        316,
        257,
        322,
        13,
        46,
        592,
        689,
        345,
        639,
        695,
        25,
        80,
        708,
        667,
        728,
        149,
        494,
        108,
        14,
        63,
        191,
        286,
        139,
        226,
        251,
        713,
        363,
        165,
        496,
        262,
        527,
        566,
        731,
        97,
        87,
        35,
        159,
        199,
        432,
        229,
        67,
        595,
        583,
        654,
        506,
        467,
        112,
        290,
        341,
        548,
        198,
        34,
        282,
        151,
        645,
        616,
        50,
        540,
        85,
        725,
        439,
        456,
        356,
        594,
        610,
        370,
        406,
        111,
        729,
        171,
        498,
        482,
        7,
        668,
        525,
        678,
        230,
        301,
        733,
        98,
        339,
        618,
        54,
        6,
        156,
        208,
        438,
        490,
        483,
        425,
        280,
        685,
        414,
        455,
        72,
        303,
        347,
        184,
        196,
        130,
        680,
        41,
        302,
        323,
        336,
        565,
        557,
        110,
        0,
        348,
        684,
        528,
        652,
        246,
        495,
        510,
        511,
        492,
        285,
        297,
        328,
        299,
        617,
        589,
        690,
        148,
        307,
        213,
        236,
        393,
        185,
        703,
        315,
        491,
        157,
        449,
        337,
        310,
        283,
        20,
        275,
        505,
        539,
        320,
        577,
        555,
        401,
        562,
        203,
        418,
        137,
        400,
        416,
        245,
        51,
        430,
        480,
        44,
        292,
        737,
        415,
        650,
        619,
        677,
        267,
        214,
        92,
        33,
        634,
        472,
        429,
        264,
        317,
        8,
        335,
        383,
        513,
        182,
        730,
        647,
        158,
        2,
        27,
        344,
        248,
        278,
        642,
        125,
        499,
        542,
        649,
        121,
        109,
        350,
        388,
        587,
        234,
        726,
        162,
        252,
        552,
        176,
        11,
        585,
        624,
        58,
        325,
        224,
        259,
        78,
        611,
        686,
        193,
        211,
        138,
        96,
        431,
        220,
        271,
        576,
        673,
        745,
        698,
        651,
        444,
        386,
        134,
        666,
        564,
        244,
        79,
        500,
        643,
        465,
        240,
        24,
        507,
        9,
        502,
        327,
        661,
        379,
        681,
        640,
        734,
        296,
        571,
        145,
        723,
        84,
        132,
        503,
        626,
        55,
        550,
        529,
        446,
        599,
        309,
        59,
        413,
        514,
        373,
        392,
        394,
        17,
        515,
        273,
        37,
        743,
        228,
        569,
        274,
        424,
        223,
        21,
        217,
        560,
        735,
        452,
        590,
        324,
        312,
        712,
        89,
        300,
        30,
        408,
        578,
        440,
        140,
        237,
        637,
        399,
        573,
        313,
        197,
        119,
        674,
        721,
        676,
        443,
        105,
        5,
        559,
        304,
        174,
        740,
        40,
        101,
        10,
        711,
        518,
        593,
        575,
        311,
        104,
        377,
        57,
        447,
        187,
        382,
        352,
        364,
        614,
        635,
        519,
        747,
        289,
        102,
        225,
        636,
        598,
        365,
        387,
        722,
        206,
        32,
        724,
        342,
        486,
        81,
        22,
        489,
        53,
        123,
        38,
        141,
        389,
        281,
        739,
        451,
        596,
        357,
        706,
        644,
        107,
        99,
        623,
        83,
        454,
        600,
        255,
        476,
        702,
        534,
        665,
        629,
        261,
        150,
        338,
        411,
        113,
        397,
        39,
        376,
        450,
        622,
        521,
        597,
        720,
        249,
        15,
        331,
        62,
        70,
        526,
        333,
        584,
        396,
        683,
        69,
        679,
        186,
        441,
        61,
        404,
        460,
        675,
        531,
        609,
        232,
        136,
        129,
        517,
        603,
        705,
        201,
        180,
        253,
        473,
        662,
        68,
        166,
        265,
        212,
        294,
        714,
        170,
        178,
        276,
        163,
        631,
        520,
        481,
        115,
        437,
        691,
        448,
        52,
        18,
        469,
        727,
        144,
        306,
        693,
        556,
        670,
        458,
        160,
        475,
        672,
        716,
        638,
        508,
        699,
        395,
        459,
        687,
        409,
        75,
        42,
        485,
        474,
        570,
        153,
        426,
        523,
        546,
        143,
        124,
        103,
        86,
        463,
        1,
        168,
        591,
        390,
        183,
        19,
        173,
        453,
        131,
        604,
        260,
        133,
        588,
        487,
        551,
        209,
        277,
        192,
        580,
        36,
        74,
        407,
        537,
        541,
        343,
        625,
        330,
        147,
        420,
        612,
        586,
        100,
        29,
        719,
        340,
        381,
        398,
        738,
        547,
        375,
        177,
        371,
        207,
        202,
        553,
        190,
        266,
        77,
        258,
        641,
        366,
        509,
        653,
        601,
        435,
        82,
        516,
        385,
        247,
        28,
        484,
        120,
        238,
        359,
        522,
        210,
        436,
        423,
        427,
        351,
        353,
        536,
        692,
        269,
        421,
        391,
        606,
        295,
        60,
        94,
        314,
        118,
        682,
        167,
        135,
        615,
        195,
        179,
        256,
        462,
        346,
        122,
        114,
        554,
        533,
        574,
        543,
        372,
        106,
        128,
        434,
        142,
        221,
        305,
        233,
        748,
        579,
        538,
        717,
        200,
        700,
        64,
        243,
        405,
        732,
        161,
        524,
        608,
        242,
        374,
        442,
        532,
        620,
        530,
        581,
        362,
        288,
        657,
        471,
        749,
        710,
        254,
        464,
        349,
        544,
        189,
        298,
        318,
        468,
        477,
        367,
        205,
        215,
        308,
        268,
        628,
        410,
        326,
        497,
        658,
        501,
        66,
        504,
        558,
        155,
        736,
        630,
        194,
        567,
        241,
        697,
        26,
        146,
        572,
        384,
        669,
        402,
        49,
        568,
        71,
        319,
        218,
        204,
        549,
        417,
        696,
        457,
        461,
        250,
        403,
        126,
        172,
        741,
        715,
        354,
        478,
        73,
        488,
        419,
        152,
        293,
        688,
        47,
        227,
        646,
        742,
        56,
        76,
        181,
        660,
        216,
        718,
        222,
        582,
        188,
        3,
        627,
        512,
        116,
        656,
        746,
        369,
        329,
        701,
        378,
        4,
        422,
        231,
        433,
        412,
        272,
        361,
        279,
        127,
        358,
        219,
        607,
        633,
        321,
        154,
        12,
        621,
        664,
        563,
        334,
        332,
        90,
        360,
        95,
        23,
        648,
        709,
        445,
        493,
        239,
        175,
        561,
        704,
        291,
        545,
        31,
        164,
        470
    ],
    "Global Optimum": 0,
    "Algorithm": "Genetic algorithm",
    "Parameters": {
        "population": 30,
        "offspring": 30,
        "mutation probability": 0.0013333333333333333,
        "crossover probability": 0.9
    },
    "Fitness": 988505,
    "Solution": [
        16,
        169,
        91,
        694,
        48,
        284,
        270,
        671,
        287,
        263,
        632,
        744,
        368,
        663,
        65,
        93,
        659,
        45,
        655,
        43,
        707,
        117,
        479,
        355,
        466,
        602,
        613,
        428,
        380,
        605,
        235,
        88,
        535,
        316,
        257,
        322,
        13,
        46,
        592,
        689,
        345,
        639,
        695,
        25,
        80,
        708,
        667,
        728,
        149,
        494,
        108,
        14,
        63,
        191,
        286,
        139,
        226,
        251,
        713,
        363,
        165,
        496,
        262,
        527,
        566,
        731,
        97,
        87,
        35,
        159,
        199,
        432,
        229,
        67,
        595,
        583,
        654,
        506,
        467,
        112,
        290,
        341,
        548,
        198,
        34,
        282,
        151,
        645,
        616,
        50,
        540,
        85,
        725,
        439,
        456,
        356,
        594,
        610,
        370,
        406,
        111,
        729,
        171,
        498,
        482,
        7,
        668,
        525,
        678,
        230,
        301,
        733,
        98,
        339,
        618,
        54,
        6,
        156,
        208,
        438,
        490,
        483,
        425,
        280,
        685,
        414,
        455,
        72,
        303,
        347,
        184,
        196,
        130,
        680,
        41,
        302,
        323,
        336,
        565,
        557,
        110,
        0,
        348,
        684,
        528,
        652,
        246,
        495,
        510,
        511,
        492,
        285,
        297,
        328,
        299,
        617,
        589,
        690,
        148,
        307,
        213,
        236,
        393,
        185,
        703,
        315,
        491,
        157,
        449,
        337,
        310,
        283,
        20,
        275,
        505,
        539,
        320,
        577,
        555,
        401,
        562,
        203,
        418,
        137,
        400,
        416,
        245,
        51,
        430,
        480,
        44,
        292,
        737,
        415,
        650,
        619,
        677,
        267,
        214,
        92,
        33,
        634,
        472,
        429,
        264,
        317,
        8,
        335,
        383,
        513,
        182,
        730,
        647,
        158,
        2,
        27,
        344,
        248,
        278,
        642,
        125,
        499,
        542,
        649,
        121,
        109,
        350,
        388,
        587,
        234,
        726,
        162,
        252,
        552,
        176,
        11,
        585,
        624,
        58,
        325,
        224,
        259,
        78,
        611,
        686,
        193,
        211,
        138,
        96,
        431,
        220,
        271,
        576,
        673,
        745,
        698,
        651,
        444,
        386,
        134,
        666,
        564,
        244,
        79,
        500,
        643,
        465,
        240,
        24,
        507,
        9,
        502,
        327,
        661,
        379,
        681,
        640,
        734,
        296,
        571,
        145,
        723,
        84,
        132,
        503,
        626,
        55,
        550,
        529,
        446,
        599,
        309,
        59,
        413,
        514,
        373,
        392,
        394,
        17,
        515,
        273,
        37,
        743,
        228,
        569,
        274,
        424,
        223,
        21,
        217,
        560,
        735,
        452,
        590,
        324,
        312,
        712,
        89,
        300,
        30,
        408,
        578,
        440,
        140,
        237,
        637,
        399,
        573,
        313,
        197,
        119,
        674,
        721,
        676,
        443,
        105,
        5,
        559,
        304,
        174,
        740,
        40,
        101,
        10,
        711,
        518,
        593,
        575,
        311,
        104,
        377,
        57,
        447,
        187,
        382,
        352,
        364,
        614,
        635,
        519,
        747,
        289,
        102,
        225,
        636,
        598,
        365,
        387,
        722,
        206,
        32,
        724,
        342,
        486,
        81,
        22,
        489,
        53,
        123,
        38,
        141,
        389,
        281,
        739,
        451,
        596,
        357,
        706,
        644,
        107,
        99,
        623,
        83,
        454,
        600,
        255,
        476,
        702,
        534,
        665,
        629,
        261,
        150,
        338,
        411,
        113,
        397,
        39,
        376,
        450,
        622,
        521,
        597,
        720,
        249,
        15,
        331,
        62,
        70,
        526,
        333,
        584,
        396,
        683,
        69,
        679,
        186,
        441,
        61,
        404,
        460,
        675,
        531,
        609,
        232,
        136,
        129,
        517,
        603,
        705,
        201,
        180,
        253,
        473,
        662,
        68,
        166,
        265,
        212,
        294,
        714,
        170,
        178,
        276,
        163,
        631,
        520,
        481,
        115,
        437,
        691,
        448,
        52,
        18,
        469,
        727,
        144,
        306,
        693,
        556,
        670,
        458,
        160,
        475,
        672,
        716,
        638,
        508,
        699,
        395,
        459,
        687,
        409,
        75,
        42,
        485,
        474,
        570,
        153,
        426,
        523,
        546,
        143,
        124,
        103,
        86,
        463,
        1,
        168,
        591,
        390,
        183,
        19,
        173,
        453,
        131,
        604,
        260,
        133,
        588,
        487,
        551,
        209,
        277,
        192,
        580,
        36,
        74,
        407,
        537,
        541,
        343,
        625,
        330,
        147,
        420,
        612,
        586,
        100,
        29,
        719,
        340,
        381,
        398,
        738,
        547,
        375,
        177,
        371,
        207,
        202,
        553,
        190,
        266,
        77,
        258,
        641,
        366,
        509,
        653,
        601,
        435,
        82,
        516,
        385,
        247,
        28,
        484,
        120,
        238,
        359,
        522,
        210,
        436,
        423,
        427,
        351,
        353,
        536,
        692,
        269,
        421,
        391,
        606,
        295,
        60,
        94,
        314,
        118,
        682,
        167,
        135,
        615,
        195,
        179,
        256,
        462,
        346,
        122,
        114,
        554,
        533,
        574,
        543,
        372,
        106,
        128,
        434,
        142,
        221,
        305,
        233,
        748,
        579,
        538,
        717,
        200,
        700,
        64,
        243,
        405,
        732,
        161,
        524,
        608,
        242,
        374,
        442,
        532,
        620,
        530,
        581,
        362,
        288,
        657,
        471,
        749,
        710,
        254,
        464,
        349,
        544,
        189,
        298,
        318,
        468,
        477,
        367,
        205,
        215,
        308,
        268,
        628,
        410,
        326,
        497,
        658,
        501,
        66,
        504,
        558,
        155,
        736,
        630,
        194,
        567,
        241,
        697,
        26,
        146,
        572,
        384,
        669,
        402,
        49,
        568,
        71,
        319,
        218,
        204,
        549,
        417,
        696,
        457,
        461,
        250,
        403,
        126,
        172,
        741,
        715,
        354,
        478,
        73,
        488,
        419,
        152,
        293,
        688,
        47,
        227,
        646,
        742,
        56,
        76,
        181,
        660,
        216,
        718,
        222,
        582,
        188,
        3,
        627,
        512,
        116,
        656,
        746,
        369,
        329,
        701,
        378,
        4,
        422,
        231,
        433,
        412,
        272,
        361,
        279,
        127,
        358,
        219,
        607,
        633,
        321,
        154,
        12,
        621,
        664,
        563,
        334,
        332,
        90,
        360,
        95,
        23,
        648,
        709,
        445,
        493,
        239,
        175,
        561,
        704,
        291,
        545,
        31,
        164,
        470
    ],
    "Nb of functions evaluations": 50010,
    "Computational time in seconds": 875.5750484466553,
    "Stopping criterion in evaluations": 50000
}