28° run output:
{
    "Function": "kroB750.tsp",
    "Problem dimension": [
        490,
        546,
        616,
        695,
        552,
        722,
        580,
        136,
        280,
        224,
        737,
        123,
        322,
        289,
        2,
        334,
        63,
        720,
        59,
        484,
        482,
        385,
        648,
        386,
        700,
        595,
        658,
        620,
        406,
        99,
        141,
        587,
        212,
        284,
        6,
        586,
        613,
        37,
        318,
        472,
        243,
        442,
        330,
        184,
        352,
        639,
        418,
        17,
        464,
        1,
        409,
        467,
        176,
        562,
        716,
        21,
        370,
        294,
        362,
        717,
        396,
        339,
        597,
        35,
        705,
        428,
        395,
        261,
        229,
        683,
        659,
        188,
        202,
        540,
        172,
        287,
        541,
        403,
        353,
        297,
        54,
        7,
        724,
        388,
        163,
        88,
        258,
        701,
        477,
        343,
        267,
        302,
        149,
        640,
        534,
        457,
        672,
        81,
        252,
        462,
        460,
        367,
        494,
        337,
        539,
        198,
        47,
        387,
        398,
        542,
        119,
        338,
        120,
        118,
        584,
        104,
        333,
        422,
        499,
        514,
        174,
        438,
        712,
        665,
        5,
        714,
        605,
        175,
        419,
        107,
        66,
        274,
        50,
        279,
        147,
        685,
        684,
        142,
        45,
        61,
        429,
        78,
        489,
        18,
        25,
        312,
        67,
        307,
        662,
        488,
        9,
        453,
        663,
        138,
        721,
        234,
        506,
        687,
        432,
        404,
        295,
        264,
        160,
        643,
        372,
        568,
        698,
        213,
        366,
        636,
        526,
        561,
        340,
        52,
        381,
        599,
        231,
        645,
        680,
        190,
        256,
        342,
        749,
        667,
        28,
        551,
        336,
        207,
        676,
        631,
        378,
        741,
        384,
        286,
        393,
        440,
        246,
        437,
        743,
        303,
        240,
        649,
        139,
        503,
        430,
        270,
        368,
        747,
        492,
        265,
        655,
        10,
        41,
        671,
        8,
        480,
        473,
        476,
        319,
        498,
        557,
        608,
        510,
        582,
        242,
        355,
        32,
        677,
        79,
        71,
        116,
        487,
        504,
        725,
        281,
        485,
        350,
        91,
        575,
        189,
        112,
        493,
        69,
        690,
        345,
        143,
        726,
        103,
        408,
        389,
        373,
        344,
        635,
        558,
        206,
        588,
        532,
        44,
        230,
        13,
        221,
        606,
        585,
        346,
        34,
        328,
        351,
        474,
        262,
        405,
        364,
        140,
        600,
        523,
        713,
        594,
        376,
        421,
        426,
        560,
        193,
        611,
        661,
        3,
        581,
        4,
        225,
        283,
        433,
        121,
        335,
        100,
        223,
        549,
        729,
        235,
        564,
        622,
        40,
        23,
        226,
        579,
        609,
        469,
        399,
        454,
        157,
        603,
        507,
        702,
        456,
        191,
        359,
        73,
        323,
        530,
        144,
        266,
        707,
        95,
        250,
        90,
        401,
        563,
        669,
        268,
        574,
        137,
        641,
        30,
        697,
        305,
        519,
        55,
        162,
        325,
        427,
        43,
        573,
        651,
        652,
        165,
        126,
        131,
        145,
        623,
        177,
        513,
        411,
        309,
        496,
        371,
        293,
        113,
        216,
        444,
        211,
        624,
        535,
        254,
        332,
        260,
        306,
        82,
        105,
        114,
        288,
        686,
        650,
        382,
        527,
        192,
        450,
        666,
        610,
        15,
        612,
        127,
        407,
        730,
        742,
        746,
        275,
        646,
        733,
        576,
        205,
        209,
        57,
        452,
        657,
        64,
        413,
        74,
        117,
        397,
        152,
        324,
        614,
        87,
        675,
        70,
        596,
        604,
        578,
        282,
        627,
        583,
        711,
        379,
        11,
        617,
        728,
        26,
        97,
        133,
        173,
        500,
        29,
        183,
        187,
        516,
        521,
        607,
        68,
        159,
        38,
        98,
        545,
        42,
        363,
        347,
        84,
        299,
        647,
        706,
        239,
        197,
        227,
        199,
        181,
        12,
        259,
        536,
        739,
        531,
        278,
        298,
        591,
        577,
        251,
        554,
        48,
        673,
        271,
        0,
        537,
        445,
        248,
        164,
        689,
        555,
        391,
        565,
        570,
        425,
        431,
        179,
        601,
        20,
        146,
        111,
        566,
        416,
        569,
        158,
        715,
        719,
        361,
        423,
        115,
        208,
        236,
        483,
        108,
        443,
        203,
        31,
        461,
        331,
        129,
        436,
        60,
        709,
        22,
        615,
        101,
        228,
        215,
        171,
        512,
        321,
        285,
        529,
        195,
        688,
        642,
        748,
        619,
        58,
        448,
        180,
        723,
        668,
        92,
        593,
        475,
        727,
        538,
        109,
        182,
        253,
        214,
        315,
        410,
        463,
        233,
        468,
        311,
        502,
        185,
        316,
        618,
        93,
        153,
        508,
        486,
        130,
        19,
        682,
        27,
        329,
        703,
        572,
        704,
        247,
        151,
        245,
        244,
        85,
        505,
        691,
        732,
        550,
        134,
        634,
        39,
        479,
        72,
        522,
        365,
        96,
        745,
        670,
        414,
        218,
        458,
        694,
        232,
        621,
        186,
        644,
        110,
        217,
        125,
        277,
        314,
        24,
        478,
        731,
        156,
        654,
        86,
        122,
        326,
        567,
        356,
        740,
        520,
        296,
        80,
        602,
        525,
        465,
        358,
        735,
        435,
        449,
        548,
        446,
        638,
        699,
        679,
        736,
        154,
        222,
        238,
        349,
        681,
        592,
        178,
        269,
        204,
        167,
        497,
        678,
        320,
        571,
        196,
        590,
        249,
        392,
        292,
        470,
        291,
        451,
        357,
        310,
        257,
        390,
        630,
        62,
        77,
        53,
        415,
        200,
        447,
        734,
        412,
        124,
        509,
        272,
        377,
        455,
        170,
        194,
        625,
        128,
        276,
        375,
        317,
        76,
        633,
        290,
        543,
        94,
        439,
        559,
        660,
        511,
        553,
        83,
        348,
        374,
        150,
        263,
        626,
        528,
        255,
        148,
        354,
        628,
        664,
        300,
        169,
        515,
        51,
        369,
        75,
        273,
        589,
        556,
        533,
        241,
        220,
        168,
        341,
        710,
        16,
        718,
        380,
        304,
        481,
        402,
        547,
        471,
        491,
        466,
        653,
        501,
        656,
        544,
        598,
        33,
        441,
        360,
        394,
        517,
        14,
        692,
        106,
        201,
        744,
        89,
        417,
        49,
        161,
        46,
        383,
        166,
        237,
        420,
        102,
        56,
        400,
        696,
        219,
        155,
        132,
        629,
        637,
        327,
        632,
        434,
        459,
        135,
        424,
        693,
        674,
        65,
        708,
        518,
        495,
        308,
        313,
        738,
        524,
        36,
        210,
        301
    ],
    "Global Optimum": 0,
    "Algorithm": "Genetic algorithm",
    "Parameters": {
        "population": 30,
        "offspring": 30,
        "mutation probability": 0.0013333333333333333,
        "crossover probability": 0.9
    },
    "Fitness": 994519,
    "Solution": [
        490,
        546,
        616,
        695,
        552,
        722,
        580,
        136,
        280,
        224,
        737,
        123,
        322,
        289,
        2,
        334,
        63,
        720,
        59,
        484,
        482,
        385,
        648,
        386,
        700,
        595,
        658,
        620,
        406,
        99,
        141,
        587,
        212,
        284,
        6,
        586,
        613,
        37,
        318,
        472,
        243,
        442,
        330,
        184,
        352,
        639,
        418,
        17,
        464,
        1,
        409,
        467,
        176,
        562,
        716,
        21,
        370,
        294,
        362,
        717,
        396,
        339,
        597,
        35,
        705,
        428,
        395,
        261,
        229,
        683,
        659,
        188,
        202,
        540,
        172,
        287,
        541,
        403,
        353,
        297,
        54,
        7,
        724,
        388,
        163,
        88,
        258,
        701,
        477,
        343,
        267,
        302,
        149,
        640,
        534,
        457,
        672,
        81,
        252,
        462,
        460,
        367,
        494,
        337,
        539,
        198,
        47,
        387,
        398,
        542,
        119,
        338,
        120,
        118,
        584,
        104,
        333,
        422,
        499,
        514,
        174,
        438,
        712,
        665,
        5,
        714,
        605,
        175,
        419,
        107,
        66,
        274,
        50,
        279,
        147,
        685,
        684,
        142,
        45,
        61,
        429,
        78,
        489,
        18,
        25,
        312,
        67,
        307,
        662,
        488,
        9,
        453,
        663,
        138,
        721,
        234,
        506,
        687,
        432,
        404,
        295,
        264,
        160,
        643,
        372,
        568,
        698,
        213,
        366,
        636,
        526,
        561,
        340,
        52,
        381,
        599,
        231,
        645,
        680,
        190,
        256,
        342,
        749,
        667,
        28,
        551,
        336,
        207,
        676,
        631,
        378,
        741,
        384,
        286,
        393,
        440,
        246,
        437,
        743,
        303,
        240,
        649,
        139,
        503,
        430,
        270,
        368,
        747,
        492,
        265,
        655,
        10,
        41,
        671,
        8,
        480,
        473,
        476,
        319,
        498,
        557,
        608,
        510,
        582,
        242,
        355,
        32,
        677,
        79,
        71,
        116,
        487,
        504,
        725,
        281,
        485,
        350,
        91,
        575,
        189,
        112,
        493,
        69,
        690,
        345,
        143,
        726,
        103,
        408,
        389,
        373,
        344,
        635,
        558,
        206,
        588,
        532,
        44,
        230,
        13,
        221,
        606,
        585,
        346,
        34,
        328,
        351,
        474,
        262,
        405,
        364,
        140,
        600,
        523,
        713,
        594,
        376,
        421,
        426,
        560,
        193,
        611,
        661,
        3,
        581,
        4,
        225,
        283,
        433,
        121,
        335,
        100,
        223,
        549,
        729,
        235,
        564,
        622,
        40,
        23,
        226,
        579,
        609,
        469,
        399,
        454,
        157,
        603,
        507,
        702,
        456,
        191,
        359,
        73,
        323,
        530,
        144,
        266,
        707,
        95,
        250,
        90,
        401,
        563,
        669,
        268,
        574,
        137,
        641,
        30,
        697,
        305,
        519,
        55,
        162,
        325,
        427,
        43,
        573,
        651,
        652,
        165,
        126,
        131,
        145,
        623,
        177,
        513,
        411,
        309,
        496,
        371,
        293,
        113,
        216,
        444,
        211,
        624,
        535,
        254,
        332,
        260,
        306,
        82,
        105,
        114,
        288,
        686,
        650,
        382,
        527,
        192,
        450,
        666,
        610,
        15,
        612,
        127,
        407,
        730,
        742,
        746,
        275,
        646,
        733,
        576,
        205,
        209,
        57,
        452,
        657,
        64,
        413,
        74,
        117,
        397,
        152,
        324,
        614,
        87,
        675,
        70,
        596,
        604,
        578,
        282,
        627,
        583,
        711,
        379,
        11,
        617,
        728,
        26,
        97,
        133,
        173,
        500,
        29,
        183,
        187,
        516,
        521,
        607,
        68,
        159,
        38,
        98,
        545,
        42,
        363,
        347,
        84,
        299,
        647,
        706,
        239,
        197,
        227,
        199,
        181,
        12,
        259,
        536,
        739,
        531,
        278,
        298,
        591,
        577,
        251,
        554,
        48,
        673,
        271,
        0,
        537,
        445,
        248,
        164,
        689,
        555,
        391,
        565,
        570,
        425,
        431,
        179,
        601,
        20,
        146,
        111,
        566,
        416,
        569,
        158,
        715,
        719,
        361,
        423,
        115,
        208,
        236,
        483,
        108,
        443,
        203,
        31,
        461,
        331,
        129,
        436,
        60,
        709,
        22,
        615,
        101,
        228,
        215,
        171,
        512,
        321,
        285,
        529,
        195,
        688,
        642,
        748,
        619,
        58,
        448,
        180,
        723,
        668,
        92,
        593,
        475,
        727,
        538,
        109,
        182,
        253,
        214,
        315,
        410,
        463,
        233,
        468,
        311,
        502,
        185,
        316,
        618,
        93,
        153,
        508,
        486,
        130,
        19,
        682,
        27,
        329,
        703,
        572,
        704,
        247,
        151,
        245,
        244,
        85,
        505,
        691,
        732,
        550,
        134,
        634,
        39,
        479,
        72,
        522,
        365,
        96,
        745,
        670,
        414,
        218,
        458,
        694,
        232,
        621,
        186,
        644,
        110,
        217,
        125,
        277,
        314,
        24,
        478,
        731,
        156,
        654,
        86,
        122,
        326,
        567,
        356,
        740,
        520,
        296,
        80,
        602,
        525,
        465,
        358,
        735,
        435,
        449,
        548,
        446,
        638,
        699,
        679,
        736,
        154,
        222,
        238,
        349,
        681,
        592,
        178,
        269,
        204,
        167,
        497,
        678,
        320,
        571,
        196,
        590,
        249,
        392,
        292,
        470,
        291,
        451,
        357,
        310,
        257,
        390,
        630,
        62,
        77,
        53,
        415,
        200,
        447,
        734,
        412,
        124,
        509,
        272,
        377,
        455,
        170,
        194,
        625,
        128,
        276,
        375,
        317,
        76,
        633,
        290,
        543,
        94,
        439,
        559,
        660,
        511,
        553,
        83,
        348,
        374,
        150,
        263,
        626,
        528,
        255,
        148,
        354,
        628,
        664,
        300,
        169,
        515,
        51,
        369,
        75,
        273,
        589,
        556,
        533,
        241,
        220,
        168,
        341,
        710,
        16,
        718,
        380,
        304,
        481,
        402,
        547,
        471,
        491,
        466,
        653,
        501,
        656,
        544,
        598,
        33,
        441,
        360,
        394,
        517,
        14,
        692,
        106,
        201,
        744,
        89,
        417,
        49,
        161,
        46,
        383,
        166,
        237,
        420,
        102,
        56,
        400,
        696,
        219,
        155,
        132,
        629,
        637,
        327,
        632,
        434,
        459,
        135,
        424,
        693,
        674,
        65,
        708,
        518,
        495,
        308,
        313,
        738,
        524,
        36,
        210,
        301
    ],
    "Nb of functions evaluations": 50010,
    "Computational time in seconds": 816.1328473091125,
    "Stopping criterion in evaluations": 50000
}