20° run output:
{
    "Function": "kroB750.tsp",
    "Problem dimension": [
        200,
        541,
        623,
        694,
        523,
        431,
        162,
        661,
        524,
        351,
        314,
        268,
        656,
        417,
        353,
        186,
        259,
        295,
        452,
        189,
        390,
        536,
        9,
        377,
        321,
        163,
        560,
        396,
        13,
        86,
        367,
        87,
        540,
        496,
        414,
        383,
        550,
        51,
        413,
        225,
        214,
        218,
        459,
        144,
        32,
        303,
        342,
        299,
        737,
        480,
        199,
        145,
        71,
        23,
        565,
        513,
        63,
        505,
        49,
        559,
        108,
        394,
        539,
        123,
        639,
        443,
        249,
        272,
        30,
        482,
        723,
        151,
        657,
        116,
        60,
        406,
        107,
        298,
        10,
        601,
        157,
        641,
        343,
        201,
        510,
        680,
        493,
        95,
        582,
        154,
        595,
        590,
        499,
        474,
        671,
        316,
        594,
        27,
        43,
        70,
        20,
        663,
        97,
        648,
        716,
        714,
        568,
        234,
        654,
        115,
        501,
        424,
        84,
        725,
        346,
        365,
        585,
        206,
        270,
        350,
        310,
        464,
        453,
        278,
        564,
        67,
        132,
        242,
        312,
        226,
        329,
        94,
        677,
        281,
        114,
        682,
        552,
        306,
        423,
        426,
        344,
        631,
        491,
        109,
        597,
        324,
        518,
        142,
        549,
        274,
        412,
        489,
        450,
        477,
        397,
        428,
        487,
        305,
        164,
        384,
        18,
        54,
        469,
        228,
        401,
        681,
        370,
        642,
        247,
        551,
        148,
        749,
        556,
        411,
        724,
        446,
        436,
        638,
        105,
        227,
        553,
        287,
        131,
        662,
        356,
        103,
        294,
        28,
        449,
        57,
        454,
        627,
        492,
        439,
        674,
        354,
        547,
        35,
        647,
        732,
        386,
        743,
        318,
        119,
        358,
        742,
        447,
        152,
        73,
        217,
        659,
        634,
        404,
        497,
        56,
        529,
        208,
        660,
        265,
        574,
        2,
        143,
        282,
        45,
        438,
        466,
        555,
        6,
        301,
        25,
        41,
        263,
        665,
        479,
        171,
        237,
        698,
        685,
        322,
        338,
        678,
        74,
        276,
        622,
        588,
        137,
        653,
        241,
        711,
        229,
        748,
        130,
        462,
        359,
        341,
        349,
        740,
        261,
        615,
        483,
        687,
        507,
        307,
        5,
        646,
        468,
        139,
        471,
        194,
        596,
        637,
        47,
        230,
        176,
        333,
        235,
        50,
        570,
        684,
        490,
        125,
        509,
        231,
        503,
        667,
        398,
        328,
        239,
        334,
        504,
        251,
        61,
        705,
        246,
        566,
        296,
        629,
        93,
        34,
        442,
        79,
        17,
        420,
        288,
        181,
        236,
        561,
        575,
        735,
        440,
        253,
        600,
        85,
        515,
        619,
        48,
        376,
        33,
        8,
        475,
        120,
        478,
        240,
        643,
        104,
        168,
        626,
        703,
        102,
        219,
        379,
        180,
        165,
        173,
        345,
        451,
        297,
        521,
        77,
        188,
        185,
        403,
        81,
        604,
        38,
        578,
        42,
        706,
        620,
        669,
        62,
        29,
        644,
        495,
        387,
        434,
        584,
        577,
        636,
        409,
        52,
        715,
        395,
        331,
        433,
        676,
        512,
        121,
        348,
        389,
        238,
        543,
        488,
        280,
        252,
        337,
        612,
        264,
        470,
        91,
        243,
        323,
        587,
        302,
        127,
        391,
        603,
        422,
        65,
        88,
        733,
        129,
        437,
        326,
        721,
        184,
        59,
        245,
        632,
        0,
        448,
        368,
        699,
        7,
        655,
        664,
        369,
        498,
        40,
        135,
        701,
        583,
        746,
        128,
        352,
        319,
        693,
        458,
        90,
        400,
        269,
        581,
        111,
        441,
        532,
        421,
        196,
        211,
        221,
        149,
        99,
        205,
        704,
        649,
        133,
        481,
        202,
        672,
        709,
        418,
        430,
        258,
        36,
        621,
        360,
        222,
        472,
        293,
        652,
        402,
        223,
        178,
        419,
        325,
        593,
        82,
        3,
        330,
        707,
        106,
        378,
        650,
        96,
        193,
        691,
        686,
        332,
        717,
        289,
        215,
        666,
        374,
        68,
        64,
        286,
        372,
        75,
        542,
        1,
        736,
        172,
        292,
        727,
        100,
        572,
        457,
        381,
        362,
        569,
        445,
        311,
        340,
        273,
        283,
        146,
        14,
        159,
        467,
        692,
        284,
        557,
        610,
        741,
        385,
        731,
        537,
        624,
        380,
        190,
        290,
        747,
        591,
        183,
        514,
        39,
        364,
        161,
        598,
        156,
        66,
        271,
        118,
        614,
        392,
        579,
        175,
        618,
        617,
        690,
        177,
        720,
        722,
        117,
        484,
        425,
        191,
        688,
        158,
        53,
        729,
        718,
        320,
        719,
        207,
        508,
        571,
        224,
        456,
        697,
        98,
        248,
        730,
        679,
        233,
        589,
        562,
        122,
        502,
        526,
        695,
        213,
        315,
        567,
        558,
        465,
        308,
        256,
        728,
        668,
        602,
        586,
        388,
        309,
        203,
        260,
        16,
        544,
        606,
        405,
        136,
        266,
        613,
        700,
        573,
        26,
        279,
        44,
        336,
        527,
        407,
        628,
        209,
        192,
        486,
        710,
        519,
        415,
        169,
        460,
        313,
        485,
        291,
        124,
        15,
        232,
        673,
        522,
        630,
        563,
        435,
        363,
        427,
        675,
        525,
        455,
        220,
        37,
        80,
        683,
        22,
        361,
        625,
        506,
        24,
        216,
        745,
        355,
        304,
        72,
        516,
        548,
        605,
        300,
        244,
        399,
        255,
        113,
        533,
        554,
        254,
        92,
        432,
        696,
        511,
        210,
        371,
        101,
        55,
        141,
        170,
        408,
        153,
        520,
        204,
        500,
        69,
        461,
        112,
        658,
        46,
        4,
        416,
        708,
        608,
        739,
        83,
        339,
        198,
        744,
        393,
        335,
        738,
        534,
        134,
        166,
        633,
        179,
        599,
        19,
        576,
        494,
        366,
        126,
        545,
        476,
        609,
        285,
        444,
        212,
        734,
        580,
        546,
        11,
        174,
        140,
        357,
        535,
        429,
        347,
        592,
        21,
        138,
        12,
        150,
        517,
        635,
        262,
        463,
        640,
        195,
        373,
        375,
        382,
        277,
        182,
        611,
        257,
        78,
        160,
        167,
        670,
        689,
        473,
        528,
        530,
        275,
        197,
        712,
        58,
        651,
        267,
        89,
        76,
        607,
        110,
        616,
        155,
        702,
        31,
        531,
        187,
        713,
        538,
        410,
        147,
        317,
        327,
        250,
        645,
        726
    ],
    "Global Optimum": 0,
    "Algorithm": "Genetic algorithm",
    "Parameters": {
        "population": 30,
        "offspring": 30,
        "mutation probability": 0.0013333333333333333,
        "crossover probability": 0.9
    },
    "Fitness": 1026614,
    "Solution": [
        200,
        541,
        623,
        694,
        523,
        431,
        162,
        661,
        524,
        351,
        314,
        268,
        656,
        417,
        353,
        186,
        259,
        295,
        452,
        189,
        390,
        536,
        9,
        377,
        321,
        163,
        560,
        396,
        13,
        86,
        367,
        87,
        540,
        496,
        414,
        383,
        550,
        51,
        413,
        225,
        214,
        218,
        459,
        144,
        32,
        303,
        342,
        299,
        737,
        480,
        199,
        145,
        71,
        23,
        565,
        513,
        63,
        505,
        49,
        559,
        108,
        394,
        539,
        123,
        639,
        443,
        249,
        272,
        30,
        482,
        723,
        151,
        657,
        116,
        60,
        406,
        107,
        298,
        10,
        601,
        157,
        641,
        343,
        201,
        510,
        680,
        493,
        95,
        582,
        154,
        595,
        590,
        499,
        474,
        671,
        316,
        594,
        27,
        43,
        70,
        20,
        663,
        97,
        648,
        716,
        714,
        568,
        234,
        654,
        115,
        501,
        424,
        84,
        725,
        346,
        365,
        585,
        206,
        270,
        350,
        310,
        464,
        453,
        278,
        564,
        67,
        132,
        242,
        312,
        226,
        329,
        94,
        677,
        281,
        114,
        682,
        552,
        306,
        423,
        426,
        344,
        631,
        491,
        109,
        597,
        324,
        518,
        142,
        549,
        274,
        412,
        489,
        450,
        477,
        397,
        428,
        487,
        305,
        164,
        384,
        18,
        54,
        469,
        228,
        401,
        681,
        370,
        642,
        247,
        551,
        148,
        749,
        556,
        411,
        724,
        446,
        436,
        638,
        105,
        227,
        553,
        287,
        131,
        662,
        356,
        103,
        294,
        28,
        449,
        57,
        454,
        627,
        492,
        439,
        674,
        354,
        547,
        35,
        647,
        732,
        386,
        743,
        318,
        119,
        358,
        742,
        447,
        152,
        73,
        217,
        659,
        634,
        404,
        497,
        56,
        529,
        208,
        660,
        265,
        574,
        2,
        143,
        282,
        45,
        438,
        466,
        555,
        6,
        301,
        25,
        41,
        263,
        665,
        479,
        171,
        237,
        698,
        685,
        322,
        338,
        678,
        74,
        276,
        622,
        588,
        137,
        653,
        241,
        711,
        229,
        748,
        130,
        462,
        359,
        341,
        349,
        740,
        261,
        615,
        483,
        687,
        507,
        307,
        5,
        646,
        468,
        139,
        471,
        194,
        596,
        637,
        47,
        230,
        176,
        333,
        235,
        50,
        570,
        684,
        490,
        125,
        509,
        231,
        503,
        667,
        398,
        328,
        239,
        334,
        504,
        251,
        61,
        705,
        246,
        566,
        296,
        629,
        93,
        34,
        442,
        79,
        17,
        420,
        288,
        181,
        236,
        561,
        575,
        735,
        440,
        253,
        600,
        85,
        515,
        619,
        48,
        376,
        33,
        8,
        475,
        120,
        478,
        240,
        643,
        104,
        168,
        626,
        703,
        102,
        219,
        379,
        180,
        165,
        173,
        345,
        451,
        297,
        521,
        77,
        188,
        185,
        403,
        81,
        604,
        38,
        578,
        42,
        706,
        620,
        669,
        62,
        29,
        644,
        495,
        387,
        434,
        584,
        577,
        636,
        409,
        52,
        715,
        395,
        331,
        433,
        676,
        512,
        121,
        348,
        389,
        238,
        543,
        488,
        280,
        252,
        337,
        612,
        264,
        470,
        91,
        243,
        323,
        587,
        302,
        127,
        391,
        603,
        422,
        65,
        88,
        733,
        129,
        437,
        326,
        721,
        184,
        59,
        245,
        632,
        0,
        448,
        368,
        699,
        7,
        655,
        664,
        369,
        498,
        40,
        135,
        701,
        583,
        746,
        128,
        352,
        319,
        693,
        458,
        90,
        400,
        269,
        581,
        111,
        441,
        532,
        421,
        196,
        211,
        221,
        149,
        99,
        205,
        704,
        649,
        133,
        481,
        202,
        672,
        709,
        418,
        430,
        258,
        36,
        621,
        360,
        222,
        472,
        293,
        652,
        402,
        223,
        178,
        419,
        325,
        593,
        82,
        3,
        330,
        707,
        106,
        378,
        650,
        96,
        193,
        691,
        686,
        332,
        717,
        289,
        215,
        666,
        374,
        68,
        64,
        286,
        372,
        75,
        542,
        1,
        736,
        172,
        292,
        727,
        100,
        572,
        457,
        381,
        362,
        569,
        445,
        311,
        340,
        273,
        283,
        146,
        14,
        159,
        467,
        692,
        284,
        557,
        610,
        741,
        385,
        731,
        537,
        624,
        380,
        190,
        290,
        747,
        591,
        183,
        514,
        39,
        364,
        161,
        598,
        156,
        66,
        271,
        118,
        614,
        392,
        579,
        175,
        618,
        617,
        690,
        177,
        720,
        722,
        117,
        484,
        425,
        191,
        688,
        158,
        53,
        729,
        718,
        320,
        719,
        207,
        508,
        571,
        224,
        456,
        697,
        98,
        248,
        730,
        679,
        233,
        589,
        562,
        122,
        502,
        526,
        695,
        213,
        315,
        567,
        558,
        465,
        308,
        256,
        728,
        668,
        602,
        586,
        388,
        309,
        203,
        260,
        16,
        544,
        606,
        405,
        136,
        266,
        613,
        700,
        573,
        26,
        279,
        44,
        336,
        527,
        407,
        628,
        209,
        192,
        486,
        710,
        519,
        415,
        169,
        460,
        313,
        485,
        291,
        124,
        15,
        232,
        673,
        522,
        630,
        563,
        435,
        363,
        427,
        675,
        525,
        455,
        220,
        37,
        80,
        683,
        22,
        361,
        625,
        506,
        24,
        216,
        745,
        355,
        304,
        72,
        516,
        548,
        605,
        300,
        244,
        399,
        255,
        113,
        533,
        554,
        254,
        92,
        432,
        696,
        511,
        210,
        371,
        101,
        55,
        141,
        170,
        408,
        153,
        520,
        204,
        500,
        69,
        461,
        112,
        658,
        46,
        4,
        416,
        708,
        608,
        739,
        83,
        339,
        198,
        744,
        393,
        335,
        738,
        534,
        134,
        166,
        633,
        179,
        599,
        19,
        576,
        494,
        366,
        126,
        545,
        476,
        609,
        285,
        444,
        212,
        734,
        580,
        546,
        11,
        174,
        140,
        357,
        535,
        429,
        347,
        592,
        21,
        138,
        12,
        150,
        517,
        635,
        262,
        463,
        640,
        195,
        373,
        375,
        382,
        277,
        182,
        611,
        257,
        78,
        160,
        167,
        670,
        689,
        473,
        528,
        530,
        275,
        197,
        712,
        58,
        651,
        267,
        89,
        76,
        607,
        110,
        616,
        155,
        702,
        31,
        531,
        187,
        713,
        538,
        410,
        147,
        317,
        327,
        250,
        645,
        726
    ],
    "Nb of functions evaluations": 50010,
    "Computational time in seconds": 848.2510364055634,
    "Stopping criterion in evaluations": 50000
}