7° run output:
{
    "Function": "kroB750.tsp",
    "Problem dimension": [
        10,
        84,
        415,
        421,
        411,
        701,
        416,
        717,
        459,
        320,
        246,
        398,
        374,
        592,
        462,
        669,
        74,
        677,
        693,
        515,
        251,
        463,
        461,
        647,
        533,
        555,
        624,
        634,
        582,
        50,
        575,
        666,
        66,
        617,
        683,
        543,
        537,
        622,
        626,
        143,
        40,
        14,
        424,
        535,
        298,
        196,
        252,
        55,
        372,
        558,
        202,
        370,
        206,
        420,
        688,
        141,
        442,
        167,
        292,
        9,
        44,
        184,
        15,
        6,
        107,
        456,
        138,
        346,
        704,
        53,
        623,
        377,
        81,
        330,
        199,
        125,
        43,
        550,
        142,
        381,
        69,
        265,
        565,
        214,
        195,
        341,
        694,
        186,
        181,
        748,
        205,
        331,
        580,
        479,
        684,
        678,
        49,
        649,
        544,
        60,
        406,
        452,
        197,
        662,
        5,
        117,
        382,
        404,
        163,
        38,
        162,
        220,
        734,
        124,
        86,
        742,
        506,
        699,
        170,
        549,
        35,
        296,
        132,
        703,
        519,
        636,
        158,
        288,
        146,
        419,
        724,
        241,
        225,
        483,
        313,
        670,
        573,
        217,
        730,
        367,
        539,
        254,
        361,
        689,
        405,
        513,
        616,
        18,
        82,
        226,
        58,
        596,
        213,
        231,
        737,
        244,
        342,
        520,
        542,
        153,
        157,
        473,
        325,
        29,
        239,
        314,
        278,
        564,
        569,
        289,
        682,
        401,
        690,
        656,
        494,
        351,
        605,
        514,
        281,
        646,
        709,
        315,
        227,
        63,
        71,
        495,
        559,
        149,
        267,
        412,
        317,
        444,
        644,
        230,
        323,
        344,
        489,
        727,
        106,
        4,
        204,
        295,
        399,
        24,
        496,
        376,
        28,
        263,
        133,
        408,
        731,
        557,
        650,
        410,
        235,
        137,
        686,
        264,
        76,
        285,
        612,
        667,
        282,
        216,
        302,
        236,
        402,
        260,
        714,
        319,
        276,
        283,
        334,
        284,
        487,
        172,
        741,
        633,
        168,
        696,
        240,
        152,
        190,
        234,
        590,
        218,
        59,
        77,
        749,
        303,
        578,
        198,
        300,
        591,
        159,
        362,
        121,
        140,
        87,
        508,
        83,
        437,
        182,
        718,
        455,
        120,
        524,
        47,
        297,
        628,
        607,
        432,
        187,
        123,
        601,
        475,
        96,
        502,
        719,
        663,
        16,
        356,
        746,
        525,
        603,
        131,
        34,
        64,
        522,
        618,
        75,
        540,
        93,
        343,
        440,
        713,
        457,
        501,
        78,
        645,
        586,
        664,
        8,
        497,
        604,
        91,
        95,
        136,
        521,
        88,
        291,
        560,
        42,
        439,
        593,
        695,
        293,
        651,
        154,
        129,
        627,
        585,
        430,
        41,
        274,
        21,
        448,
        165,
        654,
        431,
        36,
        470,
        101,
        661,
        306,
        466,
        548,
        210,
        620,
        600,
        388,
        396,
        333,
        602,
        615,
        67,
        598,
        505,
        11,
        45,
        476,
        504,
        528,
        189,
        460,
        534,
        61,
        480,
        469,
        221,
        188,
        192,
        561,
        369,
        33,
        387,
        151,
        31,
        54,
        243,
        702,
        507,
        191,
        735,
        30,
        516,
        219,
        19,
        2,
        275,
        169,
        232,
        166,
        89,
        148,
        383,
        407,
        433,
        562,
        177,
        100,
        345,
        570,
        228,
        294,
        468,
        46,
        51,
        175,
        500,
        482,
        340,
        698,
        316,
        486,
        418,
        126,
        255,
        92,
        80,
        97,
        481,
        150,
        705,
        609,
        224,
        435,
        171,
        65,
        637,
        613,
        451,
        652,
        79,
        249,
        39,
        357,
        597,
        311,
        238,
        173,
        20,
        364,
        328,
        394,
        438,
        102,
        619,
        577,
        579,
        321,
        635,
        139,
        517,
        450,
        610,
        185,
        454,
        339,
        583,
        248,
        105,
        128,
        706,
        62,
        201,
        180,
        375,
        358,
        57,
        112,
        491,
        632,
        212,
        492,
        215,
        233,
        390,
        26,
        599,
        725,
        354,
        668,
        332,
        642,
        127,
        287,
        576,
        477,
        446,
        3,
        676,
        250,
        449,
        665,
        378,
        588,
        324,
        310,
        359,
        349,
        712,
        245,
        403,
        193,
        48,
        608,
        414,
        207,
        568,
        425,
        630,
        360,
        211,
        271,
        659,
        587,
        428,
        643,
        309,
        389,
        551,
        417,
        147,
        722,
        118,
        155,
        527,
        681,
        391,
        427,
        423,
        70,
        134,
        119,
        318,
        135,
        110,
        269,
        434,
        743,
        13,
        441,
        384,
        680,
        488,
        657,
        736,
        380,
        546,
        710,
        716,
        697,
        222,
        658,
        261,
        554,
        464,
        272,
        625,
        301,
        179,
        174,
        572,
        208,
        538,
        379,
        744,
        257,
        268,
        386,
        258,
        329,
        606,
        589,
        631,
        338,
        108,
        529,
        426,
        715,
        104,
        458,
        400,
        223,
        640,
        366,
        304,
        273,
        739,
        674,
        111,
        299,
        530,
        509,
        707,
        27,
        700,
        37,
        200,
        436,
        675,
        23,
        161,
        85,
        571,
        116,
        711,
        422,
        660,
        567,
        176,
        611,
        393,
        348,
        98,
        347,
        352,
        237,
        471,
        723,
        56,
        68,
        653,
        90,
        708,
        738,
        72,
        0,
        308,
        685,
        556,
        368,
        115,
        655,
        277,
        729,
        745,
        305,
        648,
        397,
        465,
        728,
        672,
        478,
        563,
        327,
        203,
        679,
        510,
        499,
        178,
        270,
        256,
        130,
        443,
        503,
        307,
        691,
        532,
        242,
        385,
        164,
        113,
        733,
        144,
        262,
        280,
        32,
        350,
        247,
        498,
        740,
        183,
        484,
        511,
        322,
        395,
        526,
        156,
        638,
        290,
        553,
        353,
        621,
        445,
        209,
        336,
        312,
        52,
        160,
        490,
        337,
        371,
        17,
        518,
        726,
        629,
        523,
        472,
        547,
        25,
        413,
        720,
        453,
        545,
        639,
        574,
        114,
        641,
        595,
        229,
        673,
        253,
        721,
        614,
        109,
        531,
        447,
        335,
        732,
        259,
        145,
        512,
        541,
        122,
        692,
        99,
        536,
        266,
        194,
        429,
        671,
        409,
        365,
        467,
        73,
        103,
        552,
        747,
        355,
        474,
        7,
        687,
        1,
        566,
        485,
        373,
        22,
        392,
        493,
        584,
        279,
        12,
        581,
        326,
        286,
        94,
        363,
        594
    ],
    "Global Optimum": 0,
    "Algorithm": "Genetic algorithm",
    "Parameters": {
        "population": 30,
        "offspring": 30,
        "mutation probability": 0.0013333333333333333,
        "crossover probability": 0.9
    },
    "Fitness": 962744,
    "Solution": [
        10,
        84,
        415,
        421,
        411,
        701,
        416,
        717,
        459,
        320,
        246,
        398,
        374,
        592,
        462,
        669,
        74,
        677,
        693,
        515,
        251,
        463,
        461,
        647,
        533,
        555,
        624,
        634,
        582,
        50,
        575,
        666,
        66,
        617,
        683,
        543,
        537,
        622,
        626,
        143,
        40,
        14,
        424,
        535,
        298,
        196,
        252,
        55,
        372,
        558,
        202,
        370,
        206,
        420,
        688,
        141,
        442,
        167,
        292,
        9,
        44,
        184,
        15,
        6,
        107,
        456,
        138,
        346,
        704,
        53,
        623,
        377,
        81,
        330,
        199,
        125,
        43,
        550,
        142,
        381,
        69,
        265,
        565,
        214,
        195,
        341,
        694,
        186,
        181,
        748,
        205,
        331,
        580,
        479,
        684,
        678,
        49,
        649,
        544,
        60,
        406,
        452,
        197,
        662,
        5,
        117,
        382,
        404,
        163,
        38,
        162,
        220,
        734,
        124,
        86,
        742,
        506,
        699,
        170,
        549,
        35,
        296,
        132,
        703,
        519,
        636,
        158,
        288,
        146,
        419,
        724,
        241,
        225,
        483,
        313,
        670,
        573,
        217,
        730,
        367,
        539,
        254,
        361,
        689,
        405,
        513,
        616,
        18,
        82,
        226,
        58,
        596,
        213,
        231,
        737,
        244,
        342,
        520,
        542,
        153,
        157,
        473,
        325,
        29,
        239,
        314,
        278,
        564,
        569,
        289,
        682,
        401,
        690,
        656,
        494,
        351,
        605,
        514,
        281,
        646,
        709,
        315,
        227,
        63,
        71,
        495,
        559,
        149,
        267,
        412,
        317,
        444,
        644,
        230,
        323,
        344,
        489,
        727,
        106,
        4,
        204,
        295,
        399,
        24,
        496,
        376,
        28,
        263,
        133,
        408,
        731,
        557,
        650,
        410,
        235,
        137,
        686,
        264,
        76,
        285,
        612,
        667,
        282,
        216,
        302,
        236,
        402,
        260,
        714,
        319,
        276,
        283,
        334,
        284,
        487,
        172,
        741,
        633,
        168,
        696,
        240,
        152,
        190,
        234,
        590,
        218,
        59,
        77,
        749,
        303,
        578,
        198,
        300,
        591,
        159,
        362,
        121,
        140,
        87,
        508,
        83,
        437,
        182,
        718,
        455,
        120,
        524,
        47,
        297,
        628,
        607,
        432,
        187,
        123,
        601,
        475,
        96,
        502,
        719,
        663,
        16,
        356,
        746,
        525,
        603,
        131,
        34,
        64,
        522,
        618,
        75,
        540,
        93,
        343,
        440,
        713,
        457,
        501,
        78,
        645,
        586,
        664,
        8,
        497,
        604,
        91,
        95,
        136,
        521,
        88,
        291,
        560,
        42,
        439,
        593,
        695,
        293,
        651,
        154,
        129,
        627,
        585,
        430,
        41,
        274,
        21,
        448,
        165,
        654,
        431,
        36,
        470,
        101,
        661,
        306,
        466,
        548,
        210,
        620,
        600,
        388,
        396,
        333,
        602,
        615,
        67,
        598,
        505,
        11,
        45,
        476,
        504,
        528,
        189,
        460,
        534,
        61,
        480,
        469,
        221,
        188,
        192,
        561,
        369,
        33,
        387,
        151,
        31,
        54,
        243,
        702,
        507,
        191,
        735,
        30,
        516,
        219,
        19,
        2,
        275,
        169,
        232,
        166,
        89,
        148,
        383,
        407,
        433,
        562,
        177,
        100,
        345,
        570,
        228,
        294,
        468,
        46,
        51,
        175,
        500,
        482,
        340,
        698,
        316,
        486,
        418,
        126,
        255,
        92,
        80,
        97,
        481,
        150,
        705,
        609,
        224,
        435,
        171,
        65,
        637,
        613,
        451,
        652,
        79,
        249,
        39,
        357,
        597,
        311,
        238,
        173,
        20,
        364,
        328,
        394,
        438,
        102,
        619,
        577,
        579,
        321,
        635,
        139,
        517,
        450,
        610,
        185,
        454,
        339,
        583,
        248,
        105,
        128,
        706,
        62,
        201,
        180,
        375,
        358,
        57,
        112,
        491,
        632,
        212,
        492,
        215,
        233,
        390,
        26,
        599,
        725,
        354,
        668,
        332,
        642,
        127,
        287,
        576,
        477,
        446,
        3,
        676,
        250,
        449,
        665,
        378,
        588,
        324,
        310,
        359,
        349,
        712,
        245,
        403,
        193,
        48,
        608,
        414,
        207,
        568,
        425,
        630,
        360,
        211,
        271,
        659,
        587,
        428,
        643,
        309,
        389,
        551,
        417,
        147,
        722,
        118,
        155,
        527,
        681,
        391,
        427,
        423,
        70,
        134,
        119,
        318,
        135,
        110,
        269,
        434,
        743,
        13,
        441,
        384,
        680,
        488,
        657,
        736,
        380,
        546,
        710,
        716,
        697,
        222,
        658,
        261,
        554,
        464,
        272,
        625,
        301,
        179,
        174,
        572,
        208,
        538,
        379,
        744,
        257,
        268,
        386,
        258,
        329,
        606,
        589,
        631,
        338,
        108,
        529,
        426,
        715,
        104,
        458,
        400,
        223,
        640,
        366,
        304,
        273,
        739,
        674,
        111,
        299,
        530,
        509,
        707,
        27,
        700,
        37,
        200,
        436,
        675,
        23,
        161,
        85,
        571,
        116,
        711,
        422,
        660,
        567,
        176,
        611,
        393,
        348,
        98,
        347,
        352,
        237,
        471,
        723,
        56,
        68,
        653,
        90,
        708,
        738,
        72,
        0,
        308,
        685,
        556,
        368,
        115,
        655,
        277,
        729,
        745,
        305,
        648,
        397,
        465,
        728,
        672,
        478,
        563,
        327,
        203,
        679,
        510,
        499,
        178,
        270,
        256,
        130,
        443,
        503,
        307,
        691,
        532,
        242,
        385,
        164,
        113,
        733,
        144,
        262,
        280,
        32,
        350,
        247,
        498,
        740,
        183,
        484,
        511,
        322,
        395,
        526,
        156,
        638,
        290,
        553,
        353,
        621,
        445,
        209,
        336,
        312,
        52,
        160,
        490,
        337,
        371,
        17,
        518,
        726,
        629,
        523,
        472,
        547,
        25,
        413,
        720,
        453,
        545,
        639,
        574,
        114,
        641,
        595,
        229,
        673,
        253,
        721,
        614,
        109,
        531,
        447,
        335,
        732,
        259,
        145,
        512,
        541,
        122,
        692,
        99,
        536,
        266,
        194,
        429,
        671,
        409,
        365,
        467,
        73,
        103,
        552,
        747,
        355,
        474,
        7,
        687,
        1,
        566,
        485,
        373,
        22,
        392,
        493,
        584,
        279,
        12,
        581,
        326,
        286,
        94,
        363,
        594
    ],
    "Nb of functions evaluations": 50010,
    "Computational time in seconds": 871.0874600410461,
    "Stopping criterion in evaluations": 50000
}