13° run output:
{
    "Function": "kroB750.tsp",
    "Problem dimension": [
        634,
        344,
        671,
        324,
        437,
        442,
        565,
        505,
        573,
        626,
        400,
        70,
        27,
        546,
        281,
        195,
        492,
        405,
        132,
        104,
        595,
        747,
        266,
        460,
        379,
        148,
        596,
        219,
        601,
        299,
        468,
        537,
        466,
        261,
        632,
        269,
        472,
        227,
        316,
        341,
        417,
        392,
        604,
        58,
        574,
        221,
        584,
        289,
        395,
        699,
        122,
        606,
        652,
        427,
        654,
        687,
        718,
        185,
        548,
        657,
        536,
        245,
        590,
        149,
        196,
        692,
        448,
        100,
        174,
        431,
        160,
        495,
        706,
        51,
        723,
        473,
        204,
        374,
        327,
        244,
        578,
        343,
        129,
        382,
        328,
        268,
        372,
        535,
        114,
        297,
        631,
        292,
        24,
        428,
        207,
        480,
        94,
        529,
        638,
        672,
        20,
        145,
        211,
        387,
        340,
        307,
        545,
        690,
        288,
        231,
        172,
        232,
        450,
        420,
        580,
        658,
        352,
        8,
        541,
        377,
        661,
        192,
        239,
        295,
        722,
        186,
        105,
        557,
        22,
        550,
        279,
        636,
        118,
        311,
        588,
        56,
        128,
        452,
        298,
        742,
        42,
        30,
        181,
        725,
        421,
        35,
        612,
        240,
        438,
        57,
        354,
        331,
        449,
        689,
        483,
        63,
        260,
        524,
        14,
        736,
        616,
        112,
        225,
        80,
        458,
        83,
        737,
        429,
        709,
        304,
        732,
        199,
        532,
        560,
        250,
        208,
        103,
        284,
        217,
        72,
        146,
        696,
        31,
        224,
        141,
        639,
        434,
        326,
        167,
        303,
        188,
        366,
        6,
        730,
        300,
        624,
        209,
        133,
        403,
        514,
        283,
        439,
        5,
        153,
        315,
        189,
        502,
        380,
        675,
        425,
        11,
        645,
        301,
        691,
        459,
        465,
        68,
        627,
        154,
        710,
        373,
        367,
        249,
        96,
        193,
        168,
        745,
        527,
        498,
        568,
        436,
        740,
        67,
        170,
        401,
        28,
        310,
        0,
        668,
        659,
        54,
        280,
        13,
        127,
        117,
        526,
        447,
        419,
        228,
        144,
        88,
        539,
        332,
        413,
        320,
        640,
        633,
        113,
        26,
        456,
        552,
        525,
        515,
        566,
        731,
        533,
        609,
        90,
        440,
        383,
        457,
        677,
        739,
        69,
        355,
        605,
        194,
        648,
        319,
        66,
        184,
        71,
        594,
        45,
        267,
        647,
        375,
        463,
        674,
        625,
        21,
        592,
        697,
        695,
        415,
        587,
        36,
        97,
        618,
        98,
        433,
        64,
        381,
        238,
        660,
        721,
        385,
        544,
        726,
        585,
        711,
        411,
        741,
        93,
        522,
        445,
        704,
        520,
        285,
        676,
        496,
        399,
        262,
        65,
        363,
        738,
        499,
        115,
        142,
        508,
        501,
        577,
        712,
        462,
        359,
        470,
        591,
        700,
        255,
        273,
        516,
        477,
        474,
        169,
        197,
        313,
        600,
        336,
        538,
        29,
        464,
        356,
        151,
        25,
        75,
        2,
        287,
        608,
        59,
        475,
        743,
        518,
        234,
        430,
        76,
        357,
        623,
        95,
        542,
        270,
        500,
        418,
        376,
        486,
        528,
        282,
        416,
        131,
        23,
        368,
        641,
        414,
        583,
        49,
        247,
        337,
        271,
        556,
        719,
        390,
        79,
        705,
        667,
        110,
        256,
        371,
        206,
        86,
        530,
        570,
        435,
        34,
        461,
        521,
        482,
        55,
        665,
        91,
        746,
        18,
        191,
        346,
        106,
        511,
        510,
        402,
        567,
        335,
        253,
        263,
        277,
        551,
        708,
        599,
        629,
        198,
        349,
        610,
        519,
        157,
        305,
        258,
        120,
        254,
        182,
        642,
        242,
        663,
        513,
        724,
        471,
        720,
        586,
        693,
        358,
        388,
        469,
        714,
        164,
        243,
        312,
        329,
        630,
        749,
        183,
        272,
        554,
        446,
        314,
        74,
        176,
        582,
        424,
        351,
        603,
        369,
        678,
        223,
        611,
        553,
        84,
        338,
        119,
        210,
        571,
        139,
        162,
        713,
        276,
        81,
        317,
        476,
        61,
        454,
        540,
        386,
        643,
        251,
        161,
        406,
        47,
        257,
        286,
        323,
        233,
        212,
        236,
        101,
        507,
        158,
        572,
        485,
        125,
        10,
        143,
        165,
        152,
        685,
        205,
        455,
        593,
        44,
        620,
        662,
        109,
        370,
        218,
        73,
        543,
        598,
        166,
        561,
        650,
        39,
        613,
        679,
        404,
        203,
        467,
        229,
        201,
        248,
        4,
        453,
        187,
        322,
        302,
        306,
        82,
        649,
        43,
        365,
        179,
        651,
        378,
        102,
        150,
        575,
        121,
        717,
        727,
        53,
        38,
        564,
        408,
        748,
        140,
        78,
        393,
        497,
        46,
        252,
        308,
        688,
        147,
        384,
        275,
        729,
        52,
        407,
        290,
        703,
        364,
        116,
        16,
        12,
        138,
        175,
        213,
        334,
        410,
        656,
        715,
        126,
        350,
        137,
        325,
        89,
        180,
        178,
        549,
        602,
        622,
        77,
        579,
        389,
        123,
        628,
        215,
        111,
        576,
        491,
        135,
        33,
        398,
        108,
        246,
        15,
        296,
        1,
        707,
        607,
        716,
        48,
        563,
        488,
        19,
        451,
        506,
        259,
        423,
        479,
        41,
        686,
        3,
        683,
        134,
        728,
        156,
        681,
        655,
        547,
        669,
        107,
        394,
        617,
        666,
        345,
        684,
        92,
        318,
        9,
        698,
        216,
        99,
        294,
        443,
        489,
        190,
        348,
        422,
        493,
        60,
        333,
        503,
        670,
        494,
        339,
        558,
        569,
        136,
        130,
        733,
        177,
        330,
        523,
        637,
        171,
        124,
        353,
        531,
        555,
        397,
        441,
        237,
        409,
        274,
        644,
        694,
        589,
        309,
        653,
        504,
        432,
        517,
        17,
        291,
        534,
        220,
        347,
        562,
        484,
        173,
        673,
        664,
        614,
        702,
        682,
        701,
        487,
        412,
        361,
        163,
        734,
        235,
        362,
        155,
        360,
        735,
        241,
        512,
        509,
        396,
        200,
        559,
        615,
        635,
        40,
        85,
        342,
        293,
        7,
        50,
        597,
        62,
        321,
        37,
        490,
        202,
        265,
        619,
        230,
        87,
        444,
        222,
        214,
        478,
        32,
        581,
        621,
        426,
        680,
        391,
        481,
        646,
        278,
        744,
        264,
        159,
        226
    ],
    "Global Optimum": 0,
    "Algorithm": "Genetic algorithm",
    "Parameters": {
        "population": 30,
        "offspring": 30,
        "mutation probability": 0.0013333333333333333,
        "crossover probability": 0.9
    },
    "Fitness": 1046251,
    "Solution": [
        634,
        344,
        671,
        324,
        437,
        442,
        565,
        505,
        573,
        626,
        400,
        70,
        27,
        546,
        281,
        195,
        492,
        405,
        132,
        104,
        595,
        747,
        266,
        460,
        379,
        148,
        596,
        219,
        601,
        299,
        468,
        537,
        466,
        261,
        632,
        269,
        472,
        227,
        316,
        341,
        417,
        392,
        604,
        58,
        574,
        221,
        584,
        289,
        395,
        699,
        122,
        606,
        652,
        427,
        654,
        687,
        718,
        185,
        548,
        657,
        536,
        245,
        590,
        149,
        196,
        692,
        448,
        100,
        174,
        431,
        160,
        495,
        706,
        51,
        723,
        473,
        204,
        374,
        327,
        244,
        578,
        343,
        129,
        382,
        328,
        268,
        372,
        535,
        114,
        297,
        631,
        292,
        24,
        428,
        207,
        480,
        94,
        529,
        638,
        672,
        20,
        145,
        211,
        387,
        340,
        307,
        545,
        690,
        288,
        231,
        172,
        232,
        450,
        420,
        580,
        658,
        352,
        8,
        541,
        377,
        661,
        192,
        239,
        295,
        722,
        186,
        105,
        557,
        22,
        550,
        279,
        636,
        118,
        311,
        588,
        56,
        128,
        452,
        298,
        742,
        42,
        30,
        181,
        725,
        421,
        35,
        612,
        240,
        438,
        57,
        354,
        331,
        449,
        689,
        483,
        63,
        260,
        524,
        14,
        736,
        616,
        112,
        225,
        80,
        458,
        83,
        737,
        429,
        709,
        304,
        732,
        199,
        532,
        560,
        250,
        208,
        103,
        284,
        217,
        72,
        146,
        696,
        31,
        224,
        141,
        639,
        434,
        326,
        167,
        303,
        188,
        366,
        6,
        730,
        300,
        624,
        209,
        133,
        403,
        514,
        283,
        439,
        5,
        153,
        315,
        189,
        502,
        380,
        675,
        425,
        11,
        645,
        301,
        691,
        459,
        465,
        68,
        627,
        154,
        710,
        373,
        367,
        249,
        96,
        193,
        168,
        745,
        527,
        498,
        568,
        436,
        740,
        67,
        170,
        401,
        28,
        310,
        0,
        668,
        659,
        54,
        280,
        13,
        127,
        117,
        526,
        447,
        419,
        228,
        144,
        88,
        539,
        332,
        413,
        320,
        640,
        633,
        113,
        26,
        456,
        552,
        525,
        515,
        566,
        731,
        533,
        609,
        90,
        440,
        383,
        457,
        677,
        739,
        69,
        355,
        605,
        194,
        648,
        319,
        66,
        184,
        71,
        594,
        45,
        267,
        647,
        375,
        463,
        674,
        625,
        21,
        592,
        697,
        695,
        415,
        587,
        36,
        97,
        618,
        98,
        433,
        64,
        381,
        238,
        660,
        721,
        385,
        544,
        726,
        585,
        711,
        411,
        741,
        93,
        522,
        445,
        704,
        520,
        285,
        676,
        496,
        399,
        262,
        65,
        363,
        738,
        499,
        115,
        142,
        508,
        501,
        577,
        712,
        462,
        359,
        470,
        591,
        700,
        255,
        273,
        516,
        477,
        474,
        169,
        197,
        313,
        600,
        336,
        538,
        29,
        464,
        356,
        151,
        25,
        75,
        2,
        287,
        608,
        59,
        475,
        743,
        518,
        234,
        430,
        76,
        357,
        623,
        95,
        542,
        270,
        500,
        418,
        376,
        486,
        528,
        282,
        416,
        131,
        23,
        368,
        641,
        414,
        583,
        49,
        247,
        337,
        271,
        556,
        719,
        390,
        79,
        705,
        667,
        110,
        256,
        371,
        206,
        86,
        530,
        570,
        435,
        34,
        461,
        521,
        482,
        55,
        665,
        91,
        746,
        18,
        191,
        346,
        106,
        511,
        510,
        402,
        567,
        335,
        253,
        263,
        277,
        551,
        708,
        599,
        629,
        198,
        349,
        610,
        519,
        157,
        305,
        258,
        120,
        254,
        182,
        642,
        242,
        663,
        513,
        724,
        471,
        720,
        586,
        693,
        358,
        388,
        469,
        714,
        164,
        243,
        312,
        329,
        630,
        749,
        183,
        272,
        554,
        446,
        314,
        74,
        176,
        582,
        424,
        351,
        603,
        369,
        678,
        223,
        611,
        553,
        84,
        338,
        119,
        210,
        571,
        139,
        162,
        713,
        276,
        81,
        317,
        476,
        61,
        454,
        540,
        386,
        643,
        251,
        161,
        406,
        47,
        257,
        286,
        323,
        233,
        212,
        236,
        101,
        507,
        158,
        572,
        485,
        125,
        10,
        143,
        165,
        152,
        685,
        205,
        455,
        593,
        44,
        620,
        662,
        109,
        370,
        218,
        73,
        543,
        598,
        166,
        561,
        650,
        39,
        613,
        679,
        404,
        203,
        467,
        229,
        201,
        248,
        4,
        453,
        187,
        322,
        302,
        306,
        82,
        649,
        43,
        365,
        179,
        651,
        378,
        102,
        150,
        575,
        121,
        717,
        727,
        53,
        38,
        564,
        408,
        748,
        140,
        78,
        393,
        497,
        46,
        252,
        308,
        688,
        147,
        384,
        275,
        729,
        52,
        407,
        290,
        703,
        364,
        116,
        16,
        12,
        138,
        175,
        213,
        334,
        410,
        656,
        715,
        126,
        350,
        137,
        325,
        89,
        180,
        178,
        549,
        602,
        622,
        77,
        579,
        389,
        123,
        628,
        215,
        111,
        576,
        491,
        135,
        33,
        398,
        108,
        246,
        15,
        296,
        1,
        707,
        607,
        716,
        48,
        563,
        488,
        19,
        451,
        506,
        259,
        423,
        479,
        41,
        686,
        3,
        683,
        134,
        728,
        156,
        681,
        655,
        547,
        669,
        107,
        394,
        617,
        666,
        345,
        684,
        92,
        318,
        9,
        698,
        216,
        99,
        294,
        443,
        489,
        190,
        348,
        422,
        493,
        60,
        333,
        503,
        670,
        494,
        339,
        558,
        569,
        136,
        130,
        733,
        177,
        330,
        523,
        637,
        171,
        124,
        353,
        531,
        555,
        397,
        441,
        237,
        409,
        274,
        644,
        694,
        589,
        309,
        653,
        504,
        432,
        517,
        17,
        291,
        534,
        220,
        347,
        562,
        484,
        173,
        673,
        664,
        614,
        702,
        682,
        701,
        487,
        412,
        361,
        163,
        734,
        235,
        362,
        155,
        360,
        735,
        241,
        512,
        509,
        396,
        200,
        559,
        615,
        635,
        40,
        85,
        342,
        293,
        7,
        50,
        597,
        62,
        321,
        37,
        490,
        202,
        265,
        619,
        230,
        87,
        444,
        222,
        214,
        478,
        32,
        581,
        621,
        426,
        680,
        391,
        481,
        646,
        278,
        744,
        264,
        159,
        226
    ],
    "Nb of functions evaluations": 50010,
    "Computational time in seconds": 880.2450141906738,
    "Stopping criterion in evaluations": 50000
}