3° run output:
{
    "Function": "ClusterA100.tsp",
    "Problem dimension": [
        28,
        80,
        2,
        56,
        96,
        26,
        1,
        67,
        31,
        24,
        7,
        45,
        62,
        41,
        82,
        32,
        99,
        10,
        66,
        37,
        53,
        85,
        35,
        63,
        83,
        81,
        91,
        23,
        46,
        52,
        19,
        84,
        69,
        30,
        54,
        34,
        25,
        55,
        11,
        75,
        36,
        87,
        17,
        12,
        70,
        43,
        68,
        13,
        9,
        59,
        44,
        76,
        88,
        16,
        79,
        21,
        33,
        20,
        57,
        48,
        58,
        97,
        40,
        0,
        49,
        29,
        18,
        38,
        22,
        77,
        42,
        98,
        64,
        47,
        60,
        27,
        50,
        95,
        73,
        51,
        3,
        61,
        14,
        6,
        90,
        89,
        74,
        71,
        4,
        94,
        72,
        65,
        5,
        92,
        8,
        39,
        15,
        78,
        93,
        86
    ],
    "Global Optimum": 0,
    "Algorithm": "Genetic algorithm",
    "Parameters": {
        "population": 30,
        "offspring": 30,
        "mutation probability": 0.01,
        "crossover probability": 0.9
    },
    "Fitness": 84750,
    "Solution": [
        28,
        80,
        2,
        56,
        96,
        26,
        1,
        67,
        31,
        24,
        7,
        45,
        62,
        41,
        82,
        32,
        99,
        10,
        66,
        37,
        53,
        85,
        35,
        63,
        83,
        81,
        91,
        23,
        46,
        52,
        19,
        84,
        69,
        30,
        54,
        34,
        25,
        55,
        11,
        75,
        36,
        87,
        17,
        12,
        70,
        43,
        68,
        13,
        9,
        59,
        44,
        76,
        88,
        16,
        79,
        21,
        33,
        20,
        57,
        48,
        58,
        97,
        40,
        0,
        49,
        29,
        18,
        38,
        22,
        77,
        42,
        98,
        64,
        47,
        60,
        27,
        50,
        95,
        73,
        51,
        3,
        61,
        14,
        6,
        90,
        89,
        74,
        71,
        4,
        94,
        72,
        65,
        5,
        92,
        8,
        39,
        15,
        78,
        93,
        86
    ],
    "Nb of functions evaluations": 50010,
    "Computational time in seconds": 22.957926988601685,
    "Stopping criterion in evaluations": 50000
}