8° run output:
{
    "Function": "ClusterA100.tsp",
    "Problem dimension": [
        38,
        2,
        1,
        54,
        26,
        68,
        61,
        40,
        3,
        51,
        73,
        9,
        16,
        74,
        72,
        82,
        52,
        91,
        24,
        70,
        41,
        86,
        88,
        57,
        97,
        10,
        15,
        35,
        79,
        21,
        13,
        77,
        34,
        47,
        42,
        22,
        11,
        99,
        29,
        83,
        23,
        12,
        20,
        87,
        45,
        28,
        0,
        80,
        31,
        59,
        49,
        63,
        27,
        50,
        78,
        30,
        48,
        14,
        5,
        18,
        53,
        85,
        46,
        19,
        81,
        65,
        64,
        95,
        75,
        36,
        58,
        56,
        43,
        76,
        4,
        71,
        90,
        89,
        25,
        32,
        69,
        62,
        33,
        6,
        17,
        96,
        55,
        67,
        84,
        44,
        93,
        94,
        7,
        98,
        92,
        8,
        39,
        60,
        66,
        37
    ],
    "Global Optimum": 0,
    "Algorithm": "Genetic algorithm",
    "Parameters": {
        "population": 30,
        "offspring": 30,
        "mutation probability": 0.01,
        "crossover probability": 0.9
    },
    "Fitness": 89322,
    "Solution": [
        38,
        2,
        1,
        54,
        26,
        68,
        61,
        40,
        3,
        51,
        73,
        9,
        16,
        74,
        72,
        82,
        52,
        91,
        24,
        70,
        41,
        86,
        88,
        57,
        97,
        10,
        15,
        35,
        79,
        21,
        13,
        77,
        34,
        47,
        42,
        22,
        11,
        99,
        29,
        83,
        23,
        12,
        20,
        87,
        45,
        28,
        0,
        80,
        31,
        59,
        49,
        63,
        27,
        50,
        78,
        30,
        48,
        14,
        5,
        18,
        53,
        85,
        46,
        19,
        81,
        65,
        64,
        95,
        75,
        36,
        58,
        56,
        43,
        76,
        4,
        71,
        90,
        89,
        25,
        32,
        69,
        62,
        33,
        6,
        17,
        96,
        55,
        67,
        84,
        44,
        93,
        94,
        7,
        98,
        92,
        8,
        39,
        60,
        66,
        37
    ],
    "Nb of functions evaluations": 50010,
    "Computational time in seconds": 22.449143886566162,
    "Stopping criterion in evaluations": 50000
}