15° run output:
{
    "Function": "ClusterA100.tsp",
    "Problem dimension": [
        12,
        24,
        62,
        41,
        86,
        23,
        91,
        19,
        78,
        76,
        65,
        82,
        69,
        72,
        10,
        42,
        2,
        94,
        59,
        99,
        60,
        49,
        97,
        40,
        29,
        5,
        18,
        0,
        1,
        96,
        20,
        30,
        84,
        67,
        71,
        70,
        81,
        45,
        13,
        85,
        79,
        98,
        66,
        8,
        77,
        89,
        90,
        34,
        55,
        54,
        31,
        44,
        93,
        38,
        50,
        15,
        83,
        4,
        25,
        17,
        95,
        33,
        57,
        48,
        3,
        73,
        43,
        28,
        14,
        51,
        63,
        39,
        53,
        22,
        11,
        64,
        47,
        87,
        56,
        74,
        16,
        26,
        7,
        32,
        88,
        52,
        46,
        92,
        68,
        6,
        21,
        37,
        27,
        58,
        36,
        75,
        9,
        61,
        35,
        80
    ],
    "Global Optimum": 0,
    "Algorithm": "Genetic algorithm",
    "Parameters": {
        "population": 30,
        "offspring": 30,
        "mutation probability": 0.01,
        "crossover probability": 0.9
    },
    "Fitness": 80042,
    "Solution": [
        12,
        24,
        62,
        41,
        86,
        23,
        91,
        19,
        78,
        76,
        65,
        82,
        69,
        72,
        10,
        42,
        2,
        94,
        59,
        99,
        60,
        49,
        97,
        40,
        29,
        5,
        18,
        0,
        1,
        96,
        20,
        30,
        84,
        67,
        71,
        70,
        81,
        45,
        13,
        85,
        79,
        98,
        66,
        8,
        77,
        89,
        90,
        34,
        55,
        54,
        31,
        44,
        93,
        38,
        50,
        15,
        83,
        4,
        25,
        17,
        95,
        33,
        57,
        48,
        3,
        73,
        43,
        28,
        14,
        51,
        63,
        39,
        53,
        22,
        11,
        64,
        47,
        87,
        56,
        74,
        16,
        26,
        7,
        32,
        88,
        52,
        46,
        92,
        68,
        6,
        21,
        37,
        27,
        58,
        36,
        75,
        9,
        61,
        35,
        80
    ],
    "Nb of functions evaluations": 50010,
    "Computational time in seconds": 23.097896337509155,
    "Stopping criterion in evaluations": 50000
}