9° run output:
{
    "Function": "ClusterB300.tsp",
    "Problem dimension": [
        173,
        243,
        43,
        71,
        38,
        228,
        205,
        138,
        253,
        126,
        175,
        177,
        197,
        227,
        62,
        90,
        213,
        107,
        258,
        37,
        29,
        208,
        238,
        48,
        105,
        178,
        184,
        293,
        212,
        257,
        277,
        118,
        283,
        181,
        135,
        218,
        14,
        189,
        155,
        232,
        17,
        239,
        68,
        295,
        24,
        156,
        217,
        9,
        82,
        142,
        230,
        83,
        7,
        136,
        76,
        209,
        264,
        241,
        77,
        279,
        140,
        250,
        111,
        255,
        211,
        145,
        15,
        64,
        109,
        33,
        13,
        296,
        153,
        195,
        183,
        117,
        2,
        298,
        1,
        286,
        251,
        157,
        137,
        124,
        274,
        150,
        36,
        263,
        21,
        104,
        53,
        291,
        297,
        42,
        19,
        6,
        229,
        194,
        151,
        167,
        130,
        66,
        161,
        188,
        171,
        86,
        87,
        226,
        154,
        16,
        122,
        131,
        176,
        287,
        152,
        160,
        280,
        190,
        148,
        271,
        92,
        278,
        252,
        256,
        236,
        185,
        113,
        174,
        237,
        179,
        125,
        101,
        164,
        99,
        67,
        191,
        247,
        206,
        292,
        58,
        8,
        270,
        23,
        115,
        192,
        114,
        106,
        100,
        290,
        170,
        128,
        65,
        4,
        215,
        52,
        69,
        168,
        56,
        289,
        95,
        275,
        254,
        202,
        116,
        259,
        234,
        22,
        46,
        141,
        231,
        261,
        30,
        39,
        88,
        240,
        97,
        273,
        210,
        32,
        246,
        45,
        108,
        242,
        54,
        163,
        0,
        41,
        281,
        79,
        165,
        112,
        127,
        35,
        284,
        49,
        214,
        61,
        288,
        133,
        103,
        80,
        224,
        31,
        132,
        244,
        74,
        248,
        93,
        110,
        129,
        73,
        18,
        166,
        34,
        149,
        201,
        123,
        119,
        50,
        159,
        89,
        11,
        47,
        91,
        85,
        182,
        5,
        70,
        59,
        267,
        98,
        44,
        12,
        143,
        245,
        96,
        120,
        269,
        57,
        265,
        146,
        282,
        207,
        55,
        222,
        272,
        262,
        94,
        162,
        3,
        204,
        169,
        221,
        198,
        75,
        20,
        199,
        25,
        27,
        193,
        144,
        219,
        28,
        63,
        266,
        78,
        72,
        294,
        268,
        223,
        216,
        147,
        299,
        81,
        10,
        233,
        186,
        187,
        40,
        225,
        84,
        196,
        139,
        121,
        180,
        102,
        51,
        220,
        260,
        235,
        134,
        249,
        26,
        158,
        276,
        285,
        200,
        172,
        60,
        203
    ],
    "Global Optimum": 0,
    "Algorithm": "Genetic algorithm",
    "Parameters": {
        "population": 30,
        "offspring": 30,
        "mutation probability": 0.0033333333333333335,
        "crossover probability": 0.9
    },
    "Fitness": 371947,
    "Solution": [
        173,
        243,
        43,
        71,
        38,
        228,
        205,
        138,
        253,
        126,
        175,
        177,
        197,
        227,
        62,
        90,
        213,
        107,
        258,
        37,
        29,
        208,
        238,
        48,
        105,
        178,
        184,
        293,
        212,
        257,
        277,
        118,
        283,
        181,
        135,
        218,
        14,
        189,
        155,
        232,
        17,
        239,
        68,
        295,
        24,
        156,
        217,
        9,
        82,
        142,
        230,
        83,
        7,
        136,
        76,
        209,
        264,
        241,
        77,
        279,
        140,
        250,
        111,
        255,
        211,
        145,
        15,
        64,
        109,
        33,
        13,
        296,
        153,
        195,
        183,
        117,
        2,
        298,
        1,
        286,
        251,
        157,
        137,
        124,
        274,
        150,
        36,
        263,
        21,
        104,
        53,
        291,
        297,
        42,
        19,
        6,
        229,
        194,
        151,
        167,
        130,
        66,
        161,
        188,
        171,
        86,
        87,
        226,
        154,
        16,
        122,
        131,
        176,
        287,
        152,
        160,
        280,
        190,
        148,
        271,
        92,
        278,
        252,
        256,
        236,
        185,
        113,
        174,
        237,
        179,
        125,
        101,
        164,
        99,
        67,
        191,
        247,
        206,
        292,
        58,
        8,
        270,
        23,
        115,
        192,
        114,
        106,
        100,
        290,
        170,
        128,
        65,
        4,
        215,
        52,
        69,
        168,
        56,
        289,
        95,
        275,
        254,
        202,
        116,
        259,
        234,
        22,
        46,
        141,
        231,
        261,
        30,
        39,
        88,
        240,
        97,
        273,
        210,
        32,
        246,
        45,
        108,
        242,
        54,
        163,
        0,
        41,
        281,
        79,
        165,
        112,
        127,
        35,
        284,
        49,
        214,
        61,
        288,
        133,
        103,
        80,
        224,
        31,
        132,
        244,
        74,
        248,
        93,
        110,
        129,
        73,
        18,
        166,
        34,
        149,
        201,
        123,
        119,
        50,
        159,
        89,
        11,
        47,
        91,
        85,
        182,
        5,
        70,
        59,
        267,
        98,
        44,
        12,
        143,
        245,
        96,
        120,
        269,
        57,
        265,
        146,
        282,
        207,
        55,
        222,
        272,
        262,
        94,
        162,
        3,
        204,
        169,
        221,
        198,
        75,
        20,
        199,
        25,
        27,
        193,
        144,
        219,
        28,
        63,
        266,
        78,
        72,
        294,
        268,
        223,
        216,
        147,
        299,
        81,
        10,
        233,
        186,
        187,
        40,
        225,
        84,
        196,
        139,
        121,
        180,
        102,
        51,
        220,
        260,
        235,
        134,
        249,
        26,
        158,
        276,
        285,
        200,
        172,
        60,
        203
    ],
    "Nb of functions evaluations": 50010,
    "Computational time in seconds": 143.62655210494995,
    "Stopping criterion in evaluations": 50000
}