2° run output:
{
    "Function": "ClusterB300.tsp",
    "Problem dimension": [
        292,
        190,
        231,
        143,
        13,
        82,
        181,
        270,
        118,
        65,
        198,
        31,
        36,
        121,
        242,
        101,
        146,
        271,
        211,
        127,
        226,
        14,
        135,
        158,
        212,
        128,
        225,
        15,
        187,
        144,
        57,
        288,
        88,
        171,
        114,
        204,
        109,
        183,
        266,
        282,
        214,
        153,
        141,
        86,
        16,
        264,
        298,
        272,
        161,
        90,
        119,
        138,
        142,
        177,
        18,
        132,
        76,
        299,
        172,
        164,
        113,
        100,
        157,
        285,
        168,
        60,
        150,
        41,
        296,
        275,
        110,
        235,
        273,
        268,
        139,
        77,
        130,
        24,
        63,
        17,
        260,
        280,
        245,
        61,
        291,
        277,
        4,
        170,
        165,
        73,
        39,
        205,
        137,
        125,
        239,
        80,
        276,
        197,
        56,
        294,
        224,
        12,
        117,
        290,
        85,
        23,
        2,
        89,
        108,
        10,
        26,
        154,
        215,
        83,
        22,
        69,
        53,
        297,
        208,
        248,
        255,
        207,
        249,
        44,
        185,
        167,
        244,
        213,
        202,
        188,
        47,
        20,
        49,
        163,
        74,
        203,
        147,
        0,
        162,
        123,
        3,
        287,
        193,
        46,
        129,
        92,
        5,
        48,
        279,
        67,
        189,
        227,
        95,
        180,
        148,
        96,
        247,
        40,
        250,
        240,
        9,
        81,
        122,
        42,
        237,
        216,
        221,
        201,
        87,
        176,
        261,
        289,
        35,
        186,
        293,
        267,
        99,
        191,
        295,
        236,
        131,
        234,
        133,
        230,
        103,
        159,
        274,
        8,
        160,
        258,
        174,
        97,
        21,
        169,
        43,
        34,
        241,
        283,
        229,
        195,
        106,
        71,
        6,
        55,
        79,
        52,
        32,
        254,
        134,
        98,
        111,
        30,
        220,
        145,
        62,
        126,
        152,
        155,
        284,
        136,
        124,
        259,
        120,
        140,
        107,
        173,
        38,
        178,
        232,
        105,
        54,
        243,
        192,
        228,
        179,
        175,
        91,
        94,
        222,
        281,
        28,
        253,
        223,
        7,
        184,
        112,
        64,
        238,
        209,
        278,
        115,
        182,
        256,
        51,
        29,
        27,
        84,
        116,
        156,
        45,
        11,
        219,
        200,
        68,
        1,
        252,
        286,
        251,
        257,
        196,
        104,
        33,
        265,
        72,
        59,
        217,
        78,
        166,
        50,
        218,
        37,
        233,
        25,
        206,
        75,
        58,
        93,
        102,
        194,
        19,
        66,
        246,
        149,
        263,
        151,
        262,
        210,
        70,
        269,
        199
    ],
    "Global Optimum": 0,
    "Algorithm": "Genetic algorithm",
    "Parameters": {
        "population": 30,
        "offspring": 30,
        "mutation probability": 0.0033333333333333335,
        "crossover probability": 0.9
    },
    "Fitness": 355526,
    "Solution": [
        292,
        190,
        231,
        143,
        13,
        82,
        181,
        270,
        118,
        65,
        198,
        31,
        36,
        121,
        242,
        101,
        146,
        271,
        211,
        127,
        226,
        14,
        135,
        158,
        212,
        128,
        225,
        15,
        187,
        144,
        57,
        288,
        88,
        171,
        114,
        204,
        109,
        183,
        266,
        282,
        214,
        153,
        141,
        86,
        16,
        264,
        298,
        272,
        161,
        90,
        119,
        138,
        142,
        177,
        18,
        132,
        76,
        299,
        172,
        164,
        113,
        100,
        157,
        285,
        168,
        60,
        150,
        41,
        296,
        275,
        110,
        235,
        273,
        268,
        139,
        77,
        130,
        24,
        63,
        17,
        260,
        280,
        245,
        61,
        291,
        277,
        4,
        170,
        165,
        73,
        39,
        205,
        137,
        125,
        239,
        80,
        276,
        197,
        56,
        294,
        224,
        12,
        117,
        290,
        85,
        23,
        2,
        89,
        108,
        10,
        26,
        154,
        215,
        83,
        22,
        69,
        53,
        297,
        208,
        248,
        255,
        207,
        249,
        44,
        185,
        167,
        244,
        213,
        202,
        188,
        47,
        20,
        49,
        163,
        74,
        203,
        147,
        0,
        162,
        123,
        3,
        287,
        193,
        46,
        129,
        92,
        5,
        48,
        279,
        67,
        189,
        227,
        95,
        180,
        148,
        96,
        247,
        40,
        250,
        240,
        9,
        81,
        122,
        42,
        237,
        216,
        221,
        201,
        87,
        176,
        261,
        289,
        35,
        186,
        293,
        267,
        99,
        191,
        295,
        236,
        131,
        234,
        133,
        230,
        103,
        159,
        274,
        8,
        160,
        258,
        174,
        97,
        21,
        169,
        43,
        34,
        241,
        283,
        229,
        195,
        106,
        71,
        6,
        55,
        79,
        52,
        32,
        254,
        134,
        98,
        111,
        30,
        220,
        145,
        62,
        126,
        152,
        155,
        284,
        136,
        124,
        259,
        120,
        140,
        107,
        173,
        38,
        178,
        232,
        105,
        54,
        243,
        192,
        228,
        179,
        175,
        91,
        94,
        222,
        281,
        28,
        253,
        223,
        7,
        184,
        112,
        64,
        238,
        209,
        278,
        115,
        182,
        256,
        51,
        29,
        27,
        84,
        116,
        156,
        45,
        11,
        219,
        200,
        68,
        1,
        252,
        286,
        251,
        257,
        196,
        104,
        33,
        265,
        72,
        59,
        217,
        78,
        166,
        50,
        218,
        37,
        233,
        25,
        206,
        75,
        58,
        93,
        102,
        194,
        19,
        66,
        246,
        149,
        263,
        151,
        262,
        210,
        70,
        269,
        199
    ],
    "Nb of functions evaluations": 50010,
    "Computational time in seconds": 143.18919348716736,
    "Stopping criterion in evaluations": 50000
}