27° run output:
{
    "Function": "euclidB500.tsp",
    "Problem dimension": [
        12,
        262,
        335,
        338,
        170,
        363,
        447,
        282,
        261,
        1,
        423,
        348,
        302,
        404,
        19,
        233,
        269,
        145,
        310,
        197,
        72,
        96,
        391,
        114,
        278,
        388,
        60,
        324,
        360,
        209,
        59,
        453,
        359,
        22,
        142,
        409,
        342,
        489,
        444,
        323,
        298,
        458,
        210,
        77,
        295,
        93,
        376,
        240,
        29,
        316,
        198,
        469,
        270,
        429,
        256,
        470,
        166,
        152,
        494,
        297,
        389,
        465,
        478,
        105,
        91,
        194,
        28,
        99,
        358,
        232,
        451,
        422,
        90,
        403,
        318,
        345,
        24,
        356,
        466,
        110,
        180,
        106,
        267,
        0,
        122,
        172,
        412,
        320,
        288,
        438,
        304,
        475,
        34,
        116,
        272,
        452,
        260,
        490,
        378,
        420,
        111,
        128,
        199,
        124,
        87,
        460,
        80,
        159,
        161,
        290,
        368,
        41,
        157,
        173,
        430,
        312,
        38,
        66,
        239,
        241,
        148,
        285,
        381,
        365,
        18,
        481,
        325,
        331,
        315,
        212,
        415,
        39,
        480,
        309,
        3,
        265,
        119,
        146,
        419,
        196,
        8,
        225,
        135,
        201,
        132,
        88,
        2,
        82,
        418,
        120,
        235,
        474,
        167,
        280,
        370,
        53,
        317,
        488,
        463,
        308,
        398,
        495,
        117,
        464,
        174,
        351,
        229,
        151,
        425,
        189,
        33,
        147,
        287,
        203,
        242,
        211,
        219,
        334,
        455,
        346,
        305,
        292,
        416,
        213,
        411,
        344,
        448,
        187,
        296,
        63,
        126,
        299,
        349,
        301,
        436,
        340,
        243,
        252,
        307,
        234,
        65,
        498,
        361,
        385,
        326,
        202,
        393,
        462,
        165,
        247,
        369,
        102,
        69,
        131,
        274,
        237,
        484,
        98,
        347,
        397,
        482,
        121,
        68,
        97,
        406,
        408,
        67,
        387,
        250,
        294,
        192,
        109,
        158,
        55,
        236,
        11,
        76,
        461,
        486,
        44,
        268,
        426,
        218,
        263,
        89,
        477,
        20,
        70,
        255,
        21,
        437,
        375,
        27,
        353,
        306,
        156,
        190,
        52,
        428,
        377,
        321,
        341,
        179,
        134,
        183,
        487,
        48,
        171,
        384,
        493,
        414,
        457,
        215,
        251,
        402,
        107,
        75,
        433,
        450,
        336,
        160,
        139,
        330,
        150,
        6,
        35,
        289,
        31,
        54,
        432,
        258,
        191,
        322,
        386,
        275,
        43,
        413,
        459,
        485,
        311,
        227,
        468,
        200,
        133,
        350,
        374,
        205,
        185,
        410,
        112,
        175,
        440,
        50,
        32,
        364,
        46,
        143,
        283,
        226,
        74,
        424,
        79,
        42,
        291,
        130,
        204,
        141,
        279,
        86,
        417,
        61,
        136,
        276,
        216,
        421,
        382,
        266,
        293,
        186,
        479,
        149,
        108,
        273,
        193,
        137,
        94,
        395,
        9,
        169,
        49,
        371,
        467,
        78,
        100,
        58,
        73,
        7,
        396,
        64,
        95,
        83,
        303,
        337,
        206,
        230,
        499,
        472,
        40,
        184,
        284,
        231,
        253,
        399,
        401,
        113,
        207,
        286,
        434,
        380,
        178,
        81,
        367,
        195,
        332,
        162,
        456,
        352,
        407,
        4,
        223,
        333,
        442,
        245,
        372,
        238,
        222,
        153,
        314,
        441,
        140,
        248,
        221,
        383,
        439,
        154,
        471,
        220,
        394,
        62,
        155,
        405,
        259,
        15,
        339,
        449,
        103,
        476,
        366,
        328,
        217,
        329,
        36,
        176,
        208,
        497,
        246,
        92,
        277,
        104,
        327,
        354,
        281,
        188,
        13,
        400,
        57,
        228,
        445,
        390,
        84,
        492,
        123,
        264,
        127,
        357,
        16,
        431,
        10,
        163,
        214,
        51,
        30,
        182,
        56,
        224,
        125,
        362,
        473,
        118,
        5,
        14,
        25,
        343,
        47,
        379,
        164,
        300,
        427,
        355,
        454,
        443,
        257,
        45,
        249,
        435,
        129,
        144,
        177,
        496,
        168,
        17,
        181,
        85,
        446,
        254,
        483,
        23,
        115,
        71,
        26,
        392,
        373,
        37,
        271,
        244,
        319,
        101,
        491,
        138,
        313
    ],
    "Global Optimum": 0,
    "Algorithm": "Genetic algorithm",
    "Parameters": {
        "population": 30,
        "offspring": 30,
        "mutation probability": 0.002,
        "crossover probability": 0.9
    },
    "Fitness": 678564,
    "Solution": [
        12,
        262,
        335,
        338,
        170,
        363,
        447,
        282,
        261,
        1,
        423,
        348,
        302,
        404,
        19,
        233,
        269,
        145,
        310,
        197,
        72,
        96,
        391,
        114,
        278,
        388,
        60,
        324,
        360,
        209,
        59,
        453,
        359,
        22,
        142,
        409,
        342,
        489,
        444,
        323,
        298,
        458,
        210,
        77,
        295,
        93,
        376,
        240,
        29,
        316,
        198,
        469,
        270,
        429,
        256,
        470,
        166,
        152,
        494,
        297,
        389,
        465,
        478,
        105,
        91,
        194,
        28,
        99,
        358,
        232,
        451,
        422,
        90,
        403,
        318,
        345,
        24,
        356,
        466,
        110,
        180,
        106,
        267,
        0,
        122,
        172,
        412,
        320,
        288,
        438,
        304,
        475,
        34,
        116,
        272,
        452,
        260,
        490,
        378,
        420,
        111,
        128,
        199,
        124,
        87,
        460,
        80,
        159,
        161,
        290,
        368,
        41,
        157,
        173,
        430,
        312,
        38,
        66,
        239,
        241,
        148,
        285,
        381,
        365,
        18,
        481,
        325,
        331,
        315,
        212,
        415,
        39,
        480,
        309,
        3,
        265,
        119,
        146,
        419,
        196,
        8,
        225,
        135,
        201,
        132,
        88,
        2,
        82,
        418,
        120,
        235,
        474,
        167,
        280,
        370,
        53,
        317,
        488,
        463,
        308,
        398,
        495,
        117,
        464,
        174,
        351,
        229,
        151,
        425,
        189,
        33,
        147,
        287,
        203,
        242,
        211,
        219,
        334,
        455,
        346,
        305,
        292,
        416,
        213,
        411,
        344,
        448,
        187,
        296,
        63,
        126,
        299,
        349,
        301,
        436,
        340,
        243,
        252,
        307,
        234,
        65,
        498,
        361,
        385,
        326,
        202,
        393,
        462,
        165,
        247,
        369,
        102,
        69,
        131,
        274,
        237,
        484,
        98,
        347,
        397,
        482,
        121,
        68,
        97,
        406,
        408,
        67,
        387,
        250,
        294,
        192,
        109,
        158,
        55,
        236,
        11,
        76,
        461,
        486,
        44,
        268,
        426,
        218,
        263,
        89,
        477,
        20,
        70,
        255,
        21,
        437,
        375,
        27,
        353,
        306,
        156,
        190,
        52,
        428,
        377,
        321,
        341,
        179,
        134,
        183,
        487,
        48,
        171,
        384,
        493,
        414,
        457,
        215,
        251,
        402,
        107,
        75,
        433,
        450,
        336,
        160,
        139,
        330,
        150,
        6,
        35,
        289,
        31,
        54,
        432,
        258,
        191,
        322,
        386,
        275,
        43,
        413,
        459,
        485,
        311,
        227,
        468,
        200,
        133,
        350,
        374,
        205,
        185,
        410,
        112,
        175,
        440,
        50,
        32,
        364,
        46,
        143,
        283,
        226,
        74,
        424,
        79,
        42,
        291,
        130,
        204,
        141,
        279,
        86,
        417,
        61,
        136,
        276,
        216,
        421,
        382,
        266,
        293,
        186,
        479,
        149,
        108,
        273,
        193,
        137,
        94,
        395,
        9,
        169,
        49,
        371,
        467,
        78,
        100,
        58,
        73,
        7,
        396,
        64,
        95,
        83,
        303,
        337,
        206,
        230,
        499,
        472,
        40,
        184,
        284,
        231,
        253,
        399,
        401,
        113,
        207,
        286,
        434,
        380,
        178,
        81,
        367,
        195,
        332,
        162,
        456,
        352,
        407,
        4,
        223,
        333,
        442,
        245,
        372,
        238,
        222,
        153,
        314,
        441,
        140,
        248,
        221,
        383,
        439,
        154,
        471,
        220,
        394,
        62,
        155,
        405,
        259,
        15,
        339,
        449,
        103,
        476,
        366,
        328,
        217,
        329,
        36,
        176,
        208,
        497,
        246,
        92,
        277,
        104,
        327,
        354,
        281,
        188,
        13,
        400,
        57,
        228,
        445,
        390,
        84,
        492,
        123,
        264,
        127,
        357,
        16,
        431,
        10,
        163,
        214,
        51,
        30,
        182,
        56,
        224,
        125,
        362,
        473,
        118,
        5,
        14,
        25,
        343,
        47,
        379,
        164,
        300,
        427,
        355,
        454,
        443,
        257,
        45,
        249,
        435,
        129,
        144,
        177,
        496,
        168,
        17,
        181,
        85,
        446,
        254,
        483,
        23,
        115,
        71,
        26,
        392,
        373,
        37,
        271,
        244,
        319,
        101,
        491,
        138,
        313
    ],
    "Nb of functions evaluations": 50010,
    "Computational time in seconds": 368.3784832954407,
    "Stopping criterion in evaluations": 50000
}