27° run output:
{
    "Function": "kroA150.tsp",
    "Problem dimension": [
        9,
        90,
        109,
        24,
        67,
        116,
        27,
        147,
        79,
        30,
        39,
        139,
        95,
        106,
        36,
        125,
        49,
        141,
        104,
        124,
        68,
        132,
        17,
        136,
        105,
        21,
        87,
        23,
        93,
        22,
        19,
        82,
        54,
        148,
        76,
        112,
        74,
        96,
        118,
        15,
        69,
        64,
        128,
        25,
        142,
        138,
        94,
        145,
        102,
        113,
        143,
        63,
        66,
        55,
        65,
        7,
        121,
        72,
        43,
        81,
        1,
        11,
        85,
        119,
        149,
        108,
        31,
        140,
        58,
        35,
        111,
        131,
        114,
        127,
        32,
        12,
        75,
        146,
        84,
        45,
        2,
        135,
        51,
        77,
        70,
        42,
        122,
        37,
        101,
        18,
        117,
        123,
        3,
        89,
        98,
        71,
        40,
        4,
        47,
        99,
        13,
        115,
        86,
        144,
        46,
        73,
        97,
        10,
        16,
        6,
        38,
        100,
        120,
        29,
        44,
        14,
        126,
        20,
        48,
        91,
        0,
        129,
        130,
        92,
        8,
        56,
        34,
        33,
        28,
        134,
        26,
        59,
        61,
        83,
        41,
        88,
        137,
        53,
        60,
        107,
        57,
        80,
        50,
        62,
        5,
        52,
        133,
        103,
        110,
        78
    ],
    "Global Optimum": 0,
    "Algorithm": "Genetic algorithm",
    "Parameters": {
        "population": 30,
        "offspring": 30,
        "mutation probability": 0.006666666666666667,
        "crossover probability": 0.9
    },
    "Fitness": 98241,
    "Solution": [
        9,
        90,
        109,
        24,
        67,
        116,
        27,
        147,
        79,
        30,
        39,
        139,
        95,
        106,
        36,
        125,
        49,
        141,
        104,
        124,
        68,
        132,
        17,
        136,
        105,
        21,
        87,
        23,
        93,
        22,
        19,
        82,
        54,
        148,
        76,
        112,
        74,
        96,
        118,
        15,
        69,
        64,
        128,
        25,
        142,
        138,
        94,
        145,
        102,
        113,
        143,
        63,
        66,
        55,
        65,
        7,
        121,
        72,
        43,
        81,
        1,
        11,
        85,
        119,
        149,
        108,
        31,
        140,
        58,
        35,
        111,
        131,
        114,
        127,
        32,
        12,
        75,
        146,
        84,
        45,
        2,
        135,
        51,
        77,
        70,
        42,
        122,
        37,
        101,
        18,
        117,
        123,
        3,
        89,
        98,
        71,
        40,
        4,
        47,
        99,
        13,
        115,
        86,
        144,
        46,
        73,
        97,
        10,
        16,
        6,
        38,
        100,
        120,
        29,
        44,
        14,
        126,
        20,
        48,
        91,
        0,
        129,
        130,
        92,
        8,
        56,
        34,
        33,
        28,
        134,
        26,
        59,
        61,
        83,
        41,
        88,
        137,
        53,
        60,
        107,
        57,
        80,
        50,
        62,
        5,
        52,
        133,
        103,
        110,
        78
    ],
    "Nb of functions evaluations": 400020,
    "Computational time in seconds": 202.71937370300293,
    "Stopping criterion in evaluations": 400000
}