19° run output:
{
    "Function": "kroA150.tsp",
    "Problem dimension": [
        75,
        38,
        90,
        57,
        104,
        141,
        137,
        94,
        146,
        77,
        84,
        29,
        120,
        111,
        116,
        11,
        19,
        149,
        26,
        148,
        28,
        45,
        59,
        22,
        78,
        15,
        69,
        48,
        108,
        27,
        74,
        129,
        61,
        86,
        10,
        20,
        92,
        130,
        64,
        55,
        30,
        66,
        124,
        32,
        125,
        81,
        115,
        49,
        67,
        60,
        63,
        5,
        136,
        37,
        87,
        21,
        93,
        110,
        23,
        117,
        79,
        138,
        72,
        12,
        102,
        99,
        70,
        114,
        119,
        131,
        42,
        122,
        34,
        85,
        6,
        8,
        76,
        109,
        50,
        144,
        134,
        54,
        126,
        101,
        103,
        107,
        95,
        51,
        13,
        47,
        2,
        82,
        46,
        112,
        133,
        52,
        105,
        9,
        71,
        73,
        17,
        89,
        62,
        0,
        88,
        132,
        7,
        96,
        18,
        91,
        121,
        118,
        3,
        65,
        35,
        98,
        106,
        40,
        127,
        135,
        56,
        44,
        31,
        14,
        16,
        58,
        140,
        83,
        97,
        139,
        80,
        147,
        142,
        128,
        25,
        123,
        41,
        1,
        143,
        53,
        39,
        113,
        4,
        36,
        43,
        68,
        24,
        100,
        33,
        145
    ],
    "Global Optimum": 0,
    "Algorithm": "Genetic algorithm",
    "Parameters": {
        "population": 30,
        "offspring": 30,
        "mutation probability": 0.006666666666666667,
        "crossover probability": 0.9
    },
    "Fitness": 95206,
    "Solution": [
        75,
        38,
        90,
        57,
        104,
        141,
        137,
        94,
        146,
        77,
        84,
        29,
        120,
        111,
        116,
        11,
        19,
        149,
        26,
        148,
        28,
        45,
        59,
        22,
        78,
        15,
        69,
        48,
        108,
        27,
        74,
        129,
        61,
        86,
        10,
        20,
        92,
        130,
        64,
        55,
        30,
        66,
        124,
        32,
        125,
        81,
        115,
        49,
        67,
        60,
        63,
        5,
        136,
        37,
        87,
        21,
        93,
        110,
        23,
        117,
        79,
        138,
        72,
        12,
        102,
        99,
        70,
        114,
        119,
        131,
        42,
        122,
        34,
        85,
        6,
        8,
        76,
        109,
        50,
        144,
        134,
        54,
        126,
        101,
        103,
        107,
        95,
        51,
        13,
        47,
        2,
        82,
        46,
        112,
        133,
        52,
        105,
        9,
        71,
        73,
        17,
        89,
        62,
        0,
        88,
        132,
        7,
        96,
        18,
        91,
        121,
        118,
        3,
        65,
        35,
        98,
        106,
        40,
        127,
        135,
        56,
        44,
        31,
        14,
        16,
        58,
        140,
        83,
        97,
        139,
        80,
        147,
        142,
        128,
        25,
        123,
        41,
        1,
        143,
        53,
        39,
        113,
        4,
        36,
        43,
        68,
        24,
        100,
        33,
        145
    ],
    "Nb of functions evaluations": 400020,
    "Computational time in seconds": 202.22802925109863,
    "Stopping criterion in evaluations": 400000
}