11° run output:
{
    "Function": "kroA150.tsp",
    "Problem dimension": [
        105,
        89,
        27,
        92,
        98,
        126,
        140,
        78,
        136,
        65,
        52,
        129,
        107,
        141,
        104,
        137,
        85,
        61,
        50,
        72,
        38,
        36,
        77,
        111,
        100,
        120,
        106,
        145,
        75,
        12,
        4,
        113,
        80,
        121,
        55,
        123,
        25,
        128,
        88,
        115,
        146,
        67,
        134,
        34,
        149,
        59,
        108,
        5,
        21,
        69,
        9,
        37,
        103,
        35,
        118,
        79,
        147,
        57,
        130,
        76,
        8,
        122,
        127,
        26,
        97,
        22,
        44,
        90,
        16,
        14,
        23,
        110,
        17,
        96,
        3,
        74,
        132,
        2,
        45,
        139,
        86,
        56,
        116,
        54,
        47,
        99,
        70,
        40,
        42,
        33,
        148,
        82,
        28,
        135,
        13,
        63,
        39,
        124,
        109,
        20,
        10,
        133,
        7,
        60,
        66,
        84,
        143,
        49,
        125,
        94,
        30,
        142,
        117,
        64,
        138,
        41,
        68,
        24,
        119,
        29,
        131,
        6,
        19,
        51,
        95,
        32,
        102,
        81,
        91,
        101,
        58,
        73,
        31,
        11,
        114,
        0,
        62,
        83,
        71,
        48,
        87,
        15,
        93,
        112,
        46,
        144,
        43,
        1,
        53,
        18
    ],
    "Global Optimum": 0,
    "Algorithm": "Genetic algorithm",
    "Parameters": {
        "population": 30,
        "offspring": 30,
        "mutation probability": 0.006666666666666667,
        "crossover probability": 0.9
    },
    "Fitness": 96229,
    "Solution": [
        105,
        89,
        27,
        92,
        98,
        126,
        140,
        78,
        136,
        65,
        52,
        129,
        107,
        141,
        104,
        137,
        85,
        61,
        50,
        72,
        38,
        36,
        77,
        111,
        100,
        120,
        106,
        145,
        75,
        12,
        4,
        113,
        80,
        121,
        55,
        123,
        25,
        128,
        88,
        115,
        146,
        67,
        134,
        34,
        149,
        59,
        108,
        5,
        21,
        69,
        9,
        37,
        103,
        35,
        118,
        79,
        147,
        57,
        130,
        76,
        8,
        122,
        127,
        26,
        97,
        22,
        44,
        90,
        16,
        14,
        23,
        110,
        17,
        96,
        3,
        74,
        132,
        2,
        45,
        139,
        86,
        56,
        116,
        54,
        47,
        99,
        70,
        40,
        42,
        33,
        148,
        82,
        28,
        135,
        13,
        63,
        39,
        124,
        109,
        20,
        10,
        133,
        7,
        60,
        66,
        84,
        143,
        49,
        125,
        94,
        30,
        142,
        117,
        64,
        138,
        41,
        68,
        24,
        119,
        29,
        131,
        6,
        19,
        51,
        95,
        32,
        102,
        81,
        91,
        101,
        58,
        73,
        31,
        11,
        114,
        0,
        62,
        83,
        71,
        48,
        87,
        15,
        93,
        112,
        46,
        144,
        43,
        1,
        53,
        18
    ],
    "Nb of functions evaluations": 400020,
    "Computational time in seconds": 200.0410397052765,
    "Stopping criterion in evaluations": 400000
}