21° run output:
{
    "Function": "kroA150.tsp",
    "Problem dimension": [
        143,
        68,
        131,
        29,
        120,
        122,
        42,
        82,
        134,
        31,
        17,
        23,
        37,
        83,
        89,
        76,
        8,
        139,
        80,
        107,
        57,
        60,
        104,
        66,
        63,
        39,
        137,
        88,
        138,
        7,
        121,
        79,
        132,
        34,
        56,
        6,
        54,
        119,
        19,
        149,
        26,
        86,
        130,
        92,
        27,
        0,
        147,
        72,
        28,
        2,
        13,
        99,
        40,
        70,
        114,
        11,
        116,
        62,
        91,
        55,
        30,
        96,
        74,
        142,
        118,
        65,
        48,
        46,
        124,
        4,
        102,
        113,
        5,
        112,
        9,
        93,
        78,
        64,
        133,
        50,
        146,
        67,
        84,
        14,
        16,
        140,
        98,
        87,
        15,
        105,
        109,
        144,
        141,
        41,
        117,
        25,
        128,
        1,
        49,
        100,
        38,
        36,
        12,
        32,
        77,
        51,
        148,
        59,
        44,
        90,
        108,
        3,
        123,
        69,
        21,
        73,
        10,
        85,
        24,
        43,
        81,
        61,
        22,
        97,
        127,
        135,
        45,
        129,
        18,
        52,
        136,
        58,
        35,
        103,
        101,
        110,
        20,
        71,
        126,
        33,
        111,
        106,
        95,
        47,
        145,
        75,
        94,
        125,
        115,
        53
    ],
    "Global Optimum": 0,
    "Algorithm": "Genetic algorithm",
    "Parameters": {
        "population": 30,
        "offspring": 30,
        "mutation probability": 0.006666666666666667,
        "crossover probability": 0.9
    },
    "Fitness": 92379,
    "Solution": [
        143,
        68,
        131,
        29,
        120,
        122,
        42,
        82,
        134,
        31,
        17,
        23,
        37,
        83,
        89,
        76,
        8,
        139,
        80,
        107,
        57,
        60,
        104,
        66,
        63,
        39,
        137,
        88,
        138,
        7,
        121,
        79,
        132,
        34,
        56,
        6,
        54,
        119,
        19,
        149,
        26,
        86,
        130,
        92,
        27,
        0,
        147,
        72,
        28,
        2,
        13,
        99,
        40,
        70,
        114,
        11,
        116,
        62,
        91,
        55,
        30,
        96,
        74,
        142,
        118,
        65,
        48,
        46,
        124,
        4,
        102,
        113,
        5,
        112,
        9,
        93,
        78,
        64,
        133,
        50,
        146,
        67,
        84,
        14,
        16,
        140,
        98,
        87,
        15,
        105,
        109,
        144,
        141,
        41,
        117,
        25,
        128,
        1,
        49,
        100,
        38,
        36,
        12,
        32,
        77,
        51,
        148,
        59,
        44,
        90,
        108,
        3,
        123,
        69,
        21,
        73,
        10,
        85,
        24,
        43,
        81,
        61,
        22,
        97,
        127,
        135,
        45,
        129,
        18,
        52,
        136,
        58,
        35,
        103,
        101,
        110,
        20,
        71,
        126,
        33,
        111,
        106,
        95,
        47,
        145,
        75,
        94,
        125,
        115,
        53
    ],
    "Nb of functions evaluations": 400020,
    "Computational time in seconds": 201.27758646011353,
    "Stopping criterion in evaluations": 400000
}