26° run output:
{
    "Function": "kroB100.tsp",
    "Problem dimension": [
        77,
        40,
        43,
        91,
        54,
        64,
        39,
        38,
        67,
        82,
        5,
        46,
        80,
        25,
        19,
        45,
        24,
        85,
        79,
        53,
        23,
        47,
        81,
        32,
        1,
        12,
        16,
        35,
        76,
        15,
        41,
        75,
        27,
        90,
        98,
        0,
        89,
        97,
        11,
        8,
        26,
        20,
        84,
        69,
        99,
        55,
        48,
        61,
        37,
        51,
        49,
        13,
        63,
        10,
        72,
        66,
        4,
        92,
        28,
        2,
        94,
        58,
        14,
        50,
        30,
        62,
        3,
        60,
        33,
        52,
        9,
        70,
        34,
        93,
        56,
        73,
        59,
        71,
        29,
        74,
        68,
        78,
        36,
        87,
        22,
        21,
        42,
        65,
        86,
        83,
        88,
        17,
        44,
        18,
        95,
        57,
        6,
        31,
        96,
        7
    ],
    "Global Optimum": 0,
    "Algorithm": "Genetic algorithm",
    "Parameters": {
        "population": 30,
        "offspring": 30,
        "mutation probability": 0.01,
        "crossover probability": 0.9
    },
    "Fitness": 68410,
    "Solution": [
        77,
        40,
        43,
        91,
        54,
        64,
        39,
        38,
        67,
        82,
        5,
        46,
        80,
        25,
        19,
        45,
        24,
        85,
        79,
        53,
        23,
        47,
        81,
        32,
        1,
        12,
        16,
        35,
        76,
        15,
        41,
        75,
        27,
        90,
        98,
        0,
        89,
        97,
        11,
        8,
        26,
        20,
        84,
        69,
        99,
        55,
        48,
        61,
        37,
        51,
        49,
        13,
        63,
        10,
        72,
        66,
        4,
        92,
        28,
        2,
        94,
        58,
        14,
        50,
        30,
        62,
        3,
        60,
        33,
        52,
        9,
        70,
        34,
        93,
        56,
        73,
        59,
        71,
        29,
        74,
        68,
        78,
        36,
        87,
        22,
        21,
        42,
        65,
        86,
        83,
        88,
        17,
        44,
        18,
        95,
        57,
        6,
        31,
        96,
        7
    ],
    "Nb of functions evaluations": 200010,
    "Computational time in seconds": 55.73558187484741,
    "Stopping criterion in evaluations": 200000
}